Wavelength	TC7.015
350	 0.19865095615387 
351	 0.190681174397469 
352	 0.18521685898304 
353	 0.181709602475166 
354	 0.175023898482323 
355	 0.165770426392555 
356	 0.158245995640755 
357	 0.154053553938866 
358	 0.142805054783821 
359	 0.137165129184723 
360	 0.138169378042221 
361	 0.139965802431107 
362	 0.138244554400444 
363	 0.128560915589333 
364	 0.115593530237675 
365	 0.115186750888824 
366	 0.119121715426445 
367	 0.116672895848751 
368	 0.10495039075613 
369	 0.106690183281898 
370	 0.104318864643574 
371	 0.100013814866543 
372	 0.104597941040993 
373	 0.102870188653469 
374	 9.94295105338097E-02 
375	 9.80734601616859E-02 
376	 9.85800921916962E-02 
377	 9.60560292005539E-02 
378	 9.08171162009239E-02 
379	 8.54125693440437E-02 
380	 8.46501886844635E-02 
381	 8.52143317461014E-02 
382	 0.083848774433136 
383	 7.85983875393867E-02 
384	 7.65954926609993E-02 
385	 7.91731402277946E-02 
386	 8.20880457758904E-02 
387	 7.40232095122337E-02 
388	 7.27111026644707E-02 
389	 7.47038498520851E-02 
390	 7.28792101144791E-02 
391	 6.83328807353973E-02 
392	 6.62944763898849E-02 
393	 0.066292978823185 
394	 6.44226223230362E-02 
395	 6.23544007539749E-02 
396	 0.061407096683979 
397	 6.15183636546135E-02 
398	 6.05843663215637E-02 
399	 5.87794743478298E-02 
400	 0.056848831474781 
401	 5.56088797748089E-02 
402	 5.52904605865479E-02 
403	 0.055432353168726 
404	 5.48718832433224E-02 
405	 5.23056723177433E-02 
406	 5.07892221212387E-02 
407	 4.95057441294193E-02 
408	 4.80954647064209E-02 
409	 4.83736097812653E-02 
410	 4.75414209067822E-02 
411	 4.66065369546413E-02 
412	 0.047015119343996 
413	 4.60752695798874E-02 
414	 4.41760718822479E-02 
415	 4.27073836326599E-02 
416	 4.35491427779198E-02 
417	 4.33373041450977E-02 
418	 4.25215736031532E-02 
419	 4.18670624494553E-02 
420	 4.11845371127129E-02 
421	 4.05241772532463E-02 
422	 4.03776802122593E-02 
423	 4.10382188856602E-02 
424	 0.040539812296629 
425	 3.99305485188961E-02 
426	 3.96782904863358E-02 
427	 3.93365286290646E-02 
428	 3.92147786915302E-02 
429	 3.90508957207203E-02 
430	 3.84619534015656E-02 
431	 3.67932021617889E-02 
432	 3.67761105298996E-02 
433	 0.037716768682003 
434	 3.72689068317413E-02 
435	 3.69068942964077E-02 
436	 3.67503762245178E-02 
437	 0.036774467676878 
438	 3.69913205504417E-02 
439	 3.69012877345085E-02 
440	 3.65886390209198E-02 
441	 3.63177806138992E-02 
442	 3.62786166369915E-02 
443	 0.036220021545887 
444	 3.61242033541203E-02 
445	 3.61498445272446E-02 
446	 3.60859557986259E-02 
447	 0.035795334726572 
448	 0.035390917211771 
449	 0.035539124161005 
450	 3.53765711188316E-02 
451	 3.51090766489506E-02 
452	 3.51813733577728E-02 
453	 3.47889624536037E-02 
454	 3.48120406270027E-02 
455	 3.51004637777805E-02 
456	 3.43186892569065E-02 
457	 3.42151634395123E-02 
458	 3.42517755925655E-02 
459	 3.38804721832275E-02 
460	 3.41260693967342E-02 
461	 3.39949876070023E-02 
462	 3.35255041718483E-02 
463	 3.32972556352615E-02 
464	 3.31700369715691E-02 
465	 3.30638736486435E-02 
466	 3.29409204423428E-02 
467	 3.28370332717896E-02 
468	 3.24387848377228E-02 
469	 3.20299006998539E-02 
470	 3.19757610559464E-02 
471	 3.22775170207024E-02 
472	 3.21531109511852E-02 
473	 3.16918194293976E-02 
474	 3.16395089030266E-02 
475	 3.14692482352257E-02 
476	 0.031038349494338 
477	 3.05149052292109E-02 
478	 3.06563545018435E-02 
479	 0.03057493083179 
480	 0.030306488275528 
481	 3.01873553544283E-02 
482	 2.99831088632345E-02 
483	 2.98679191619158E-02 
484	 0.029851321130991 
485	 2.97320820391178E-02 
486	 2.95914988964796E-02 
487	 2.93363481760025E-02 
488	 2.89772432297468E-02 
489	 2.89463456720114E-02 
490	 2.89355088025332E-02 
491	 2.88608185946941E-02 
492	 2.87802275270224E-02 
493	 2.87702158093452E-02 
494	 2.85411514341831E-02 
495	 2.81266551464796E-02 
496	 2.81671602278948E-02 
497	 2.80477441847324E-02 
498	 2.79129948467016E-02 
499	 2.80027166008949E-02 
500	 2.79111601412296E-02 
501	 2.76618469506502E-02 
502	 2.73751635104418E-02 
503	 2.72308271378279E-02 
504	 2.72189751267433E-02 
505	 2.71768029779196E-02 
506	 2.70241592079401E-02 
507	 2.69492175430059E-02 
508	 2.68007796257734E-02 
509	 2.66768299043179E-02 
510	 2.67316717654467E-02 
511	 2.67198737710714E-02 
512	 2.66053453087807E-02 
513	 2.64440402388573E-02 
514	 2.63800118118525E-02 
515	 2.62907445430756E-02 
516	 2.61418260633945E-02 
517	 2.59738657623529E-02 
518	 0.026015916839242 
519	 2.59865522384644E-02 
520	 2.58767977356911E-02 
521	 2.58611831814051E-02 
522	 2.58566699922085E-02 
523	 2.57314890623093E-02 
524	 2.55028754472733E-02 
525	 0.025507228448987 
526	 2.53648906946182E-02 
527	 2.52176355570555E-02 
528	 2.52967067062855E-02 
529	 2.52465065568686E-02 
530	 2.51579973846674E-02 
531	 2.51027252525091E-02 
532	 2.50993799418211E-02 
533	 2.51201391220093E-02 
534	 2.51165069639683E-02 
535	 2.50633880496025E-02 
536	 2.50024199485779E-02 
537	 2.49909721314907E-02 
538	 0.024989290162921 
539	 2.49180272221565E-02 
540	 2.48733125627041E-02 
541	 2.48746853321791E-02 
542	 2.49055996537209E-02 
543	 2.49089691787958E-02 
544	 0.024921951815486 
545	 2.48719155788422E-02 
546	 2.47269738465548E-02 
547	 2.47759949415922E-02 
548	 2.48351078480482E-02 
549	 2.48324237763882E-02 
550	 2.48130150139332E-02 
551	 2.47488878667355E-02 
552	 2.47331596910954E-02 
553	 2.47966572642326E-02 
554	 2.47582495212555E-02 
555	 2.47100908309221E-02 
556	 2.47179083526134E-02 
557	 2.48121954500675E-02 
558	 2.48458683490753E-02 
559	 2.48827580362558E-02 
560	 2.49606836587191E-02 
561	 2.50551216304302E-02 
562	 2.50193458050489E-02 
563	 2.50289589166641E-02 
564	 2.52273865044117E-02 
565	 0.025294367223978 
566	 2.53309439867735E-02 
567	 0.025397090241313 
568	 2.55172289907932E-02 
569	 0.025736391544342 
570	 2.59311627596617E-02 
571	 0.026046073064208 
572	 2.62153428047895E-02 
573	 2.64652166515589E-02 
574	 2.67476364970207E-02 
575	 2.70078312605619E-02 
576	 2.73801926523447E-02 
577	 2.77325883507729E-02 
578	 2.80744191259146E-02 
579	 2.85867135971785E-02 
580	 2.90914867073298E-02 
581	 2.96679176390171E-02 
582	 3.03789842873812E-02 
583	 3.10351811349392E-02 
584	 3.18832956254482E-02 
585	 3.29164005815983E-02 
586	 0.033989891409874 
587	 3.51891554892063E-02 
588	 3.65752577781677E-02 
589	 3.81459668278694E-02 
590	 3.97979244589806E-02 
591	 4.16288077831268E-02 
592	 4.36542928218842E-02 
593	 4.58778962492943E-02 
594	 4.83393184840679E-02 
595	 5.10891638696194E-02 
596	 5.41489794850349E-02 
597	 0.057515911757946 
598	 6.12988993525505E-02 
599	 6.54676035046577E-02 
600	 7.00161531567574E-02 
601	 7.50450119376183E-02 
602	 8.04659649729729E-02 
603	 8.63234102725983E-02 
604	 9.26776975393295E-02 
605	 9.92880687117577E-02 
606	 0.10629516094923 
607	 0.113792754709721 
608	 0.121753223240376 
609	 0.130023956298828 
610	 0.138609752058983 
611	 0.147560983896255 
612	 0.156894132494926 
613	 0.166460648179054 
614	 0.176231250166893 
615	 0.1862723082304 
616	 0.196562558412552 
617	 0.207041501998901 
618	 0.2176244109869 
619	 0.228211462497711 
620	 0.238878890872002 
621	 0.249588027596474 
622	 0.260264307260513 
623	 0.270835995674133 
624	 0.281317830085754 
625	 0.291685074567795 
626	 0.301887631416321 
627	 0.311829388141632 
628	 0.321487188339233 
629	 0.330866366624832 
630	 0.340011358261108 
631	 0.34871369600296 
632	 0.357009917497635 
633	 0.36503791809082 
634	 0.372834146022797 
635	 0.380246341228485 
636	 0.387234508991241 
637	 0.393893212080002 
638	 0.40021488070488 
639	 0.406113773584366 
640	 0.411565721035004 
641	 0.416805028915405 
642	 0.421845346689224 
643	 0.426604717969894 
644	 0.430975139141083 
645	 0.435196101665497 
646	 0.439172178506851 
647	 0.44285461306572 
648	 0.446326941251755 
649	 0.449660032987595 
650	 0.452854156494141 
651	 0.455873966217041 
652	 0.458625435829163 
653	 0.461262732744217 
654	 0.463839590549469 
655	 0.466314017772675 
656	 0.468580961227417 
657	 0.470731288194656 
658	 0.472831755876541 
659	 0.474824011325836 
660	 0.476817548274994 
661	 0.478709727525711 
662	 0.480390518903732 
663	 0.482183963060379 
664	 0.483872890472412 
665	 0.485417991876602 
666	 0.486985862255096 
667	 0.488492101430893 
668	 0.489944577217102 
669	 0.491354495286942 
670	 0.492700129747391 
671	 0.494018822908401 
672	 0.495299130678177 
673	 0.496518850326538 
674	 0.497728824615479 
675	 0.498921900987625 
676	 0.500079452991486 
677	 0.501176834106445 
678	 0.50228077173233 
679	 0.503391921520233 
680	 0.504478812217712 
681	 0.505461394786835 
682	 0.506449460983276 
683	 0.507478415966034 
684	 0.508519768714905 
685	 0.509421765804291 
686	 0.510267853736877 
687	 0.511160910129547 
688	 0.512194216251373 
689	 0.513078153133392 
690	 0.513860881328583 
691	 0.514661908149719 
692	 0.515482604503632 
693	 0.516357481479645 
694	 0.517241299152374 
695	 0.518049895763397 
696	 0.518869459629059 
697	 0.519593477249146 
698	 0.520230770111084 
699	 0.521001756191254 
700	 0.5218106508255 
701	 0.522549510002136 
702	 0.523171186447144 
703	 0.523872017860413 
704	 0.524575233459473 
705	 0.525246620178223 
706	 0.525891304016113 
707	 0.526548981666565 
708	 0.527210474014282 
709	 0.527835309505463 
710	 0.528336524963379 
711	 0.52894651889801 
712	 0.529616832733154 
713	 0.530232191085815 
714	 0.530793905258179 
715	 0.531350255012512 
716	 0.531894624233246 
717	 0.532387137413025 
718	 0.532916486263275 
719	 0.533452451229095 
720	 0.533967435359955 
721	 0.534463346004486 
722	 0.535005331039429 
723	 0.535490036010742 
724	 0.535845935344696 
725	 0.536333024501801 
726	 0.536826193332672 
727	 0.537299811840057 
728	 0.53779673576355 
729	 0.538220822811127 
730	 0.538650572299957 
731	 0.539122223854065 
732	 0.539568305015564 
733	 0.539984822273254 
734	 0.540374338626862 
735	 0.540758013725281 
736	 0.541213691234589 
737	 0.541618764400482 
738	 0.541951417922974 
739	 0.54226678609848 
740	 0.542639672756195 
741	 0.54303765296936 
742	 0.543430745601654 
743	 0.543816983699799 
744	 0.544159889221191 
745	 0.544530272483826 
746	 0.544964551925659 
747	 0.545286893844604 
748	 0.545598983764648 
749	 0.545919299125671 
750	 0.546217978000641 
751	 0.546499669551849 
752	 0.546780109405518 
753	 0.547093749046326 
754	 0.547492921352386 
755	 0.547822058200836 
756	 0.54808783531189 
757	 0.548336744308472 
758	 0.548598825931549 
759	 0.548883855342865 
760	 0.549177289009094 
761	 0.54946231842041 
762	 0.549799025058746 
763	 0.55014842748642 
764	 0.550509929656982 
765	 0.550923228263855 
766	 0.55119377374649 
767	 0.551396548748016 
768	 0.551643490791321 
769	 0.552009344100952 
770	 0.552342414855957 
771	 0.55264276266098 
772	 0.552943348884583 
773	 0.553128600120544 
774	 0.553338348865509 
775	 0.553626775741577 
776	 0.553955435752869 
777	 0.554206609725952 
778	 0.554409980773926 
779	 0.554615795612335 
780	 0.554864466190338 
781	 0.555143654346466 
782	 0.555406332015991 
783	 0.555615842342377 
784	 0.555795967578888 
785	 0.556072473526001 
786	 0.556396186351776 
787	 0.556634247303009 
788	 0.556869864463806 
789	 0.557086229324341 
790	 0.557300388813019 
791	 0.557572841644287 
792	 0.557778596878052 
793	 0.557934403419495 
794	 0.558100759983063 
795	 0.558370769023895 
796	 0.558633506298065 
797	 0.558847188949585 
798	 0.559015870094299 
799	 0.559225261211395 
800	 0.559384226799011 
801	 0.559510052204132 
802	 0.559700191020966 
803	 0.559909343719482 
804	 0.560094058513641 
805	 0.560242712497711 
806	 0.560390710830688 
807	 0.560596227645874 
808	 0.560780763626099 
809	 0.560891211032867 
810	 0.561051607131958 
811	 0.561258435249329 
812	 0.561465501785278 
813	 0.561617970466614 
814	 0.561747610569 
815	 0.561893284320831 
816	 0.562081396579742 
817	 0.562313139438629 
818	 0.562463462352753 
819	 0.562557339668274 
820	 0.562639892101288 
821	 0.562743484973907 
822	 0.56288343667984 
823	 0.563040375709534 
824	 0.563188076019287 
825	 0.563322365283966 
826	 0.563387453556061 
827	 0.563452899456024 
828	 0.563616335391998 
829	 0.563774108886719 
830	 0.563914835453033 
831	 0.564047515392303 
832	 0.564193606376648 
833	 0.564349472522736 
834	 0.564543783664703 
835	 0.564752042293549 
836	 0.564867436885834 
837	 0.564992487430573 
838	 0.56511265039444 
839	 0.565194189548492 
840	 0.565221667289734 
841	 0.565336883068085 
842	 0.565507113933563 
843	 0.565646469593048 
844	 0.565815925598145 
845	 0.565963447093964 
846	 0.566074788570404 
847	 0.56616872549057 
848	 0.56624698638916 
849	 0.566357254981995 
850	 0.566497206687927 
851	 0.566600680351257 
852	 0.566737294197083 
853	 0.566855549812317 
854	 0.566924154758453 
855	 0.567007005214691 
856	 0.567042171955109 
857	 0.567104518413544 
858	 0.567252337932587 
859	 0.567330002784729 
860	 0.56741851568222 
861	 0.567516982555389 
862	 0.567588031291962 
863	 0.567656934261322 
864	 0.567718744277954 
865	 0.567779362201691 
866	 0.567851901054382 
867	 0.567897498607636 
868	 0.567997634410858 
869	 0.568134963512421 
870	 0.568146646022797 
871	 0.568199336528778 
872	 0.568237721920013 
873	 0.568233609199524 
874	 0.568327128887177 
875	 0.56840044260025 
876	 0.568376541137695 
877	 0.568282902240753 
878	 0.568448126316071 
879	 0.568600416183472 
880	 0.568672060966492 
881	 0.568701446056366 
882	 0.568670392036438 
883	 0.568677723407745 
884	 0.568784356117249 
885	 0.568979680538177 
886	 0.5690056681633 
887	 0.568979620933533 
888	 0.568981289863586 
889	 0.568992853164673 
890	 0.569050788879395 
891	 0.56910628080368 
892	 0.569110870361328 
893	 0.569047272205353 
894	 0.5689297914505 
895	 0.568837523460388 
896	 0.568827092647552 
897	 0.568859875202179 
898	 0.568940758705139 
899	 0.568966090679169 
900	 0.568859457969666 
901	 0.568768322467804 
902	 0.568703353404999 
903	 0.568659484386444 
904	 0.568622231483459 
905	 0.568579137325287 
906	 0.568628072738647 
907	 0.568698883056641 
908	 0.56861823797226 
909	 0.568423628807068 
910	 0.568255186080933 
911	 0.56814044713974 
912	 0.567997217178345 
913	 0.568002462387085 
914	 0.568042457103729 
915	 0.56804895401001 
916	 0.568076968193054 
917	 0.568070292472839 
918	 0.568068563938141 
919	 0.568060636520386 
920	 0.567907631397247 
921	 0.567950308322906 
922	 0.568062305450439 
923	 0.568074464797974 
924	 0.568034052848816 
925	 0.568146169185638 
926	 0.568284213542938 
927	 0.568295538425446 
928	 0.56832617521286 
929	 0.568552851676941 
930	 0.568809926509857 
931	 0.568903505802155 
932	 0.56920850276947 
933	 0.569487988948822 
934	 0.569675505161285 
935	 0.569837987422943 
936	 0.570130288600922 
937	 0.570486485958099 
938	 0.570805430412292 
939	 0.571003615856171 
940	 0.571185827255249 
941	 0.571411371231079 
942	 0.571696519851685 
943	 0.572009027004242 
944	 0.572231471538544 
945	 0.572468996047974 
946	 0.572715520858765 
947	 0.572841703891754 
948	 0.573003768920898 
949	 0.573162913322449 
950	 0.573291718959808 
951	 0.573414146900177 
952	 0.573549807071686 
953	 0.573657929897308 
954	 0.573704063892365 
955	 0.573688209056854 
956	 0.573827385902405 
957	 0.57395201921463 
958	 0.573929667472839 
959	 0.573842227458954 
960	 0.573859870433807 
961	 0.573923707008362 
962	 0.573957860469818 
963	 0.573981285095215 
964	 0.573872804641724 
965	 0.573792815208435 
966	 0.573823392391205 
967	 0.573702812194824 
968	 0.573679983615875 
969	 0.573655724525452 
970	 0.573526918888092 
971	 0.573442995548248 
972	 0.573216378688812 
973	 0.572953283786774 
974	 0.572788834571838 
975	 0.572675228118896 
976	 0.572558701038361 
977	 0.572360277175903 
978	 0.572089910507202 
979	 0.57203072309494 
980	 0.571864128112793 
981	 0.571762144565582 
982	 0.571823418140411 
983	 0.571330606937408 
984	 0.571344375610352 
985	 0.571557223796844 
986	 0.571431457996368 
987	 0.571418285369873 
988	 0.571389436721802 
989	 0.571464121341705 
990	 0.571715414524078 
991	 0.571796655654907 
992	 0.571881890296936 
993	 0.572089731693268 
994	 0.572453200817108 
995	 0.572823464870453 
996	 0.573069393634796 
997	 0.573154151439667 
998	 0.573149085044861 
999	 0.573285400867462 
1000	 0.57352489233017 
1001	 0.573938369750977 
1002	 0.574145555496216 
1003	 0.574260950088501 
1004	 0.574384987354279 
1005	 0.574505567550659 
1006	 0.574580907821655 
1007	 0.574588418006897 
1008	 0.574662625789642 
1009	 0.574730575084686 
1010	 0.574816167354584 
1011	 0.574949741363525 
1012	 0.575050890445709 
1013	 0.575127959251404 
1014	 0.575222611427307 
1015	 0.575313210487366 
1016	 0.575431644916534 
1017	 0.575552880764008 
1018	 0.575628757476807 
1019	 0.575710296630859 
1020	 0.575825333595276 
1021	 0.57591986656189 
1022	 0.576026141643524 
1023	 0.576114535331726 
1024	 0.576203107833862 
1025	 0.576248586177826 
1026	 0.576229751110077 
1027	 0.576275706291199 
1028	 0.57631903886795 
1029	 0.576396644115448 
1030	 0.576489210128784 
1031	 0.576570272445679 
1032	 0.57660311460495 
1033	 0.576594233512878 
1034	 0.576577007770538 
1035	 0.576608955860138 
1036	 0.576661109924316 
1037	 0.576758980751038 
1038	 0.576803207397461 
1039	 0.576841354370117 
1040	 0.576871991157532 
1041	 0.576842725276947 
1042	 0.576879739761353 
1043	 0.576936542987823 
1044	 0.577052116394043 
1045	 0.577171564102173 
1046	 0.577277779579163 
1047	 0.577389538288116 
1048	 0.577524483203888 
1049	 0.577659368515015 
1050	 0.577762722969055 
1051	 0.577899217605591 
1052	 0.578010439872742 
1053	 0.578119814395905 
1054	 0.578228652477264 
1055	 0.578369796276093 
1056	 0.578499376773834 
1057	 0.578665196895599 
1058	 0.578891515731812 
1059	 0.579052090644836 
1060	 0.579201698303223 
1061	 0.5793576836586 
1062	 0.579511821269989 
1063	 0.579700529575348 
1064	 0.579898118972778 
1065	 0.580052673816681 
1066	 0.580203413963318 
1067	 0.58038991689682 
1068	 0.580533742904663 
1069	 0.580657541751862 
1070	 0.58080792427063 
1071	 0.580957114696503 
1072	 0.581091284751892 
1073	 0.581258356571198 
1074	 0.581452310085297 
1075	 0.58159476518631 
1076	 0.581676423549652 
1077	 0.581786155700684 
1078	 0.581898510456085 
1079	 0.582009553909302 
1080	 0.582145273685455 
1081	 0.582254469394684 
1082	 0.582375288009644 
1083	 0.582525253295898 
1084	 0.582640528678894 
1085	 0.582744777202606 
1086	 0.582866787910461 
1087	 0.582989037036896 
1088	 0.583096027374268 
1089	 0.583209991455078 
1090	 0.583312749862671 
1091	 0.583377599716187 
1092	 0.583438038825989 
1093	 0.583506405353546 
1094	 0.583574771881104 
1095	 0.583638846874237 
1096	 0.583697497844696 
1097	 0.583760499954224 
1098	 0.583832859992981 
1099	 0.583906710147858 
1100	 0.583970606327057 
1101	 0.584022283554077 
1102	 0.584049820899963 
1103	 0.584080576896667 
1104	 0.584098935127258 
1105	 0.584134638309479 
1106	 0.584175825119019 
1107	 0.584227800369263 
1108	 0.584272503852844 
1109	 0.584290862083435 
1110	 0.584292888641357 
1111	 0.584284722805023 
1112	 0.584278345108032 
1113	 0.584268271923065 
1114	 0.584267795085907 
1115	 0.584255158901215 
1116	 0.584218502044678 
1117	 0.584185779094696 
1118	 0.584142565727234 
1119	 0.584081768989563 
1120	 0.584025323390961 
1121	 0.583978533744812 
1122	 0.583899021148682 
1123	 0.583809852600098 
1124	 0.583688914775848 
1125	 0.583547055721283 
1126	 0.58339524269104 
1127	 0.583201229572296 
1128	 0.582984507083893 
1129	 0.5827556848526 
1130	 0.582479298114777 
1131	 0.582190215587616 
1132	 0.581923723220825 
1133	 0.581603646278381 
1134	 0.581249833106995 
1135	 0.580880165100098 
1136	 0.580486953258514 
1137	 0.580058872699738 
1138	 0.579617500305176 
1139	 0.579130232334137 
1140	 0.578601658344269 
1141	 0.578057467937469 
1142	 0.577471613883972 
1143	 0.576905786991119 
1144	 0.576323270797729 
1145	 0.575667083263397 
1146	 0.575021505355835 
1147	 0.574312388896942 
1148	 0.573575079441071 
1149	 0.572901368141174 
1150	 0.572204649448395 
1151	 0.571532845497131 
1152	 0.57083535194397 
1153	 0.570132911205292 
1154	 0.56940883398056 
1155	 0.568664312362671 
1156	 0.56790965795517 
1157	 0.567155301570892 
1158	 0.566404521465302 
1159	 0.565645098686218 
1160	 0.564866185188293 
1161	 0.564102828502655 
1162	 0.563258588314056 
1163	 0.562421083450317 
1164	 0.561582505702972 
1165	 0.560738384723663 
1166	 0.559949934482574 
1167	 0.559142589569092 
1168	 0.558368325233459 
1169	 0.557595789432526 
1170	 0.556841790676117 
1171	 0.556060671806335 
1172	 0.555312752723694 
1173	 0.554477334022522 
1174	 0.553583025932312 
1175	 0.552712798118591 
1176	 0.551821410655975 
1177	 0.550904989242554 
1178	 0.550000250339508 
1179	 0.549032807350159 
1180	 0.548074126243591 
1181	 0.547064602375031 
1182	 0.546058237552643 
1183	 0.545128405094147 
1184	 0.544136226177216 
1185	 0.543184280395508 
1186	 0.542272090911865 
1187	 0.541375517845154 
1188	 0.540521323680878 
1189	 0.539708614349365 
1190	 0.538923919200897 
1191	 0.538169085979462 
1192	 0.537464618682861 
1193	 0.536790668964386 
1194	 0.536170363426209 
1195	 0.535599589347839 
1196	 0.535055994987488 
1197	 0.534548282623291 
1198	 0.534091591835022 
1199	 0.533648192882538 
1200	 0.533258140087128 
1201	 0.532895922660828 
1202	 0.532549560070038 
1203	 0.532272517681122 
1204	 0.53204745054245 
1205	 0.531898498535156 
1206	 0.531803369522095 
1207	 0.53182053565979 
1208	 0.531873226165771 
1209	 0.532109498977661 
1210	 0.53246533870697 
1211	 0.532951414585114 
1212	 0.533599078655243 
1213	 0.534335076808929 
1214	 0.535163044929504 
1215	 0.536145925521851 
1216	 0.537261486053467 
1217	 0.538475275039673 
1218	 0.539846479892731 
1219	 0.541292309761047 
1220	 0.542800545692444 
1221	 0.544494330883026 
1222	 0.546174705028534 
1223	 0.54790073633194 
1224	 0.549601793289185 
1225	 0.551336288452148 
1226	 0.552969813346863 
1227	 0.554609000682831 
1228	 0.556132793426514 
1229	 0.557598650455475 
1230	 0.558961689472198 
1231	 0.560243785381317 
1232	 0.561445355415344 
1233	 0.562519252300262 
1234	 0.563552737236023 
1235	 0.564510405063629 
1236	 0.565431356430054 
1237	 0.566299974918365 
1238	 0.567126333713531 
1239	 0.567902565002441 
1240	 0.568630158901215 
1241	 0.569356441497803 
1242	 0.569992065429688 
1243	 0.570623934268951 
1244	 0.571239709854126 
1245	 0.571800827980042 
1246	 0.572315216064453 
1247	 0.572806358337402 
1248	 0.573262810707092 
1249	 0.573684990406036 
1250	 0.574054718017578 
1251	 0.574433028697968 
1252	 0.574782848358154 
1253	 0.575132191181183 
1254	 0.575495958328247 
1255	 0.575823545455933 
1256	 0.576149702072144 
1257	 0.576418042182922 
1258	 0.576637387275696 
1259	 0.576843321323395 
1260	 0.57697993516922 
1261	 0.577142238616943 
1262	 0.577306270599365 
1263	 0.577476322650909 
1264	 0.577625334262848 
1265	 0.577766835689545 
1266	 0.577917635440826 
1267	 0.578057587146759 
1268	 0.578198492527008 
1269	 0.578348100185394 
1270	 0.57849645614624 
1271	 0.578635036945343 
1272	 0.57877904176712 
1273	 0.578927576541901 
1274	 0.579083979129791 
1275	 0.579235255718231 
1276	 0.579397916793823 
1277	 0.579574882984161 
1278	 0.57975572347641 
1279	 0.579939067363739 
1280	 0.58012866973877 
1281	 0.580341637134552 
1282	 0.580534696578979 
1283	 0.580709993839264 
1284	 0.58089816570282 
1285	 0.581087529659271 
1286	 0.581262767314911 
1287	 0.581470251083374 
1288	 0.581709027290344 
1289	 0.581912696361542 
1290	 0.582119703292847 
1291	 0.582307696342468 
1292	 0.582468330860138 
1293	 0.582641661167145 
1294	 0.582814633846283 
1295	 0.582984805107117 
1296	 0.583164095878601 
1297	 0.58331698179245 
1298	 0.583456158638 
1299	 0.583591103553772 
1300	 0.583716630935669 
1301	 0.583823978900909 
1302	 0.583924114704132 
1303	 0.584011316299438 
1304	 0.584074974060059 
1305	 0.5841343998909 
1306	 0.584194600582123 
1307	 0.584236443042755 
1308	 0.584257543087006 
1309	 0.584273159503937 
1310	 0.584295332431793 
1311	 0.584307134151459 
1312	 0.584331393241882 
1313	 0.584374487400055 
1314	 0.58438640832901 
1315	 0.584386944770813 
1316	 0.584387481212616 
1317	 0.584376275539398 
1318	 0.584360122680664 
1319	 0.584358870983124 
1320	 0.584316372871399 
1321	 0.58425360918045 
1322	 0.584171414375305 
1323	 0.584062695503235 
1324	 0.583942592144012 
1325	 0.583779871463776 
1326	 0.583653509616852 
1327	 0.583561658859253 
1328	 0.583416998386383 
1329	 0.583281874656677 
1330	 0.583108186721802 
1331	 0.582868158817291 
1332	 0.582635521888733 
1333	 0.582407236099243 
1334	 0.582157731056213 
1335	 0.581869602203369 
1336	 0.581559598445892 
1337	 0.581226944923401 
1338	 0.580862104892731 
1339	 0.580479085445404 
1340	 0.580091714859009 
1341	 0.579649686813354 
1342	 0.579162776470184 
1343	 0.578665912151337 
1344	 0.578147709369659 
1345	 0.577588379383087 
1346	 0.577012300491333 
1347	 0.57639217376709 
1348	 0.575729548931122 
1349	 0.57503217458725 
1350	 0.574294328689575 
1351	 0.573535442352295 
1352	 0.572726905345917 
1353	 0.571919739246368 
1354	 0.571094274520874 
1355	 0.570264756679535 
1356	 0.569416582584381 
1357	 0.568572759628296 
1358	 0.567700862884521 
1359	 0.566864132881165 
1360	 0.566064536571503 
1361	 0.565244615077972 
1362	 0.564403295516968 
1363	 0.563610553741455 
1364	 0.562761664390564 
1365	 0.561898410320282 
1366	 0.560975313186646 
1367	 0.560033202171326 
1368	 0.559033274650574 
1369	 0.5579794049263 
1370	 0.55687952041626 
1371	 0.555734157562256 
1372	 0.554573953151703 
1373	 0.553364813327789 
1374	 0.552136301994324 
1375	 0.550873816013336 
1376	 0.549610376358032 
1377	 0.548302233219147 
1378	 0.547006070613861 
1379	 0.545703411102295 
1380	 0.544417560100555 
1381	 0.543102025985718 
1382	 0.541839897632599 
1383	 0.540589213371277 
1384	 0.539396464824677 
1385	 0.53823059797287 
1386	 0.537138998508453 
1387	 0.536085247993469 
1388	 0.535136759281158 
1389	 0.534250557422638 
1390	 0.533468246459961 
1391	 0.532809674739838 
1392	 0.532186448574066 
1393	 0.531692206859589 
1394	 0.531244277954102 
1395	 0.530794620513916 
1396	 0.530439257621765 
1397	 0.529950618743896 
1398	 0.52948135137558 
1399	 0.528818190097809 
1400	 0.528088629245758 
1401	 0.527162909507751 
1402	 0.526080250740051 
1403	 0.524880647659302 
1404	 0.52350240945816 
1405	 0.522094309329987 
1406	 0.520567893981934 
1407	 0.519008576869965 
1408	 0.517335712909698 
1409	 0.51570987701416 
1410	 0.514013767242432 
1411	 0.512394666671753 
1412	 0.510780990123749 
1413	 0.50926661491394 
1414	 0.507822215557098 
1415	 0.506401419639587 
1416	 0.505080759525299 
1417	 0.503725349903107 
1418	 0.502423763275146 
1419	 0.501031577587128 
1420	 0.499637603759766 
1421	 0.498165398836136 
1422	 0.496631920337677 
1423	 0.495015919208527 
1424	 0.493363916873932 
1425	 0.491553068161011 
1426	 0.489759057760239 
1427	 0.487893998622894 
1428	 0.485997378826141 
1429	 0.484252035617828 
1430	 0.482517689466476 
1431	 0.480785310268402 
1432	 0.479172140359879 
1433	 0.477620929479599 
1434	 0.476184278726578 
1435	 0.474834471940994 
1436	 0.473565220832825 
1437	 0.472405552864075 
1438	 0.471312671899796 
1439	 0.470304012298584 
1440	 0.469337701797485 
1441	 0.468433827161789 
1442	 0.467610418796539 
1443	 0.466778516769409 
1444	 0.466161131858826 
1445	 0.465600430965424 
1446	 0.465336859226227 
1447	 0.46518948674202 
1448	 0.465422004461288 
1449	 0.465926498174667 
1450	 0.46674656867981 
1451	 0.467920213937759 
1452	 0.469327300786972 
1453	 0.471125572919846 
1454	 0.47297203540802 
1455	 0.475122541189194 
1456	 0.477236598730087 
1457	 0.479541450738907 
1458	 0.481697678565979 
1459	 0.483878791332245 
1460	 0.485940754413605 
1461	 0.487912744283676 
1462	 0.489759564399719 
1463	 0.491522759199142 
1464	 0.493172615766525 
1465	 0.494646489620209 
1466	 0.49611023068428 
1467	 0.49742579460144 
1468	 0.498685121536255 
1469	 0.499914675951004 
1470	 0.500988841056824 
1471	 0.502048969268799 
1472	 0.503052592277527 
1473	 0.504012763500214 
1474	 0.504907965660095 
1475	 0.505768418312073 
1476	 0.506579577922821 
1477	 0.507378995418549 
1478	 0.508124947547913 
1479	 0.508867919445038 
1480	 0.509599447250366 
1481	 0.510316014289856 
1482	 0.511008679866791 
1483	 0.511690735816956 
1484	 0.512370824813843 
1485	 0.513020038604736 
1486	 0.513637840747833 
1487	 0.514246225357056 
1488	 0.514845609664917 
1489	 0.515412986278534 
1490	 0.515960574150085 
1491	 0.51648610830307 
1492	 0.516972899436951 
1493	 0.517463564872742 
1494	 0.517946660518646 
1495	 0.518405556678772 
1496	 0.518853604793549 
1497	 0.519281566143036 
1498	 0.519688308238983 
1499	 0.520076334476471 
1500	 0.520435035228729 
1501	 0.520801544189453 
1502	 0.52114862203598 
1503	 0.521499514579773 
1504	 0.521875858306885 
1505	 0.522211492061615 
1506	 0.522519290447235 
1507	 0.522826910018921 
1508	 0.523110151290894 
1509	 0.523392617702484 
1510	 0.523687183856964 
1511	 0.523952126502991 
1512	 0.524181604385376 
1513	 0.524425029754639 
1514	 0.524686515331268 
1515	 0.524901032447815 
1516	 0.525102317333221 
1517	 0.525284171104431 
1518	 0.525415599346161 
1519	 0.525541484355927 
1520	 0.525663614273071 
1521	 0.525770246982574 
1522	 0.525842130184174 
1523	 0.52592796087265 
1524	 0.526008129119873 
1525	 0.52608197927475 
1526	 0.526163697242737 
1527	 0.5262531042099 
1528	 0.526322305202484 
1529	 0.526387929916382 
1530	 0.526445031166077 
1531	 0.526496052742004 
1532	 0.526520133018494 
1533	 0.526530265808105 
1534	 0.526536643505096 
1535	 0.526508867740631 
1536	 0.526513755321503 
1537	 0.526533246040344 
1538	 0.526548445224762 
1539	 0.526577174663544 
1540	 0.526581823825836 
1541	 0.526576995849609 
1542	 0.52657151222229 
1543	 0.526543498039246 
1544	 0.526544213294983 
1545	 0.526562571525574 
1546	 0.526568293571472 
1547	 0.526581764221191 
1548	 0.5265873670578 
1549	 0.526579082012177 
1550	 0.5265833735466 
1551	 0.526603639125824 
1552	 0.526598989963531 
1553	 0.526579916477203 
1554	 0.526573479175568 
1555	 0.526557683944702 
1556	 0.526547968387604 
1557	 0.526550471782684 
1558	 0.526549935340881 
1559	 0.526541292667389 
1560	 0.526542246341705 
1561	 0.52655827999115 
1562	 0.526561498641968 
1563	 0.52655017375946 
1564	 0.526561260223389 
1565	 0.526565790176392 
1566	 0.526601672172546 
1567	 0.526675224304199 
1568	 0.526732623577118 
1569	 0.526795029640198 
1570	 0.526866555213928 
1571	 0.52693772315979 
1572	 0.527014374732971 
1573	 0.527122378349304 
1574	 0.527193963527679 
1575	 0.527241587638855 
1576	 0.527297377586365 
1577	 0.527330279350281 
1578	 0.527384996414185 
1579	 0.527449607849121 
1580	 0.527524411678314 
1581	 0.527622938156128 
1582	 0.527700901031494 
1583	 0.52777773141861 
1584	 0.527853488922119 
1585	 0.527911245822906 
1586	 0.527981042861938 
1587	 0.528073787689209 
1588	 0.528140246868134 
1589	 0.528195917606354 
1590	 0.528246104717255 
1591	 0.528274893760681 
1592	 0.528311610221863 
1593	 0.528329014778137 
1594	 0.52838522195816 
1595	 0.528462886810303 
1596	 0.528543591499329 
1597	 0.528678953647614 
1598	 0.528762102127075 
1599	 0.528824687004089 
1600	 0.528870642185211 
1601	 0.528892815113068 
1602	 0.528895497322083 
1603	 0.528867065906525 
1604	 0.528848886489868 
1605	 0.528820037841797 
1606	 0.528780996799469 
1607	 0.528744518756866 
1608	 0.528698086738586 
1609	 0.528629302978516 
1610	 0.528564751148224 
1611	 0.528497636318207 
1612	 0.528435051441193 
1613	 0.528400123119354 
1614	 0.528312563896179 
1615	 0.528211116790771 
1616	 0.528081476688385 
1617	 0.527889013290405 
1618	 0.527711033821106 
1619	 0.527529537677765 
1620	 0.527341246604919 
1621	 0.527145862579346 
1622	 0.526944041252136 
1623	 0.526731193065643 
1624	 0.526519656181335 
1625	 0.526307284832001 
1626	 0.526088118553162 
1627	 0.525876462459564 
1628	 0.5256427526474 
1629	 0.525410652160645 
1630	 0.525138914585114 
1631	 0.524804770946503 
1632	 0.524509727954865 
1633	 0.524198830127716 
1634	 0.523908674716949 
1635	 0.523651540279388 
1636	 0.523400366306305 
1637	 0.523164808750153 
1638	 0.522916376590729 
1639	 0.522689282894135 
1640	 0.522432684898376 
1641	 0.522166669368744 
1642	 0.521865367889404 
1643	 0.521529674530029 
1644	 0.521193206310272 
1645	 0.520840108394623 
1646	 0.520461559295654 
1647	 0.520083725452423 
1648	 0.519663035869598 
1649	 0.519210875034332 
1650	 0.518714189529419 
1651	 0.518185317516327 
1652	 0.517621457576752 
1653	 0.517031311988831 
1654	 0.516372680664063 
1655	 0.515655279159546 
1656	 0.514900922775269 
1657	 0.514099180698395 
1658	 0.513227105140686 
1659	 0.512299776077271 
1660	 0.51134729385376 
1661	 0.510343432426453 
1662	 0.509277880191803 
1663	 0.508186280727386 
1664	 0.50700306892395 
1665	 0.505722999572754 
1666	 0.504397690296173 
1667	 0.503029823303223 
1668	 0.50159227848053 
1669	 0.500092208385468 
1670	 0.498519152402878 
1671	 0.496867418289185 
1672	 0.495143562555313 
1673	 0.493365436792374 
1674	 0.491481274366379 
1675	 0.489501118659973 
1676	 0.487491697072983 
1677	 0.485403627157211 
1678	 0.483265310525894 
1679	 0.481053918600082 
1680	 0.478811115026474 
1681	 0.476533025503159 
1682	 0.474143207073212 
1683	 0.471714287996292 
1684	 0.469229072332382 
1685	 0.466632217168808 
1686	 0.464006125926971 
1687	 0.461318761110306 
1688	 0.45857647061348 
1689	 0.455773502588272 
1690	 0.45290207862854 
1691	 0.449977040290833 
1692	 0.447081178426743 
1693	 0.444141447544098 
1694	 0.441179871559143 
1695	 0.438217282295227 
1696	 0.435180127620697 
1697	 0.432074755430222 
1698	 0.42892861366272 
1699	 0.425733953714371 
1700	 0.422633647918701 
1701	 0.419480383396149 
1702	 0.416459530591965 
1703	 0.413468331098557 
1704	 0.410647124052048 
1705	 0.40788608789444 
1706	 0.405287623405457 
1707	 0.403034746646881 
1708	 0.400881260633469 
1709	 0.398915648460388 
1710	 0.397175759077072 
1711	 0.395456284284592 
1712	 0.3939228951931 
1713	 0.392455250024796 
1714	 0.391004145145416 
1715	 0.389741212129593 
1716	 0.388491332530975 
1717	 0.387304186820984 
1718	 0.386206567287445 
1719	 0.385085970163345 
1720	 0.3840591609478 
1721	 0.383131265640259 
1722	 0.382283478975296 
1723	 0.38166132569313 
1724	 0.381201177835464 
1725	 0.380885034799576 
1726	 0.380858480930328 
1727	 0.381068050861359 
1728	 0.38147446513176 
1729	 0.382211565971375 
1730	 0.383227109909058 
1731	 0.384381651878357 
1732	 0.38583180308342 
1733	 0.387400835752487 
1734	 0.38902822136879 
1735	 0.390793114900589 
1736	 0.392472416162491 
1737	 0.394057631492615 
1738	 0.395558923482895 
1739	 0.396768003702164 
1740	 0.397833049297333 
1741	 0.398612350225449 
1742	 0.399083524942398 
1743	 0.39941194653511 
1744	 0.399453163146973 
1745	 0.399422496557236 
1746	 0.39919450879097 
1747	 0.398961335420609 
1748	 0.39858490228653 
1749	 0.398285269737244 
1750	 0.397934436798096 
1751	 0.397681564092636 
1752	 0.397460401058197 
1753	 0.3973468542099 
1754	 0.397287666797638 
1755	 0.39737257361412 
1756	 0.397538989782333 
1757	 0.397867739200592 
1758	 0.398355662822723 
1759	 0.398966789245605 
1760	 0.399792104959488 
1761	 0.400796890258789 
1762	 0.401886105537415 
1763	 0.403172880411148 
1764	 0.404573380947113 
1765	 0.40610471367836 
1766	 0.407891869544983 
1767	 0.409716933965683 
1768	 0.411610186100006 
1769	 0.413568466901779 
1770	 0.41540390253067 
1771	 0.417258590459824 
1772	 0.419061273336411 
1773	 0.420738369226456 
1774	 0.422399640083313 
1775	 0.423899680376053 
1776	 0.425304472446442 
1777	 0.426600456237793 
1778	 0.427668988704681 
1779	 0.428698897361755 
1780	 0.429653197526932 
1781	 0.430495649576187 
1782	 0.431319415569305 
1783	 0.431994587182999 
1784	 0.432551860809326 
1785	 0.432956606149673 
1786	 0.433369040489197 
1787	 0.433738231658936 
1788	 0.434067100286484 
1789	 0.434362262487412 
1790	 0.434645742177963 
1791	 0.434875458478928 
1792	 0.435081124305725 
1793	 0.435268640518188 
1794	 0.435445427894592 
1795	 0.435578376054764 
1796	 0.435761064291 
1797	 0.435965329408646 
1798	 0.436086654663086 
1799	 0.436243653297424 
1800	 0.436443269252777 
1801	 0.43602579832077 
1802	 0.436324566602707 
1803	 0.436595410108566 
1804	 0.436859846115112 
1805	 0.437126845121384 
1806	 0.437370002269745 
1807	 0.437581121921539 
1808	 0.43780705332756 
1809	 0.438025802373886 
1810	 0.438253313302994 
1811	 0.438482910394669 
1812	 0.438718020915985 
1813	 0.43896496295929 
1814	 0.439198464155197 
1815	 0.439424514770508 
1816	 0.439671128988266 
1817	 0.439945966005325 
1818	 0.440247863531113 
1819	 0.440536379814148 
1820	 0.440829753875732 
1821	 0.441155999898911 
1822	 0.441488206386566 
1823	 0.441831201314926 
1824	 0.442224740982056 
1825	 0.442600876092911 
1826	 0.442966222763062 
1827	 0.4433214366436 
1828	 0.443678140640259 
1829	 0.444028049707413 
1830	 0.444386392831802 
1831	 0.444748222827911 
1832	 0.44510817527771 
1833	 0.445448279380798 
1834	 0.445805937051773 
1835	 0.446162939071655 
1836	 0.446495234966278 
1837	 0.446852743625641 
1838	 0.447214007377625 
1839	 0.447593212127686 
1840	 0.447992205619812 
1841	 0.448399364948273 
1842	 0.448820263147354 
1843	 0.449248790740967 
1844	 0.449698388576508 
1845	 0.450110018253326 
1846	 0.450547963380814 
1847	 0.450989902019501 
1848	 0.451405018568039 
1849	 0.451817512512207 
1850	 0.452210873365402 
1851	 0.452582776546478 
1852	 0.452951431274414 
1853	 0.453307062387466 
1854	 0.453584611415863 
1855	 0.453837037086487 
1856	 0.454063773155212 
1857	 0.454249888658524 
1858	 0.45444318652153 
1859	 0.454614371061325 
1860	 0.454770624637604 
1861	 0.454898953437805 
1862	 0.455012738704681 
1863	 0.455100387334824 
1864	 0.455154985189438 
1865	 0.45517772436142 
1866	 0.45516100525856 
1867	 0.45510721206665 
1868	 0.455015450716019 
1869	 0.454886198043823 
1870	 0.45472326874733 
1871	 0.454527139663696 
1872	 0.454294800758362 
1873	 0.45402780175209 
1874	 0.453731268644333 
1875	 0.453399926424026 
1876	 0.45299631357193 
1877	 0.452564805746078 
1878	 0.452051818370819 
1879	 0.451448321342468 
1880	 0.450793504714966 
1881	 0.450017482042313 
1882	 0.449139654636383 
1883	 0.448175460100174 
1884	 0.447082132101059 
1885	 0.44579941034317 
1886	 0.444427907466888 
1887	 0.44287982583046 
1888	 0.441126793622971 
1889	 0.439390897750854 
1890	 0.437506675720215 
1891	 0.435574233531952 
1892	 0.433651357889175 
1893	 0.431643545627594 
1894	 0.429525554180145 
1895	 0.427466303110123 
1896	 0.42535936832428 
1897	 0.423240065574646 
1898	 0.421295344829559 
1899	 0.419341295957565 
1900	 0.417467296123505 
1901	 0.41570058465004 
1902	 0.413878411054611 
1903	 0.412188321352005 
1904	 0.410555362701416 
1905	 0.408962845802307 
1906	 0.407437384128571 
1907	 0.406115889549255 
1908	 0.404817491769791 
1909	 0.403605133295059 
1910	 0.402484029531479 
1911	 0.401339113712311 
1912	 0.400300204753876 
1913	 0.399298846721649 
1914	 0.398349046707153 
1915	 0.397489935159683 
1916	 0.396743595600128 
1917	 0.395971387624741 
1918	 0.395274549722672 
1919	 0.394636750221252 
1920	 0.393992096185684 
1921	 0.393438309431076 
1922	 0.392919898033142 
1923	 0.392442435026169 
1924	 0.392044067382813 
1925	 0.391674429178238 
1926	 0.391349703073502 
1927	 0.391079306602478 
1928	 0.390839755535126 
1929	 0.390638619661331 
1930	 0.3904669880867 
1931	 0.390348702669144 
1932	 0.390272468328476 
1933	 0.39023819565773 
1934	 0.390280216932297 
1935	 0.390372723340988 
1936	 0.390491425991058 
1937	 0.390670955181122 
1938	 0.390906274318695 
1939	 0.39119091629982 
1940	 0.391516149044037 
1941	 0.391926348209381 
1942	 0.392358660697937 
1943	 0.392834812402725 
1944	 0.393335819244385 
1945	 0.393831133842468 
1946	 0.39437872171402 
1947	 0.394912928342819 
1948	 0.395462870597839 
1949	 0.396048098802567 
1950	 0.396601378917694 
1951	 0.397148817777634 
1952	 0.397691696882248 
1953	 0.398221760988235 
1954	 0.398736447095871 
1955	 0.39928537607193 
1956	 0.399828433990479 
1957	 0.400379687547684 
1958	 0.400925606489182 
1959	 0.401427537202835 
1960	 0.401940375566483 
1961	 0.40242525935173 
1962	 0.402859479188919 
1963	 0.403337597846985 
1964	 0.403825432062149 
1965	 0.404301583766937 
1966	 0.404795616865158 
1967	 0.405294239521027 
1968	 0.405727058649063 
1969	 0.406164318323135 
1970	 0.406597197055817 
1971	 0.407027274370193 
1972	 0.407493621110916 
1973	 0.407936990261078 
1974	 0.408368706703186 
1975	 0.408810019493103 
1976	 0.409213334321976 
1977	 0.409590870141983 
1978	 0.409954935312271 
1979	 0.410301238298416 
1980	 0.410616219043732 
1981	 0.410925894975662 
1982	 0.411212503910065 
1983	 0.411482095718384 
1984	 0.411720633506775 
1985	 0.411925047636032 
1986	 0.412106186151505 
1987	 0.412261992692947 
1988	 0.412381798028946 
1989	 0.412493109703064 
1990	 0.412583976984024 
1991	 0.412659585475922 
1992	 0.412724643945694 
1993	 0.412756532430649 
1994	 0.412770092487335 
1995	 0.412771105766296 
1996	 0.412745356559753 
1997	 0.41271448135376 
1998	 0.412658959627151 
1999	 0.412588179111481 
2000	 0.412486970424652 
2001	 0.412346243858337 
2002	 0.412216991186142 
2003	 0.412064284086227 
2004	 0.411923706531525 
2005	 0.411783754825592 
2006	 0.411648571491241 
2007	 0.411516666412354 
2008	 0.411388784646988 
2009	 0.411244779825211 
2010	 0.411108464002609 
2011	 0.410956650972366 
2012	 0.410777658224106 
2013	 0.410614371299744 
2014	 0.410451024770737 
2015	 0.410286337137222 
2016	 0.410143315792084 
2017	 0.409969449043274 
2018	 0.409780949354172 
2019	 0.409584611654282 
2020	 0.409393876791 
2021	 0.409137666225433 
2022	 0.408888697624207 
2023	 0.408626139163971 
2024	 0.40831384062767 
2025	 0.408003658056259 
2026	 0.407648414373398 
2027	 0.407239437103271 
2028	 0.406857937574387 
2029	 0.406449764966965 
2030	 0.406051367521286 
2031	 0.405689716339111 
2032	 0.405288755893707 
2033	 0.404848158359528 
2034	 0.404429584741592 
2035	 0.404019325971603 
2036	 0.403566628694534 
2037	 0.403150379657745 
2038	 0.402749568223953 
2039	 0.402343720197678 
2040	 0.401947289705276 
2041	 0.401535600423813 
2042	 0.401126563549042 
2043	 0.400706946849823 
2044	 0.400246202945709 
2045	 0.399833410978317 
2046	 0.399431467056274 
2047	 0.399046957492828 
2048	 0.398702293634415 
2049	 0.398355901241302 
2050	 0.398015737533569 
2051	 0.397680670022964 
2052	 0.397359490394592 
2053	 0.397044390439987 
2054	 0.396764665842056 
2055	 0.39652892947197 
2056	 0.396259427070618 
2057	 0.396002501249313 
2058	 0.395737081766129 
2059	 0.39543741941452 
2060	 0.395175516605377 
2061	 0.394951045513153 
2062	 0.394702315330505 
2063	 0.394451498985291 
2064	 0.394202440977097 
2065	 0.393944889307022 
2066	 0.393684238195419 
2067	 0.393430560827255 
2068	 0.39321905374527 
2069	 0.392974644899368 
2070	 0.39272129535675 
2071	 0.392471253871918 
2072	 0.392207235097885 
2073	 0.391958862543106 
2074	 0.391728758811951 
2075	 0.391480296850204 
2076	 0.391217172145844 
2077	 0.390978753566742 
2078	 0.390741854906082 
2079	 0.39050880074501 
2080	 0.390310227870941 
2081	 0.390084266662598 
2082	 0.38983017206192 
2083	 0.389589369297028 
2084	 0.389352202415466 
2085	 0.389138340950012 
2086	 0.388923615217209 
2087	 0.388734608888626 
2088	 0.388520926237106 
2089	 0.388308137655258 
2090	 0.38807076215744 
2091	 0.387806326150894 
2092	 0.387558847665787 
2093	 0.387283951044083 
2094	 0.387049227952957 
2095	 0.386854887008667 
2096	 0.386642307043076 
2097	 0.386452317237854 
2098	 0.386238545179367 
2099	 0.38602003455162 
2100	 0.385767757892609 
2101	 0.385499328374863 
2102	 0.385215669870377 
2103	 0.384916990995407 
2104	 0.384583562612534 
2105	 0.384263306856155 
2106	 0.383941978216171 
2107	 0.383598387241364 
2108	 0.38325971364975 
2109	 0.382885992527008 
2110	 0.382493823766708 
2111	 0.382075846195221 
2112	 0.381620734930038 
2113	 0.381154805421829 
2114	 0.380640506744385 
2115	 0.380149573087692 
2116	 0.37966126203537 
2117	 0.379184722900391 
2118	 0.378674387931824 
2119	 0.378156065940857 
2120	 0.377653896808624 
2121	 0.377110511064529 
2122	 0.376625746488571 
2123	 0.376182734966278 
2124	 0.375741928815842 
2125	 0.375317871570587 
2126	 0.374910295009613 
2127	 0.374508827924728 
2128	 0.374146461486816 
2129	 0.373797565698624 
2130	 0.373485743999481 
2131	 0.373238772153854 
2132	 0.372976392507553 
2133	 0.372707903385162 
2134	 0.372492402791977 
2135	 0.372275859117508 
2136	 0.372064560651779 
2137	 0.371884703636169 
2138	 0.371733337640762 
2139	 0.371602237224579 
2140	 0.37149041891098 
2141	 0.37139767408371 
2142	 0.37131530046463 
2143	 0.371287494897842 
2144	 0.37127622961998 
2145	 0.371325731277466 
2146	 0.371450662612915 
2147	 0.371582329273224 
2148	 0.371748208999634 
2149	 0.371939271688461 
2150	 0.372170895338058 
2151	 0.372398912906647 
2152	 0.372633695602417 
2153	 0.37290957570076 
2154	 0.373185008764267 
2155	 0.373479843139648 
2156	 0.373750358819962 
2157	 0.374039620161057 
2158	 0.374286323785782 
2159	 0.374510914087296 
2160	 0.374710589647293 
2161	 0.374896854162216 
2162	 0.375050723552704 
2163	 0.375173777341843 
2164	 0.375265389680862 
2165	 0.375329941511154 
2166	 0.375372380018234 
2167	 0.375348955392838 
2168	 0.375364005565643 
2169	 0.375362187623978 
2170	 0.375391095876694 
2171	 0.375466793775558 
2172	 0.375515133142471 
2173	 0.375570058822632 
2174	 0.375610709190369 
2175	 0.375613898038864 
2176	 0.375654637813568 
2177	 0.375697255134583 
2178	 0.37575563788414 
2179	 0.375786572694778 
2180	 0.375814944505692 
2181	 0.375842958688736 
2182	 0.375855088233948 
2183	 0.375872880220413 
2184	 0.375921100378037 
2185	 0.375916451215744 
2186	 0.375885307788849 
2187	 0.375839352607727 
2188	 0.375755608081818 
2189	 0.375677496194839 
2190	 0.375598222017288 
2191	 0.375493705272675 
2192	 0.375385135412216 
2193	 0.375245064496994 
2194	 0.375059694051743 
2195	 0.374884307384491 
2196	 0.374686986207962 
2197	 0.374498456716537 
2198	 0.374317526817322 
2199	 0.374122053384781 
2200	 0.373913913965225 
2201	 0.373702734708786 
2202	 0.373456448316574 
2203	 0.373182117938995 
2204	 0.37292018532753 
2205	 0.372635751962662 
2206	 0.372355908155441 
2207	 0.372106492519379 
2208	 0.37178960442543 
2209	 0.371437758207321 
2210	 0.371076375246048 
2211	 0.370691806077957 
2212	 0.37027508020401 
2213	 0.369825452566147 
2214	 0.369373589754105 
2215	 0.368887484073639 
2216	 0.368394404649735 
2217	 0.367925137281418 
2218	 0.367405354976654 
2219	 0.366876661777496 
2220	 0.366279512643814 
2221	 0.365632593631744 
2222	 0.364930540323257 
2223	 0.364208728075027 
2224	 0.363411605358124 
2225	 0.362607538700104 
2226	 0.361759692430496 
2227	 0.360815495252609 
2228	 0.359811365604401 
2229	 0.358718037605286 
2230	 0.357519954442978 
2231	 0.356284081935883 
2232	 0.355001300573349 
2233	 0.353589236736298 
2234	 0.352145671844482 
2235	 0.350496858358383 
2236	 0.34870120882988 
2237	 0.346775621175766 
2238	 0.344624221324921 
2239	 0.342475533485413 
2240	 0.340257912874222 
2241	 0.337895482778549 
2242	 0.335530430078506 
2243	 0.332922071218491 
2244	 0.330029487609863 
2245	 0.327164381742477 
2246	 0.324079275131226 
2247	 0.321064740419388 
2248	 0.318122863769531 
2249	 0.315054446458817 
2250	 0.311921745538712 
2251	 0.308819085359573 
2252	 0.305376827716827 
2253	 0.302059292793274 
2254	 0.298719644546509 
2255	 0.295269161462784 
2256	 0.292171448469162 
2257	 0.289038419723511 
2258	 0.285954922437668 
2259	 0.283006250858307 
2260	 0.279951304197311 
2261	 0.276800781488419 
2262	 0.27385076880455 
2263	 0.270866543054581 
2264	 0.26813206076622 
2265	 0.265637844800949 
2266	 0.263104021549225 
2267	 0.260737001895905 
2268	 0.258301675319672 
2269	 0.255817174911499 
2270	 0.253478080034256 
2271	 0.251167714595795 
2272	 0.248949885368347 
2273	 0.246877282857895 
2274	 0.244797363877296 
2275	 0.242867827415466 
2276	 0.240777373313904 
2277	 0.23866331577301 
2278	 0.236502721905708 
2279	 0.234145045280457 
2280	 0.231903418898582 
2281	 0.229761376976967 
2282	 0.227519601583481 
2283	 0.22530372440815 
2284	 0.223049849271774 
2285	 0.220473930239677 
2286	 0.217889368534088 
2287	 0.215179979801178 
2288	 0.212366849184036 
2289	 0.20979018509388 
2290	 0.207131534814835 
2291	 0.20447900891304 
2292	 0.201826423406601 
2293	 0.198871895670891 
2294	 0.196002051234245 
2295	 0.193214446306229 
2296	 0.190461710095406 
2297	 0.188057526946068 
2298	 0.185905054211617 
2299	 0.183980852365494 
2300	 0.182277902960777 
2301	 0.180879041552544 
2302	 0.179772213101387 
2303	 0.178946942090988 
2304	 0.178403630852699 
2305	 0.178166434168816 
2306	 0.178269758820534 
2307	 0.178588509559631 
2308	 0.179202705621719 
2309	 0.180081591010094 
2310	 0.18126492202282 
2311	 0.182633593678474 
2312	 0.18442015349865 
2313	 0.186151057481766 
2314	 0.18805518746376 
2315	 0.189965963363647 
2316	 0.191983059048653 
2317	 0.193905934691429 
2318	 0.196015000343323 
2319	 0.197743460536003 
2320	 0.199362188577652 
2321	 0.200666382908821 
2322	 0.201623201370239 
2323	 0.202446013689041 
2324	 0.203008338809013 
2325	 0.203427150845528 
2326	 0.203621670603752 
2327	 0.203726828098297 
2328	 0.203670874238014 
2329	 0.203494474291801 
2330	 0.203197494149208 
2331	 0.202761620283127 
2332	 0.202164709568024 
2333	 0.201413780450821 
2334	 0.200492858886719 
2335	 0.19945515692234 
2336	 0.1983343064785 
2337	 0.197136923670769 
2338	 0.195948332548141 
2339	 0.194681003689766 
2340	 0.193374544382095 
2341	 0.192098423838615 
2342	 0.190867811441422 
2343	 0.189791813492775 
2344	 0.188897311687469 
2345	 0.188201904296875 
2346	 0.187804594635963 
2347	 0.18775437772274 
2348	 0.18796718120575 
2349	 0.188620418310165 
2350	 0.189684063196182 
2351	 0.19103179872036 
2352	 0.192661643028259 
2353	 0.19448159635067 
2354	 0.196188628673553 
2355	 0.197882622480392 
2356	 0.19956237077713 
2357	 0.201059475541115 
2358	 0.202515423297882 
2359	 0.203726589679718 
2360	 0.20466610789299 
2361	 0.205347254872322 
2362	 0.205771327018738 
2363	 0.206051170825958 
2364	 0.206238582730293 
2365	 0.206367745995522 
2366	 0.206471294164658 
2367	 0.206548437476158 
2368	 0.206554070115089 
2369	 0.206547290086746 
2370	 0.206556841731071 
2371	 0.20653435587883 
2372	 0.206540107727051 
2373	 0.2065819054842 
2374	 0.206614896655083 
2375	 0.206699877977371 
2376	 0.206823855638504 
2377	 0.20692802965641 
2378	 0.206991389393806 
2379	 0.207061946392059 
2380	 0.207115769386292 
2381	 0.207172483205795 
2382	 0.207256928086281 
2383	 0.207323715090752 
2384	 0.207454562187195 
2385	 0.207633689045906 
2386	 0.207900270819664 
2387	 0.208331763744354 
2388	 0.208620026707649 
2389	 0.20887079834938 
2390	 0.209096789360046 
2391	 0.209206253290176 
2392	 0.209429115056992 
2393	 0.209807559847832 
2394	 0.209956377744675 
2395	 0.209984347224236 
2396	 0.2100850045681 
2397	 0.210019573569298 
2398	 0.210206255316734 
2399	 0.210638582706451 
2400	 0.210868760943413 
2401	 0.211090460419655 
2402	 0.21118326485157 
2403	 0.211235970258713 
2404	 0.211279824376106 
2405	 0.21149055659771 
2406	 0.211659967899323 
2407	 0.211798101663589 
2408	 0.211918279528618 
2409	 0.211965680122375 
2410	 0.211985290050507 
2411	 0.21200655400753 
2412	 0.212107256054878 
2413	 0.212332710623741 
2414	 0.212527558207512 
2415	 0.212624758481979 
2416	 0.212802216410637 
2417	 0.212862223386765 
2418	 0.212917998433113 
2419	 0.213084995746613 
2420	 0.21307235956192 
2421	 0.213167533278465 
2422	 0.213355675339699 
2423	 0.213475063443184 
2424	 0.213678494095802 
2425	 0.213773265480995 
2426	 0.213776633143425 
2427	 0.213827401399612 
2428	 0.213866502046585 
2429	 0.213826775550842 
2430	 0.213825643062592 
2431	 0.213819116353989 
2432	 0.213646590709686 
2433	 0.213546141982079 
2434	 0.213552683591843 
2435	 0.213562399148941 
2436	 0.213486969470978 
2437	 0.213352009654045 
2438	 0.213255673646927 
2439	 0.213080689311028 
2440	 0.212958112359047 
2441	 0.212971955537796 
2442	 0.212866440415382 
2443	 0.212743192911148 
2444	 0.212721183896065 
2445	 0.212574064731598 
2446	 0.212383583188057 
2447	 0.212079271674156 
2448	 0.211741209030151 
2449	 0.211533218622208 
2450	 0.2111896276474 
2451	 0.210846647620201 
2452	 0.210558623075485 
2453	 0.21017774939537 
2454	 0.209815979003906 
2455	 0.209432274103165 
2456	 0.208949223160744 
2457	 0.208588063716888 
2458	 0.208355247974396 
2459	 0.208071157336235 
2460	 0.20784392952919 
2461	 0.207726150751114 
2462	 0.207604929804802 
2463	 0.20743602514267 
2464	 0.207313999533653 
2465	 0.20713672041893 
2466	 0.20684914290905 
2467	 0.206727772951126 
2468	 0.206701576709747 
2469	 0.206559687852859 
2470	 0.20645634829998 
2471	 0.206417426466942 
2472	 0.206361204385757 
2473	 0.206470906734467 
2474	 0.206674844026566 
2475	 0.206823512911797 
2476	 0.207012802362442 
2477	 0.207108214497566 
2478	 0.207203671336174 
2479	 0.207408785820007 
2480	 0.207454651594162 
2481	 0.207494884729385 
2482	 0.207378819584846 
2483	 0.207541644573212 
2484	 0.207671210169792 
2485	 0.20819029211998 
2486	 0.208809122443199 
2487	 0.2090685069561 
2488	 0.209274739027023 
2489	 0.209446251392365 
2490	 0.209538370370865 
2491	 0.209843784570694 
2492	 0.210654959082603 
2493	 0.211429268121719 
2494	 0.211884409189224 
2495	 0.21244041621685 
2496	 0.212965086102486 
2497	 0.213470757007599 
2498	 0.214055791497231 
2499	 0.21459324657917 
2500	 0.215016573667526 
