Wavelength	TC7.004
350	 0.204077243804932 
351	 0.199092000722885 
352	 0.18837083876133 
353	 0.177853345870972 
354	 0.171583279967308 
355	 0.172410398721695 
356	 0.169743418693542 
357	 0.156587481498718 
358	 0.143138855695724 
359	 0.140519991517067 
360	 0.143702402710915 
361	 0.140666455030441 
362	 0.137127593159676 
363	 0.133385598659515 
364	 0.128542512655258 
365	 0.120786666870117 
366	 0.119893237948418 
367	 0.118514887988567 
368	 0.111028239130974 
369	 0.110158950090408 
370	 0.110611960291862 
371	 0.11030862480402 
372	 0.10899493098259 
373	 0.104652404785156 
374	 0.103697925806046 
375	 0.105904690921307 
376	 0.100984573364258 
377	 9.99045372009277E-02 
378	 9.88556072115898E-02 
379	 9.37794223427773E-02 
380	 9.21128392219543E-02 
381	 9.40742716193199E-02 
382	 9.40459594130516E-02 
383	 8.56505408883095E-02 
384	 8.71670842170715E-02 
385	 8.87763425707817E-02 
386	 8.51587355136871E-02 
387	 8.21172520518303E-02 
388	 7.83805027604103E-02 
389	 7.54546746611595E-02 
390	 7.44704902172089E-02 
391	 7.32938945293427E-02 
392	 7.21708759665489E-02 
393	 7.18646794557571E-02 
394	 7.30202123522758E-02 
395	 7.20043778419495E-02 
396	 7.03272894024849E-02 
397	 6.90322145819664E-02 
398	 6.72220960259438E-02 
399	 6.62812441587448E-02 
400	 6.53534978628159E-02 
401	 6.35659396648407E-02 
402	 6.24683015048504E-02 
403	 6.29767701029778E-02 
404	 6.41395077109337E-02 
405	 6.38004615902901E-02 
406	 6.17900118231773E-02 
407	 5.96738047897816E-02 
408	 5.86287528276443E-02 
409	 5.88247403502464E-02 
410	 5.85982128977776E-02 
411	 5.75951896607876E-02 
412	 5.63039481639862E-02 
413	 5.68737201392651E-02 
414	 0.056270644068718 
415	 5.46836666762829E-02 
416	 5.51467463374138E-02 
417	 5.52694201469421E-02 
418	 5.52617236971855E-02 
419	 5.53685501217842E-02 
420	 5.48588261008263E-02 
421	 5.39926998317242E-02 
422	 5.37727400660515E-02 
423	 5.48955090343952E-02 
424	 5.42741231620312E-02 
425	 5.38582652807236E-02 
426	 5.44582307338715E-02 
427	 5.51888607442379E-02 
428	 5.49939349293709E-02 
429	 0.055041529238224 
430	 5.60755953192711E-02 
431	 5.60165494680405E-02 
432	 5.63466101884842E-02 
433	 5.69353550672531E-02 
434	 5.69207742810249E-02 
435	 0.057520966976881 
436	 5.80948442220688E-02 
437	 5.83327598869801E-02 
438	 5.87021857500076E-02 
439	 5.96657879650593E-02 
440	 6.06695525348186E-02 
441	 0.061156801879406 
442	 6.18529804050922E-02 
443	 6.28036856651306E-02 
444	 6.38243332505226E-02 
445	 6.46242275834084E-02 
446	 6.59562051296234E-02 
447	 6.72530755400658E-02 
448	 6.81226775050163E-02 
449	 6.89434185624123E-02 
450	 7.00981765985489E-02 
451	 7.16096162796021E-02 
452	 7.32768848538399E-02 
453	 7.46830031275749E-02 
454	 7.61633366346359E-02 
455	 0.077767938375473 
456	 7.91984051465988E-02 
457	 8.10108259320259E-02 
458	 0.082851231098175 
459	 8.45138430595398E-02 
460	 8.68983492255211E-02 
461	 8.87877866625786E-02 
462	 0.090385340154171 
463	 9.26004871726036E-02 
464	 9.49746295809746E-02 
465	 9.74442288279533E-02 
466	 9.98767837882042E-02 
467	 0.101960800588131 
468	 0.104515090584755 
469	 0.107093282043934 
470	 0.109251946210861 
471	 0.112156748771667 
472	 0.115052573382854 
473	 0.117714680731297 
474	 0.120388075709343 
475	 0.123204588890076 
476	 0.126135274767876 
477	 0.129147350788116 
478	 0.132300555706024 
479	 0.135492563247681 
480	 0.138581171631813 
481	 0.141474440693855 
482	 0.144422262907028 
483	 0.147557333111763 
484	 0.150922849774361 
485	 0.154467105865479 
486	 0.158070921897888 
487	 0.161380037665367 
488	 0.164321303367615 
489	 0.167779013514519 
490	 0.17127414047718 
491	 0.174703925848007 
492	 0.178178653120995 
493	 0.181623831391335 
494	 0.185047447681427 
495	 0.188460469245911 
496	 0.191855475306511 
497	 0.195360705256462 
498	 0.198872029781342 
499	 0.202274546027184 
500	 0.205785751342773 
501	 0.20931901037693 
502	 0.212746977806091 
503	 0.215950801968575 
504	 0.219446018338203 
505	 0.223001539707184 
506	 0.226402521133423 
507	 0.229814350605011 
508	 0.233159944415092 
509	 0.236536145210266 
510	 0.24004390835762 
511	 0.243274942040443 
512	 0.246619164943695 
513	 0.250178426504135 
514	 0.253618031740189 
515	 0.256726205348969 
516	 0.259800016880035 
517	 0.263120979070663 
518	 0.266424089670181 
519	 0.269693434238434 
520	 0.272911190986633 
521	 0.276066899299622 
522	 0.279310911893845 
523	 0.282436788082123 
524	 0.285397380590439 
525	 0.288574695587158 
526	 0.291701853275299 
527	 0.294720053672791 
528	 0.297674030065537 
529	 0.300768554210663 
530	 0.303719311952591 
531	 0.306515008211136 
532	 0.309455245733261 
533	 0.312371760606766 
534	 0.315203815698624 
535	 0.317945122718811 
536	 0.320671617984772 
537	 0.323448747396469 
538	 0.326240062713623 
539	 0.328956693410873 
540	 0.331555724143982 
541	 0.334229975938797 
542	 0.337000459432602 
543	 0.339571416378021 
544	 0.342074781656265 
545	 0.344516813755035 
546	 0.346903681755066 
547	 0.349382519721985 
548	 0.351921290159225 
549	 0.354437202215195 
550	 0.356815546751022 
551	 0.359225571155548 
552	 0.361670464277267 
553	 0.364085465669632 
554	 0.366309195756912 
555	 0.368490636348724 
556	 0.370680302381516 
557	 0.372865617275238 
558	 0.374961286783218 
559	 0.377073228359222 
560	 0.379195153713226 
561	 0.381145626306534 
562	 0.383124142885208 
563	 0.385069608688354 
564	 0.386879861354828 
565	 0.388587921857834 
566	 0.3902328312397 
567	 0.391872972249985 
568	 0.393593370914459 
569	 0.395658582448959 
570	 0.397828072309494 
571	 0.399907171726227 
572	 0.401992917060852 
573	 0.403847336769104 
574	 0.405442833900452 
575	 0.406879067420959 
576	 0.408369332551956 
577	 0.409792989492416 
578	 0.41114142537117 
579	 0.412549614906311 
580	 0.413919895887375 
581	 0.415314525365829 
582	 0.416807353496552 
583	 0.418412029743195 
584	 0.419946730136871 
585	 0.421372711658478 
586	 0.422749668359756 
587	 0.424107998609543 
588	 0.42554172873497 
589	 0.427118510007858 
590	 0.428861141204834 
591	 0.430637687444687 
592	 0.432271480560303 
593	 0.433659940958023 
594	 0.435047000646591 
595	 0.43633297085762 
596	 0.437544196844101 
597	 0.438822358846664 
598	 0.440196573734283 
599	 0.441511064767838 
600	 0.442715346813202 
601	 0.444098144769669 
602	 0.445394665002823 
603	 0.446638703346252 
604	 0.44796496629715 
605	 0.44926044344902 
606	 0.450486123561859 
607	 0.451647967100143 
608	 0.452794224023819 
609	 0.453984528779984 
610	 0.455183655023575 
611	 0.456348776817322 
612	 0.457499504089355 
613	 0.458634525537491 
614	 0.459748268127441 
615	 0.460836678743362 
616	 0.461911290884018 
617	 0.463015913963318 
618	 0.46413853764534 
619	 0.465164631605148 
620	 0.466157913208008 
621	 0.467171013355255 
622	 0.468227982521057 
623	 0.469226986169815 
624	 0.470220983028412 
625	 0.471226811408997 
626	 0.472222238779068 
627	 0.47318509221077 
628	 0.47411173582077 
629	 0.475021600723267 
630	 0.475986123085022 
631	 0.476902335882187 
632	 0.477731287479401 
633	 0.478497266769409 
634	 0.479422956705093 
635	 0.480335026979446 
636	 0.481170028448105 
637	 0.482040345668793 
638	 0.482838124036789 
639	 0.48362073302269 
640	 0.484444499015808 
641	 0.485227733850479 
642	 0.486016064882278 
643	 0.486816734075546 
644	 0.487608909606934 
645	 0.488351166248322 
646	 0.489036589860916 
647	 0.489709854125977 
648	 0.490492969751358 
649	 0.491211265325546 
650	 0.491886705160141 
651	 0.49258491396904 
652	 0.493271231651306 
653	 0.493955105543137 
654	 0.494631767272949 
655	 0.495285898447037 
656	 0.495920836925507 
657	 0.496594935655594 
658	 0.497307240962982 
659	 0.497904062271118 
660	 0.498606771230698 
661	 0.499323904514313 
662	 0.499912321567535 
663	 0.500648081302643 
664	 0.501287937164307 
665	 0.501830875873566 
666	 0.502536714076996 
667	 0.50324010848999 
668	 0.503877997398376 
669	 0.504441797733307 
670	 0.504991412162781 
671	 0.505685985088348 
672	 0.506399691104889 
673	 0.506927251815796 
674	 0.507517695426941 
675	 0.508119225502014 
676	 0.50869756937027 
677	 0.509269893169403 
678	 0.5098677277565 
679	 0.510458290576935 
680	 0.511021435260773 
681	 0.511623919010162 
682	 0.512243449687958 
683	 0.512846350669861 
684	 0.513398706912994 
685	 0.51392537355423 
686	 0.514430105686188 
687	 0.514956414699554 
688	 0.515607118606567 
689	 0.516172885894775 
690	 0.516652524471283 
691	 0.517113268375397 
692	 0.517623662948608 
693	 0.518231451511383 
694	 0.518878400325775 
695	 0.519442856311798 
696	 0.519903838634491 
697	 0.520346522331238 
698	 0.520820021629334 
699	 0.521293222904205 
700	 0.521836459636688 
701	 0.522370040416718 
702	 0.52281928062439 
703	 0.523294806480408 
704	 0.523784697055817 
705	 0.524261713027954 
706	 0.524700403213501 
707	 0.525194585323334 
708	 0.525651037693024 
709	 0.526028454303741 
710	 0.526404798030853 
711	 0.526897549629211 
712	 0.527424454689026 
713	 0.527867496013641 
714	 0.528245985507965 
715	 0.52863609790802 
716	 0.529042720794678 
717	 0.529422998428345 
718	 0.529844403266907 
719	 0.530267059803009 
720	 0.530655145645142 
721	 0.530999422073364 
722	 0.531403362751007 
723	 0.531822323799133 
724	 0.532189905643463 
725	 0.532554030418396 
726	 0.532891273498535 
727	 0.533260047435761 
728	 0.533750057220459 
729	 0.534151911735535 
730	 0.534468829631805 
731	 0.534760057926178 
732	 0.535123586654663 
733	 0.535466253757477 
734	 0.5358926653862 
735	 0.536453306674957 
736	 0.536795020103455 
737	 0.537078022956848 
738	 0.537332952022552 
739	 0.537521660327911 
740	 0.537850797176361 
741	 0.538242042064667 
742	 0.538579821586609 
743	 0.538752615451813 
744	 0.538952112197876 
745	 0.539214313030243 
746	 0.539508402347565 
747	 0.539734244346619 
748	 0.540032744407654 
749	 0.540364384651184 
750	 0.54060560464859 
751	 0.540880620479584 
752	 0.541128039360046 
753	 0.541373252868652 
754	 0.541769683361053 
755	 0.542101979255676 
756	 0.54235577583313 
757	 0.542589008808136 
758	 0.542908072471619 
759	 0.543302595615387 
760	 0.543649613857269 
761	 0.543825387954712 
762	 0.544054269790649 
763	 0.544404447078705 
764	 0.544811487197876 
765	 0.545095562934875 
766	 0.545341312885284 
767	 0.545554876327515 
768	 0.545776069164276 
769	 0.54616767168045 
770	 0.546456634998322 
771	 0.546703577041626 
772	 0.547036111354828 
773	 0.547247767448425 
774	 0.547486186027527 
775	 0.547760367393494 
776	 0.547967433929443 
777	 0.548238694667816 
778	 0.548482894897461 
779	 0.548681497573853 
780	 0.548990249633789 
781	 0.5493084192276 
782	 0.54951936006546 
783	 0.549592435359955 
784	 0.549795687198639 
785	 0.550029098987579 
786	 0.550253689289093 
787	 0.550469934940338 
788	 0.5506951212883 
789	 0.550905764102936 
790	 0.551108181476593 
791	 0.551345705986023 
792	 0.551585137844086 
793	 0.551751375198364 
794	 0.551837503910065 
795	 0.552006483078003 
796	 0.552281737327576 
797	 0.55256986618042 
798	 0.552754104137421 
799	 0.552856385707855 
800	 0.553060412406921 
801	 0.553340554237366 
802	 0.553519427776337 
803	 0.553695261478424 
804	 0.553900957107544 
805	 0.554158926010132 
806	 0.554486989974976 
807	 0.554674863815308 
808	 0.554762780666351 
809	 0.55486798286438 
810	 0.555115640163422 
811	 0.555401742458344 
812	 0.55562824010849 
813	 0.555745899677277 
814	 0.555938720703125 
815	 0.556193888187408 
816	 0.556438505649567 
817	 0.55657684803009 
818	 0.556774258613586 
819	 0.55695641040802 
820	 0.557086944580078 
821	 0.557251036167145 
822	 0.557413220405579 
823	 0.557547450065613 
824	 0.557652771472931 
825	 0.557799696922302 
826	 0.557923197746277 
827	 0.558040261268616 
828	 0.558193743228912 
829	 0.558338701725006 
830	 0.558488249778748 
831	 0.558630406856537 
832	 0.558741688728333 
833	 0.558960318565369 
834	 0.559139549732208 
835	 0.559235632419586 
836	 0.559424698352814 
837	 0.559543430805206 
838	 0.559601128101349 
839	 0.55965530872345 
840	 0.559760212898254 
841	 0.559970617294312 
842	 0.560180008411407 
843	 0.560272753238678 
844	 0.560445427894592 
845	 0.560591995716095 
846	 0.560732483863831 
847	 0.560956954956055 
848	 0.561035871505737 
849	 0.5611652135849 
850	 0.56140547990799 
851	 0.561589002609253 
852	 0.561715006828308 
853	 0.561881899833679 
854	 0.562122702598572 
855	 0.562288522720337 
856	 0.562394976615906 
857	 0.562536299228668 
858	 0.562760055065155 
859	 0.562838613986969 
860	 0.562999844551086 
861	 0.56323230266571 
862	 0.563403427600861 
863	 0.563496232032776 
864	 0.563628196716309 
865	 0.563740968704224 
866	 0.56366640329361 
867	 0.563805162906647 
868	 0.564013779163361 
869	 0.564171195030212 
870	 0.564298748970032 
871	 0.564379215240479 
872	 0.564434289932251 
873	 0.564483344554901 
874	 0.564516246318817 
875	 0.564602732658386 
876	 0.56471574306488 
877	 0.56480860710144 
878	 0.564893126487732 
879	 0.564929127693176 
880	 0.564971745014191 
881	 0.565079867839813 
882	 0.565070629119873 
883	 0.565053164958954 
884	 0.565104305744171 
885	 0.565236866474152 
886	 0.565291345119476 
887	 0.565302848815918 
888	 0.56531035900116 
889	 0.565328240394592 
890	 0.565371215343475 
891	 0.565447270870209 
892	 0.565499305725098 
893	 0.565372109413147 
894	 0.565307438373566 
895	 0.565391421318054 
896	 0.565553069114685 
897	 0.565436005592346 
898	 0.565401196479797 
899	 0.565495193004608 
900	 0.565612554550171 
901	 0.565525770187378 
902	 0.565526723861694 
903	 0.565603137016296 
904	 0.565618932247162 
905	 0.565705537796021 
906	 0.565755426883698 
907	 0.565772712230682 
908	 0.565834879875183 
909	 0.56586092710495 
910	 0.565834641456604 
911	 0.565801203250885 
912	 0.565850496292114 
913	 0.565951347351074 
914	 0.566039979457855 
915	 0.566111087799072 
916	 0.56623786687851 
917	 0.566222429275513 
918	 0.566233098506927 
919	 0.566372215747833 
920	 0.566482245922089 
921	 0.56654167175293 
922	 0.566531240940094 
923	 0.566494286060333 
924	 0.566604316234589 
925	 0.566768050193787 
926	 0.566923260688782 
927	 0.567056119441986 
928	 0.567282497882843 
929	 0.567529559135437 
930	 0.567688167095184 
931	 0.567728996276855 
932	 0.567997574806213 
933	 0.568288743495941 
934	 0.568480432033539 
935	 0.568566083908081 
936	 0.568792700767517 
937	 0.569136321544647 
938	 0.569486021995544 
939	 0.569724321365356 
940	 0.570039570331573 
941	 0.570234954357147 
942	 0.570370614528656 
943	 0.570697009563446 
944	 0.570892155170441 
945	 0.57106602191925 
946	 0.571250200271606 
947	 0.571357190608978 
948	 0.571526408195496 
949	 0.571622788906097 
950	 0.57165265083313 
951	 0.571825921535492 
952	 0.571959435939789 
953	 0.572095692157745 
954	 0.572206199169159 
955	 0.572124540805817 
956	 0.572219133377075 
957	 0.572399437427521 
958	 0.572502315044403 
959	 0.572432219982147 
960	 0.572420001029968 
961	 0.572454929351807 
962	 0.572490334510803 
963	 0.572533965110779 
964	 0.572524905204773 
965	 0.572555303573608 
966	 0.572673797607422 
967	 0.572744011878967 
968	 0.572813332080841 
969	 0.572820723056793 
970	 0.572762608528137 
971	 0.572846233844757 
972	 0.572829723358154 
973	 0.572724223136902 
974	 0.572641670703888 
975	 0.5727459192276 
976	 0.572635114192963 
977	 0.572530925273895 
978	 0.572660028934479 
979	 0.572627365589142 
980	 0.572463274002075 
981	 0.572345912456512 
982	 0.572383880615234 
983	 0.57226026058197 
984	 0.572355449199677 
985	 0.572531282901764 
986	 0.572561919689178 
987	 0.572592496871948 
988	 0.57254558801651 
989	 0.572659730911255 
990	 0.573080956935883 
991	 0.573295116424561 
992	 0.573492228984833 
993	 0.573714137077332 
994	 0.573949456214905 
995	 0.574173986911774 
996	 0.574508607387543 
997	 0.574730515480042 
998	 0.57471239566803 
999	 0.57505202293396 
1000	 0.575321793556213 
1001	 0.571024179458618 
1002	 0.571136176586151 
1003	 0.571270763874054 
1004	 0.571406245231628 
1005	 0.571526408195496 
1006	 0.571623861789703 
1007	 0.571759104728699 
1008	 0.571816504001617 
1009	 0.571764469146729 
1010	 0.571783006191254 
1011	 0.571808874607086 
1012	 0.571851015090942 
1013	 0.571928024291992 
1014	 0.571989417076111 
1015	 0.572067260742188 
1016	 0.572083830833435 
1017	 0.572137773036957 
1018	 0.572246968746185 
1019	 0.57237845659256 
1020	 0.572547018527985 
1021	 0.572681128978729 
1022	 0.57280296087265 
1023	 0.572941601276398 
1024	 0.573084712028503 
1025	 0.573210537433624 
1026	 0.573330342769623 
1027	 0.573472380638123 
1028	 0.573596298694611 
1029	 0.573755383491516 
1030	 0.573948204517365 
1031	 0.574113845825195 
1032	 0.574255228042603 
1033	 0.574357628822327 
1034	 0.574457108974457 
1035	 0.574613869190216 
1036	 0.574764311313629 
1037	 0.574937403202057 
1038	 0.575082957744598 
1039	 0.575235307216644 
1040	 0.57536780834198 
1041	 0.5754634141922 
1042	 0.575601637363434 
1043	 0.575769126415253 
1044	 0.575904726982117 
1045	 0.576024949550629 
1046	 0.576103389263153 
1047	 0.576184153556824 
1048	 0.576255202293396 
1049	 0.576333582401276 
1050	 0.576457560062408 
1051	 0.576590955257416 
1052	 0.576719522476196 
1053	 0.576828122138977 
1054	 0.576950430870056 
1055	 0.577047228813171 
1056	 0.577108561992645 
1057	 0.577171862125397 
1058	 0.577233850955963 
1059	 0.577274203300476 
1060	 0.577322125434875 
1061	 0.577346622943878 
1062	 0.577366828918457 
1063	 0.577431797981262 
1064	 0.577522456645966 
1065	 0.577617764472961 
1066	 0.577706813812256 
1067	 0.577800035476685 
1068	 0.577853977680206 
1069	 0.57787823677063 
1070	 0.577901661396027 
1071	 0.57790732383728 
1072	 0.577928721904755 
1073	 0.577982842922211 
1074	 0.578043043613434 
1075	 0.578128457069397 
1076	 0.578179001808167 
1077	 0.578203320503235 
1078	 0.578240811824799 
1079	 0.578257203102112 
1080	 0.578290224075317 
1081	 0.578341543674469 
1082	 0.578371107578278 
1083	 0.578434526920319 
1084	 0.578511655330658 
1085	 0.578557193279266 
1086	 0.578599691390991 
1087	 0.578637182712555 
1088	 0.578665018081665 
1089	 0.578709304332733 
1090	 0.57876318693161 
1091	 0.578835904598236 
1092	 0.578894555568695 
1093	 0.578892648220062 
1094	 0.578902840614319 
1095	 0.578919649124146 
1096	 0.57896488904953 
1097	 0.579053401947021 
1098	 0.579098463058472 
1099	 0.579123854637146 
1100	 0.579145669937134 
1101	 0.579129874706268 
1102	 0.579163908958435 
1103	 0.579198598861694 
1104	 0.579254984855652 
1105	 0.579262256622314 
1106	 0.57929539680481 
1107	 0.579304218292236 
1108	 0.579296052455902 
1109	 0.579343616962433 
1110	 0.579405963420868 
1111	 0.579455137252808 
1112	 0.579480946063995 
1113	 0.579497873783112 
1114	 0.57949423789978 
1115	 0.579469919204712 
1116	 0.57947301864624 
1117	 0.579472839832306 
1118	 0.579458773136139 
1119	 0.57944667339325 
1120	 0.579418122768402 
1121	 0.579385876655579 
1122	 0.579313218593597 
1123	 0.579221725463867 
1124	 0.579131603240967 
1125	 0.579020917415619 
1126	 0.578894436359406 
1127	 0.578766822814941 
1128	 0.578620731830597 
1129	 0.578449666500092 
1130	 0.578266143798828 
1131	 0.578074097633362 
1132	 0.577865481376648 
1133	 0.577636659145355 
1134	 0.577391147613525 
1135	 0.577102303504944 
1136	 0.576766550540924 
1137	 0.576426208019257 
1138	 0.576070725917816 
1139	 0.575667321681976 
1140	 0.575229704380035 
1141	 0.574800908565521 
1142	 0.574315905570984 
1143	 0.573832392692566 
1144	 0.5733522772789 
1145	 0.572808742523193 
1146	 0.572232842445374 
1147	 0.571624577045441 
1148	 0.571017146110535 
1149	 0.570437490940094 
1150	 0.569832265377045 
1151	 0.569224655628204 
1152	 0.568600714206696 
1153	 0.567941725254059 
1154	 0.567290544509888 
1155	 0.566647946834564 
1156	 0.565980553627014 
1157	 0.565303862094879 
1158	 0.56462824344635 
1159	 0.563933670520782 
1160	 0.5632444024086 
1161	 0.562568008899689 
1162	 0.561823844909668 
1163	 0.561095356941223 
1164	 0.560364186763763 
1165	 0.559618592262268 
1166	 0.558943212032318 
1167	 0.558265507221222 
1168	 0.557588696479797 
1169	 0.556903898715973 
1170	 0.556229054927826 
1171	 0.555517911911011 
1172	 0.554809868335724 
1173	 0.554045975208282 
1174	 0.553251624107361 
1175	 0.552439212799072 
1176	 0.55156797170639 
1177	 0.550710439682007 
1178	 0.54986584186554 
1179	 0.548960149288177 
1180	 0.548070073127747 
1181	 0.54716157913208 
1182	 0.546204328536987 
1183	 0.545315146446228 
1184	 0.544396221637726 
1185	 0.543493032455444 
1186	 0.542620897293091 
1187	 0.541751146316528 
1188	 0.540928065776825 
1189	 0.540135204792023 
1190	 0.539376556873322 
1191	 0.53865909576416 
1192	 0.53797173500061 
1193	 0.537306487560272 
1194	 0.536689281463623 
1195	 0.536109745502472 
1196	 0.535557925701141 
1197	 0.5350381731987 
1198	 0.534563958644867 
1199	 0.534101903438568 
1200	 0.533705532550812 
1201	 0.533334493637085 
1202	 0.532974541187286 
1203	 0.532698273658752 
1204	 0.532473504543304 
1205	 0.532326877117157 
1206	 0.532244563102722 
1207	 0.53226512670517 
1208	 0.532328844070435 
1209	 0.53254246711731 
1210	 0.532857477664948 
1211	 0.533306539058685 
1212	 0.53389698266983 
1213	 0.534577667713165 
1214	 0.535350322723389 
1215	 0.536275863647461 
1216	 0.537335693836212 
1217	 0.538478970527649 
1218	 0.539779424667358 
1219	 0.541148960590363 
1220	 0.542553663253784 
1221	 0.544094264507294 
1222	 0.545620918273926 
1223	 0.547212839126587 
1224	 0.548771679401398 
1225	 0.550355434417725 
1226	 0.551861464977264 
1227	 0.553378462791443 
1228	 0.554790139198303 
1229	 0.556164979934692 
1230	 0.557432413101196 
1231	 0.558617353439331 
1232	 0.55972695350647 
1233	 0.560734033584595 
1234	 0.561675429344177 
1235	 0.562520623207092 
1236	 0.563344657421112 
1237	 0.564111828804016 
1238	 0.564826905727386 
1239	 0.565480589866638 
1240	 0.566128611564636 
1241	 0.566737413406372 
1242	 0.56725013256073 
1243	 0.567761600017548 
1244	 0.568244755268097 
1245	 0.568709850311279 
1246	 0.569126665592194 
1247	 0.569561541080475 
1248	 0.569995164871216 
1249	 0.570417642593384 
1250	 0.570833265781403 
1251	 0.571229338645935 
1252	 0.571613371372223 
1253	 0.571989238262177 
1254	 0.572350263595581 
1255	 0.572703778743744 
1256	 0.57305920124054 
1257	 0.573391139507294 
1258	 0.573714673519135 
1259	 0.574007570743561 
1260	 0.574266731739044 
1261	 0.574522733688354 
1262	 0.574756860733032 
1263	 0.574988067150116 
1264	 0.575190544128418 
1265	 0.575383305549622 
1266	 0.575556874275208 
1267	 0.575699508190155 
1268	 0.575839698314667 
1269	 0.575967252254486 
1270	 0.576093971729279 
1271	 0.576208591461182 
1272	 0.57631641626358 
1273	 0.576421499252319 
1274	 0.576522052288055 
1275	 0.57662034034729 
1276	 0.57669460773468 
1277	 0.576772749423981 
1278	 0.576815009117126 
1279	 0.57680481672287 
1280	 0.576813519001007 
1281	 0.576810121536255 
1282	 0.576807796955109 
1283	 0.576805591583252 
1284	 0.576809167861938 
1285	 0.57681405544281 
1286	 0.576812267303467 
1287	 0.57682603597641 
1288	 0.576852440834045 
1289	 0.576875448226929 
1290	 0.576898217201233 
1291	 0.576931536197662 
1292	 0.57697468996048 
1293	 0.577010989189148 
1294	 0.5770623087883 
1295	 0.577087461948395 
1296	 0.577103972434998 
1297	 0.577104687690735 
1298	 0.577081561088562 
1299	 0.577065408229828 
1300	 0.577039361000061 
1301	 0.577015578746796 
1302	 0.576995730400085 
1303	 0.576970100402832 
1304	 0.576931059360504 
1305	 0.576905369758606 
1306	 0.576874732971191 
1307	 0.576861143112183 
1308	 0.576866626739502 
1309	 0.576878011226654 
1310	 0.576872229576111 
1311	 0.57686984539032 
1312	 0.576859176158905 
1313	 0.576836347579956 
1314	 0.576810538768768 
1315	 0.576788723468781 
1316	 0.57675176858902 
1317	 0.576701998710632 
1318	 0.576646447181702 
1319	 0.576581418514252 
1320	 0.576517403125763 
1321	 0.576450705528259 
1322	 0.576372444629669 
1323	 0.576290607452393 
1324	 0.576202690601349 
1325	 0.576103746891022 
1326	 0.575999081134796 
1327	 0.575903594493866 
1328	 0.575781226158142 
1329	 0.575653195381165 
1330	 0.57549375295639 
1331	 0.575309216976166 
1332	 0.575105667114258 
1333	 0.57488214969635 
1334	 0.57463014125824 
1335	 0.574366211891174 
1336	 0.574078440666199 
1337	 0.573800086975098 
1338	 0.5735222697258 
1339	 0.573202431201935 
1340	 0.572877764701843 
1341	 0.572517454624176 
1342	 0.572119772434235 
1343	 0.571699142456055 
1344	 0.571270525455475 
1345	 0.570793151855469 
1346	 0.570267736911774 
1347	 0.569732308387756 
1348	 0.569180488586426 
1349	 0.568587243556976 
1350	 0.567947030067444 
1351	 0.567312896251678 
1352	 0.566652953624725 
1353	 0.565980672836304 
1354	 0.565292716026306 
1355	 0.564617156982422 
1356	 0.563947677612305 
1357	 0.563244342803955 
1358	 0.562525033950806 
1359	 0.561810612678528 
1360	 0.561080992221832 
1361	 0.560328125953674 
1362	 0.559576392173767 
1363	 0.558858513832092 
1364	 0.558096170425415 
1365	 0.557329714298248 
1366	 0.556488454341888 
1367	 0.555625796318054 
1368	 0.554701685905457 
1369	 0.553709447383881 
1370	 0.552687466144562 
1371	 0.551623404026031 
1372	 0.550549507141113 
1373	 0.549440622329712 
1374	 0.548298299312592 
1375	 0.547123551368713 
1376	 0.545937061309814 
1377	 0.544709086418152 
1378	 0.543464541435242 
1379	 0.542187511920929 
1380	 0.540935873985291 
1381	 0.539651870727539 
1382	 0.538397312164307 
1383	 0.537149608135223 
1384	 0.535949170589447 
1385	 0.534755945205688 
1386	 0.533619284629822 
1387	 0.532515168190002 
1388	 0.531501054763794 
1389	 0.530522704124451 
1390	 0.529639482498169 
1391	 0.528877794742584 
1392	 0.528135478496552 
1393	 0.527488946914673 
1394	 0.526877224445343 
1395	 0.52625560760498 
1396	 0.525707364082336 
1397	 0.52503114938736 
1398	 0.524371147155762 
1399	 0.523512780666351 
1400	 0.522561728954315 
1401	 0.521467089653015 
1402	 0.520233452320099 
1403	 0.518889129161835 
1404	 0.517415821552277 
1405	 0.515868186950684 
1406	 0.514177203178406 
1407	 0.51247102022171 
1408	 0.510628461837769 
1409	 0.50887393951416 
1410	 0.507079184055328 
1411	 0.505355298519135 
1412	 0.503663778305054 
1413	 0.502054333686829 
1414	 0.50047093629837 
1415	 0.498979240655899 
1416	 0.497599571943283 
1417	 0.496226221323013 
1418	 0.494976609945297 
1419	 0.49363100528717 
1420	 0.492320686578751 
1421	 0.490910828113556 
1422	 0.489429205656052 
1423	 0.487878322601318 
1424	 0.486283302307129 
1425	 0.484539836645126 
1426	 0.482827216386795 
1427	 0.481075078248978 
1428	 0.47927251458168 
1429	 0.477602630853653 
1430	 0.475952953100204 
1431	 0.474297672510147 
1432	 0.472768574953079 
1433	 0.471303045749664 
1434	 0.469964593648911 
1435	 0.468721270561218 
1436	 0.467552810907364 
1437	 0.466510206460953 
1438	 0.465509682893753 
1439	 0.46456640958786 
1440	 0.463693231344223 
1441	 0.462888926267624 
1442	 0.462160348892212 
1443	 0.461447477340698 
1444	 0.460918456315994 
1445	 0.460431963205338 
1446	 0.460225790739059 
1447	 0.46013543009758 
1448	 0.460382491350174 
1449	 0.460867077112198 
1450	 0.461658984422684 
1451	 0.462785959243774 
1452	 0.464112997055054 
1453	 0.465805381536484 
1454	 0.467536568641663 
1455	 0.46953547000885 
1456	 0.471495807170868 
1457	 0.473629593849182 
1458	 0.475627481937408 
1459	 0.477638334035873 
1460	 0.479540258646011 
1461	 0.481361120939255 
1462	 0.483070284128189 
1463	 0.484689295291901 
1464	 0.486222952604294 
1465	 0.487616509199142 
1466	 0.488995254039764 
1467	 0.490251660346985 
1468	 0.491434276103973 
1469	 0.492559015750885 
1470	 0.493557631969452 
1471	 0.494528263807297 
1472	 0.495434999465942 
1473	 0.496299296617508 
1474	 0.497088223695755 
1475	 0.49787974357605 
1476	 0.498623460531235 
1477	 0.499391406774521 
1478	 0.500158667564392 
1479	 0.500884473323822 
1480	 0.501607716083527 
1481	 0.502292156219482 
1482	 0.502923190593719 
1483	 0.503569781780243 
1484	 0.504214704036713 
1485	 0.504832744598389 
1486	 0.505437672138214 
1487	 0.506018161773682 
1488	 0.506573140621185 
1489	 0.507115304470062 
1490	 0.507638871669769 
1491	 0.508151769638062 
1492	 0.50864565372467 
1493	 0.509133815765381 
1494	 0.509611308574677 
1495	 0.510074973106384 
1496	 0.510523557662964 
1497	 0.510969161987305 
1498	 0.511411249637604 
1499	 0.511833965778351 
1500	 0.512244403362274 
1501	 0.512647986412048 
1502	 0.513036847114563 
1503	 0.513411521911621 
1504	 0.513781428337097 
1505	 0.514134705066681 
1506	 0.514472365379334 
1507	 0.514792621135712 
1508	 0.515092194080353 
1509	 0.515388131141663 
1510	 0.515675127506256 
1511	 0.515941202640533 
1512	 0.516191005706787 
1513	 0.516438186168671 
1514	 0.516664266586304 
1515	 0.516888797283173 
1516	 0.517128646373749 
1517	 0.5173379778862 
1518	 0.517526686191559 
1519	 0.517700850963593 
1520	 0.517842888832092 
1521	 0.517989099025726 
1522	 0.51812881231308 
1523	 0.518251180648804 
1524	 0.518364310264587 
1525	 0.518462061882019 
1526	 0.518575072288513 
1527	 0.518686592578888 
1528	 0.518783211708069 
1529	 0.518893182277679 
1530	 0.51895934343338 
1531	 0.518992245197296 
1532	 0.519027948379517 
1533	 0.519040822982788 
1534	 0.519070744514465 
1535	 0.519093930721283 
1536	 0.519134223461151 
1537	 0.519191443920136 
1538	 0.519233226776123 
1539	 0.519271552562714 
1540	 0.519322395324707 
1541	 0.519372522830963 
1542	 0.519423484802246 
1543	 0.519492030143738 
1544	 0.519541323184967 
1545	 0.519578039646149 
1546	 0.519614994525909 
1547	 0.519650816917419 
1548	 0.519678056240082 
1549	 0.519696772098541 
1550	 0.519714534282684 
1551	 0.519734144210815 
1552	 0.519734263420105 
1553	 0.519715785980225 
1554	 0.519712328910828 
1555	 0.519690632820129 
1556	 0.519698202610016 
1557	 0.519738137722015 
1558	 0.519755661487579 
1559	 0.519772887229919 
1560	 0.519791066646576 
1561	 0.519791662693024 
1562	 0.519817769527435 
1563	 0.519862413406372 
1564	 0.519903182983398 
1565	 0.519950985908508 
1566	 0.520003974437714 
1567	 0.52004861831665 
1568	 0.520120203495026 
1569	 0.520214080810547 
1570	 0.520307123661041 
1571	 0.520418703556061 
1572	 0.520523726940155 
1573	 0.520627677440643 
1574	 0.520733535289764 
1575	 0.520837426185608 
1576	 0.52095103263855 
1577	 0.521075963973999 
1578	 0.52118980884552 
1579	 0.521318912506104 
1580	 0.521418333053589 
1581	 0.521487593650818 
1582	 0.521569848060608 
1583	 0.521630942821503 
1584	 0.521716892719269 
1585	 0.521815478801727 
1586	 0.521925449371338 
1587	 0.522066712379456 
1588	 0.52218109369278 
1589	 0.522305548191071 
1590	 0.52240115404129 
1591	 0.522465229034424 
1592	 0.522530972957611 
1593	 0.52257251739502 
1594	 0.522631406784058 
1595	 0.522686898708344 
1596	 0.522755861282349 
1597	 0.52284836769104 
1598	 0.522927105426788 
1599	 0.523019969463348 
1600	 0.523085951805115 
1601	 0.523134887218475 
1602	 0.52317351102829 
1603	 0.523181796073914 
1604	 0.523205637931824 
1605	 0.523227512836456 
1606	 0.523251712322235 
1607	 0.523300468921661 
1608	 0.523315012454987 
1609	 0.523328423500061 
1610	 0.523303151130676 
1611	 0.523225486278534 
1612	 0.523162841796875 
1613	 0.523085176944733 
1614	 0.52300238609314 
1615	 0.52293074131012 
1616	 0.522837042808533 
1617	 0.522713959217072 
1618	 0.522599339485168 
1619	 0.52248227596283 
1620	 0.522359490394592 
1621	 0.522241353988647 
1622	 0.522106885910034 
1623	 0.521961092948914 
1624	 0.521805286407471 
1625	 0.521644294261932 
1626	 0.521463751792908 
1627	 0.521254003047943 
1628	 0.521058142185211 
1629	 0.520862221717834 
1630	 0.520651876926422 
1631	 0.52044951915741 
1632	 0.520226061344147 
1633	 0.519969761371613 
1634	 0.519721269607544 
1635	 0.519474983215332 
1636	 0.519221007823944 
1637	 0.518956184387207 
1638	 0.518697559833527 
1639	 0.518429696559906 
1640	 0.518168389797211 
1641	 0.517928242683411 
1642	 0.517666697502136 
1643	 0.51740288734436 
1644	 0.517125248908997 
1645	 0.516836583614349 
1646	 0.51652580499649 
1647	 0.516212642192841 
1648	 0.515857636928558 
1649	 0.515478789806366 
1650	 0.51506233215332 
1651	 0.514610052108765 
1652	 0.514127433300018 
1653	 0.513594567775726 
1654	 0.513060748577118 
1655	 0.512514293193817 
1656	 0.511923909187317 
1657	 0.511330008506775 
1658	 0.510669112205505 
1659	 0.509951174259186 
1660	 0.50920444726944 
1661	 0.508435189723969 
1662	 0.507580935955048 
1663	 0.506673574447632 
1664	 0.505683958530426 
1665	 0.504605114459991 
1666	 0.503470897674561 
1667	 0.502290487289429 
1668	 0.50102698802948 
1669	 0.499698787927628 
1670	 0.498275876045227 
1671	 0.49674117565155 
1672	 0.495155811309814 
1673	 0.493501871824265 
1674	 0.491762727499008 
1675	 0.489958941936493 
1676	 0.488104969263077 
1677	 0.486167758703232 
1678	 0.484179139137268 
1679	 0.482117503881454 
1680	 0.480010122060776 
1681	 0.477867603302002 
1682	 0.475603520870209 
1683	 0.473271310329437 
1684	 0.470896333456039 
1685	 0.468422770500183 
1686	 0.465894758701324 
1687	 0.463301956653595 
1688	 0.460648626089096 
1689	 0.45790421962738 
1690	 0.455112099647522 
1691	 0.452274888753891 
1692	 0.449465572834015 
1693	 0.446611911058426 
1694	 0.443750828504562 
1695	 0.440886557102203 
1696	 0.437976062297821 
1697	 0.43503725528717 
1698	 0.432018935680389 
1699	 0.428950577974319 
1700	 0.425968766212463 
1701	 0.42290598154068 
1702	 0.419993311166763 
1703	 0.417126834392548 
1704	 0.414417505264282 
1705	 0.411769211292267 
1706	 0.409266233444214 
1707	 0.407091289758682 
1708	 0.405024945735931 
1709	 0.403100818395615 
1710	 0.401389956474304 
1711	 0.39971062541008 
1712	 0.398201107978821 
1713	 0.39677295088768 
1714	 0.395375102758408 
1715	 0.394168436527252 
1716	 0.392946511507034 
1717	 0.391768485307693 
1718	 0.390690237283707 
1719	 0.389571100473404 
1720	 0.388526737689972 
1721	 0.38759571313858 
1722	 0.386779546737671 
1723	 0.386170327663422 
1724	 0.385720878839493 
1725	 0.385436207056046 
1726	 0.385345757007599 
1727	 0.385462135076523 
1728	 0.385820031166077 
1729	 0.386466443538666 
1730	 0.387401312589645 
1731	 0.388513326644897 
1732	 0.389896601438522 
1733	 0.39141982793808 
1734	 0.393075585365295 
1735	 0.394869118928909 
1736	 0.396566420793533 
1737	 0.398169815540314 
1738	 0.399604499340057 
1739	 0.400793254375458 
1740	 0.401840358972549 
1741	 0.402606636285782 
1742	 0.403091967105865 
1743	 0.403432846069336 
1744	 0.403486698865891 
1745	 0.403487890958786 
1746	 0.403302043676376 
1747	 0.403110295534134 
1748	 0.402799069881439 
1749	 0.40253072977066 
1750	 0.402207881212235 
1751	 0.40196493268013 
1752	 0.401710391044617 
1753	 0.401584595441818 
1754	 0.401523381471634 
1755	 0.401586651802063 
1756	 0.401724427938461 
1757	 0.402027666568756 
1758	 0.402512520551682 
1759	 0.403097301721573 
1760	 0.40387162566185 
1761	 0.404828399419785 
1762	 0.40583398938179 
1763	 0.407056033611298 
1764	 0.408433377742767 
1765	 0.409942656755447 
1766	 0.411693572998047 
1767	 0.413493901491165 
1768	 0.415369510650635 
1769	 0.417300075292587 
1770	 0.419121593236923 
1771	 0.420980483293533 
1772	 0.422761648893356 
1773	 0.424403846263886 
1774	 0.426031917333603 
1775	 0.427458584308624 
1776	 0.428778052330017 
1777	 0.430033564567566 
1778	 0.431074619293213 
1779	 0.432056248188019 
1780	 0.432985216379166 
1781	 0.433776170015335 
1782	 0.434532523155212 
1783	 0.435221403837204 
1784	 0.435810029506683 
1785	 0.436291515827179 
1786	 0.436730027198792 
1787	 0.437091022729874 
1788	 0.437422454357147 
1789	 0.437705665826797 
1790	 0.437947422266006 
1791	 0.438120812177658 
1792	 0.438306659460068 
1793	 0.438450217247009 
1794	 0.438623070716858 
1795	 0.438791245222092 
1796	 0.438954949378967 
1797	 0.43916192650795 
1798	 0.439389139413834 
1799	 0.439595103263855 
1800	 0.439797163009644 
1801	 0.44175198674202 
1802	 0.441982954740524 
1803	 0.442212700843811 
1804	 0.442425817251205 
1805	 0.442656546831131 
1806	 0.4428631067276 
1807	 0.443081974983215 
1808	 0.443280905485153 
1809	 0.443436950445175 
1810	 0.443625867366791 
1811	 0.443820714950562 
1812	 0.444026798009872 
1813	 0.444248586893082 
1814	 0.444470435380936 
1815	 0.444668263196945 
1816	 0.444909542798996 
1817	 0.445161879062653 
1818	 0.445406883955002 
1819	 0.445694267749786 
1820	 0.446022391319275 
1821	 0.446350246667862 
1822	 0.446701943874359 
1823	 0.447064012289047 
1824	 0.447395324707031 
1825	 0.447758853435516 
1826	 0.448117643594742 
1827	 0.4484683573246 
1828	 0.448823690414429 
1829	 0.449202239513397 
1830	 0.449556082487106 
1831	 0.449888736009598 
1832	 0.450245887041092 
1833	 0.450570702552795 
1834	 0.450910419225693 
1835	 0.451282143592834 
1836	 0.451618552207947 
1837	 0.451958179473877 
1838	 0.452286869287491 
1839	 0.452651798725128 
1840	 0.453023463487625 
1841	 0.453401625156403 
1842	 0.453811228275299 
1843	 0.454219669103622 
1844	 0.454614996910095 
1845	 0.454976201057434 
1846	 0.455359935760498 
1847	 0.45575287938118 
1848	 0.456132799386978 
1849	 0.456534117460251 
1850	 0.456888169050217 
1851	 0.457226604223251 
1852	 0.457529425621033 
1853	 0.457826882600784 
1854	 0.458070695400238 
1855	 0.458301573991776 
1856	 0.458535492420197 
1857	 0.45873236656189 
1858	 0.458921313285828 
1859	 0.459079533815384 
1860	 0.459235548973084 
1861	 0.45932924747467 
1862	 0.459390610456467 
1863	 0.459402114152908 
1864	 0.45935469865799 
1865	 0.459285616874695 
1866	 0.459184259176254 
1867	 0.459058284759521 
1868	 0.458916366100311 
1869	 0.458733350038528 
1870	 0.458522111177444 
1871	 0.45829564332962 
1872	 0.458007901906967 
1873	 0.457680821418762 
1874	 0.457324624061584 
1875	 0.456905275583267 
1876	 0.456381380558014 
1877	 0.455806165933609 
1878	 0.455133140087128 
1879	 0.454335421323776 
1880	 0.453486800193787 
1881	 0.452529549598694 
1882	 0.451469331979752 
1883	 0.450319170951843 
1884	 0.449057579040527 
1885	 0.447605043649673 
1886	 0.446055769920349 
1887	 0.44433319568634 
1888	 0.442430287599564 
1889	 0.440546125173569 
1890	 0.438485085964203 
1891	 0.436376392841339 
1892	 0.434262424707413 
1893	 0.432038605213165 
1894	 0.429671138525009 
1895	 0.427377462387085 
1896	 0.425036877393723 
1897	 0.422663033008575 
1898	 0.420495420694351 
1899	 0.418302536010742 
1900	 0.416183203458786 
1901	 0.414189875125885 
1902	 0.412106543779373 
1903	 0.410171627998352 
1904	 0.40828812122345 
1905	 0.406437069177628 
1906	 0.404647469520569 
1907	 0.403089672327042 
1908	 0.401528209447861 
1909	 0.400077283382416 
1910	 0.398731827735901 
1911	 0.397347033023834 
1912	 0.396088361740112 
1913	 0.394888699054718 
1914	 0.393737316131592 
1915	 0.392687618732452 
1916	 0.39175620675087 
1917	 0.390834391117096 
1918	 0.389991670846939 
1919	 0.389223515987396 
1920	 0.388468265533447 
1921	 0.387813627719879 
1922	 0.387193500995636 
1923	 0.386602848768234 
1924	 0.386099398136139 
1925	 0.385619848966599 
1926	 0.385202050209045 
1927	 0.384851276874542 
1928	 0.384527653455734 
1929	 0.384236812591553 
1930	 0.384015649557114 
1931	 0.383849203586578 
1932	 0.383752256631851 
1933	 0.383727490901947 
1934	 0.383742213249207 
1935	 0.383803248405457 
1936	 0.383896797895432 
1937	 0.384052783250809 
1938	 0.384274899959564 
1939	 0.384533673524857 
1940	 0.384837239980698 
1941	 0.385197073221207 
1942	 0.385577946901321 
1943	 0.386037290096283 
1944	 0.386513948440552 
1945	 0.387009888887405 
1946	 0.38755539059639 
1947	 0.388066530227661 
1948	 0.388611882925034 
1949	 0.389162331819534 
1950	 0.389691561460495 
1951	 0.390215963125229 
1952	 0.390739679336548 
1953	 0.391241401433945 
1954	 0.3917555809021 
1955	 0.392301082611084 
1956	 0.392831176519394 
1957	 0.393395811319351 
1958	 0.393959611654282 
1959	 0.39447546005249 
1960	 0.395010709762573 
1961	 0.395539939403534 
1962	 0.39604789018631 
1963	 0.39656800031662 
1964	 0.397095441818237 
1965	 0.397621870040894 
1966	 0.398157179355621 
1967	 0.398685395717621 
1968	 0.399171024560928 
1969	 0.399657160043716 
1970	 0.400116860866547 
1971	 0.400565505027771 
1972	 0.401043683290482 
1973	 0.401506274938583 
1974	 0.401960283517838 
1975	 0.402428805828094 
1976	 0.402836233377457 
1977	 0.403204590082169 
1978	 0.403584450483322 
1979	 0.403932005167007 
1980	 0.404262095689774 
1981	 0.404657751321793 
1982	 0.405012339353561 
1983	 0.405345678329468 
1984	 0.405668616294861 
1985	 0.405923306941986 
1986	 0.406159728765488 
1987	 0.406385898590088 
1988	 0.406595170497894 
1989	 0.406774669885635 
1990	 0.406930923461914 
1991	 0.407074153423309 
1992	 0.407190799713135 
1993	 0.407291173934937 
1994	 0.407382786273956 
1995	 0.407471626996994 
1996	 0.407544374465942 
1997	 0.407586514949799 
1998	 0.407616764307022 
1999	 0.407637894153595 
2000	 0.407637268304825 
2001	 0.407602250576019 
2002	 0.407577931880951 
2003	 0.407549530267715 
2004	 0.407497644424438 
2005	 0.407436668872833 
2006	 0.407369911670685 
2007	 0.407286465167999 
2008	 0.407189309597015 
2009	 0.407090753316879 
2010	 0.406989753246307 
2011	 0.406888872385025 
2012	 0.406795412302017 
2013	 0.406710058450699 
2014	 0.4066461622715 
2015	 0.40656915307045 
2016	 0.406513273715973 
2017	 0.406410962343216 
2018	 0.406300276517868 
2019	 0.406152069568634 
2020	 0.405968129634857 
2021	 0.405752211809158 
2022	 0.405528903007507 
2023	 0.405286967754364 
2024	 0.405013799667358 
2025	 0.40473261475563 
2026	 0.404408931732178 
2027	 0.404027819633484 
2028	 0.403675705194473 
2029	 0.403301030397415 
2030	 0.402933418750763 
2031	 0.402601450681686 
2032	 0.402227163314819 
2033	 0.401813060045242 
2034	 0.401417434215546 
2035	 0.401012629270554 
2036	 0.400587230920792 
2037	 0.400221973657608 
2038	 0.399863541126251 
2039	 0.399477332830429 
2040	 0.399096876382828 
2041	 0.39869636297226 
2042	 0.398256421089172 
2043	 0.397849023342133 
2044	 0.397433429956436 
2045	 0.397057354450226 
2046	 0.396706759929657 
2047	 0.396357476711273 
2048	 0.396029531955719 
2049	 0.395716816186905 
2050	 0.395400136709213 
2051	 0.395120292901993 
2052	 0.394854307174683 
2053	 0.394603133201599 
2054	 0.394374310970306 
2055	 0.394169181585312 
2056	 0.393956273794174 
2057	 0.3937768638134 
2058	 0.39356517791748 
2059	 0.393326789140701 
2060	 0.39311471581459 
2061	 0.392899662256241 
2062	 0.392696887254715 
2063	 0.392523974180222 
2064	 0.39233011007309 
2065	 0.39212092757225 
2066	 0.391928464174271 
2067	 0.391729116439819 
2068	 0.391544818878174 
2069	 0.391348510980606 
2070	 0.391154259443283 
2071	 0.390959084033966 
2072	 0.390764236450195 
2073	 0.390554070472717 
2074	 0.390342980623245 
2075	 0.39012685418129 
2076	 0.389893561601639 
2077	 0.389663070440292 
2078	 0.389433443546295 
2079	 0.389204114675522 
2080	 0.388970166444778 
2081	 0.388728678226471 
2082	 0.388471215963364 
2083	 0.388245403766632 
2084	 0.38799974322319 
2085	 0.387776762247086 
2086	 0.387559413909912 
2087	 0.387358367443085 
2088	 0.387155055999756 
2089	 0.38695901632309 
2090	 0.386759459972382 
2091	 0.386564135551453 
2092	 0.386372119188309 
2093	 0.386184960603714 
2094	 0.38599306344986 
2095	 0.385802209377289 
2096	 0.385608196258545 
2097	 0.385406583547592 
2098	 0.385207206010818 
2099	 0.385036110877991 
2100	 0.384838342666626 
2101	 0.384613752365112 
2102	 0.384388834238052 
2103	 0.384122222661972 
2104	 0.383801341056824 
2105	 0.383502304553986 
2106	 0.383198142051697 
2107	 0.382869064807892 
2108	 0.382531821727753 
2109	 0.382181346416473 
2110	 0.381811410188675 
2111	 0.381429135799408 
2112	 0.381031811237335 
2113	 0.380626648664474 
2114	 0.380193829536438 
2115	 0.379768431186676 
2116	 0.379347383975983 
2117	 0.378925323486328 
2118	 0.378476172685623 
2119	 0.378015726804733 
2120	 0.377545654773712 
2121	 0.377029091119766 
2122	 0.376571536064148 
2123	 0.37612971663475 
2124	 0.375700384378433 
2125	 0.375315397977829 
2126	 0.374905318021774 
2127	 0.374470829963684 
2128	 0.374078541994095 
2129	 0.373669147491455 
2130	 0.373323917388916 
2131	 0.373038172721863 
2132	 0.37276217341423 
2133	 0.372509151697159 
2134	 0.3723104596138 
2135	 0.372109562158585 
2136	 0.371940821409225 
2137	 0.371768981218338 
2138	 0.371614515781403 
2139	 0.371473401784897 
2140	 0.371332734823227 
2141	 0.371215134859085 
2142	 0.371109992265701 
2143	 0.371046006679535 
2144	 0.371013283729553 
2145	 0.37099015712738 
2146	 0.370986431837082 
2147	 0.371023207902908 
2148	 0.3710797727108 
2149	 0.37116014957428 
2150	 0.371303230524063 
2151	 0.371437042951584 
2152	 0.37157678604126 
2153	 0.371724754571915 
2154	 0.371895223855972 
2155	 0.372051596641541 
2156	 0.372187256813049 
2157	 0.372315913438797 
2158	 0.372429966926575 
2159	 0.372517049312592 
2160	 0.372615545988083 
2161	 0.372723519802094 
2162	 0.372796267271042 
2163	 0.372860193252563 
2164	 0.372897744178772 
2165	 0.372902929782867 
2166	 0.372905045747757 
2167	 0.372891306877136 
2168	 0.372869163751602 
2169	 0.372821629047394 
2170	 0.372784197330475 
2171	 0.372753709554672 
2172	 0.372705608606339 
2173	 0.372652977705002 
2174	 0.372593760490417 
2175	 0.372514545917511 
2176	 0.37243527173996 
2177	 0.372380256652832 
2178	 0.372339129447937 
2179	 0.372295588254929 
2180	 0.372266173362732 
2181	 0.372230470180511 
2182	 0.372201174497604 
2183	 0.37215131521225 
2184	 0.37209564447403 
2185	 0.372036278247833 
2186	 0.371953219175339 
2187	 0.371887385845184 
2188	 0.371849209070206 
2189	 0.371771395206451 
2190	 0.371670365333557 
2191	 0.37157329916954 
2192	 0.371455579996109 
2193	 0.371341317892075 
2194	 0.371248304843903 
2195	 0.371127873659134 
2196	 0.3710036277771 
2197	 0.370834529399872 
2198	 0.370671212673187 
2199	 0.370484292507172 
2200	 0.370280891656876 
2201	 0.370061278343201 
2202	 0.369831264019012 
2203	 0.36958310008049 
2204	 0.369319319725037 
2205	 0.369034111499786 
2206	 0.368755877017975 
2207	 0.368460237979889 
2208	 0.368168771266937 
2209	 0.367901504039764 
2210	 0.367597609758377 
2211	 0.367291837930679 
2212	 0.366937905550003 
2213	 0.366523206233978 
2214	 0.366129726171494 
2215	 0.365716636180878 
2216	 0.365299433469772 
2217	 0.364936709403992 
2218	 0.364486783742905 
2219	 0.363973379135132 
2220	 0.363452076911926 
2221	 0.362893581390381 
2222	 0.362290531396866 
2223	 0.361720681190491 
2224	 0.361069828271866 
2225	 0.360359609127045 
2226	 0.359594225883484 
2227	 0.358768790960312 
2228	 0.357881814241409 
2229	 0.35693633556366 
2230	 0.355938822031021 
2231	 0.3548623919487 
2232	 0.353721767663956 
2233	 0.352475166320801 
2234	 0.351199626922607 
2235	 0.349714368581772 
2236	 0.348081052303314 
2237	 0.34635117650032 
2238	 0.344392776489258 
2239	 0.342457473278046 
2240	 0.34051039814949 
2241	 0.33839875459671 
2242	 0.336271643638611 
2243	 0.333915859460831 
2244	 0.331295102834702 
2245	 0.328679114580154 
2246	 0.3258376121521 
2247	 0.323069274425507 
2248	 0.320350408554077 
2249	 0.317534357309341 
2250	 0.314680486917496 
2251	 0.31182736158371 
2252	 0.308737486600876 
2253	 0.305717349052429 
2254	 0.302606791257858 
2255	 0.299467027187347 
2256	 0.296611577272415 
2257	 0.293683856725693 
2258	 0.290832310914993 
2259	 0.288146376609802 
2260	 0.28530952334404 
2261	 0.282348722219467 
2262	 0.27960017323494 
2263	 0.276827245950699 
2264	 0.274257361888886 
2265	 0.271897852420807 
2266	 0.269514799118042 
2267	 0.26727631688118 
2268	 0.264961153268814 
2269	 0.262608736753464 
2270	 0.260384738445282 
2271	 0.258157998323441 
2272	 0.25603649020195 
2273	 0.25406602025032 
2274	 0.252081602811813 
2275	 0.250215291976929 
2276	 0.248231828212738 
2277	 0.246271222829819 
2278	 0.244231551885605 
2279	 0.242009654641151 
2280	 0.239879861474037 
2281	 0.237814232707024 
2282	 0.235651805996895 
2283	 0.23350116610527 
2284	 0.231326326727867 
2285	 0.228846549987793 
2286	 0.226369649171829 
2287	 0.223765507340431 
2288	 0.221082344651222 
2289	 0.218602478504181 
2290	 0.215958014130592 
2291	 0.213311716914177 
2292	 0.210655704140663 
2293	 0.207798019051552 
2294	 0.2050541639328 
2295	 0.202328950166702 
2296	 0.199670389294624 
2297	 0.197307631373405 
2298	 0.195098921656609 
2299	 0.193160101771355 
2300	 0.19150984287262 
2301	 0.190039336681366 
2302	 0.188749402761459 
2303	 0.18781766295433 
2304	 0.187141254544258 
2305	 0.18677094578743 
2306	 0.186794474720955 
2307	 0.186994597315788 
2308	 0.187438979744911 
2309	 0.188160210847855 
2310	 0.189183190464973 
2311	 0.190398916602135 
2312	 0.191985115408897 
2313	 0.193615362048149 
2314	 0.195489853620529 
2315	 0.197362244129181 
2316	 0.19939112663269 
2317	 0.201333433389664 
2318	 0.203419357538223 
2319	 0.20522104203701 
2320	 0.20702588558197 
2321	 0.208453357219696 
2322	 0.209582313895226 
2323	 0.210535928606987 
2324	 0.211152628064156 
2325	 0.211663737893105 
2326	 0.212015688419342 
2327	 0.212186485528946 
2328	 0.212138324975967 
2329	 0.211983978748322 
2330	 0.211674004793167 
2331	 0.211178213357925 
2332	 0.210568219423294 
2333	 0.209861025214195 
2334	 0.208953410387039 
2335	 0.20799632370472 
2336	 0.20698918402195 
2337	 0.205805361270905 
2338	 0.20460470020771 
2339	 0.203329414129257 
2340	 0.202029496431351 
2341	 0.20085047185421 
2342	 0.199680343270302 
2343	 0.198606908321381 
2344	 0.197724014520645 
2345	 0.197014629840851 
2346	 0.196657538414001 
2347	 0.19666063785553 
2348	 0.196887955069542 
2349	 0.197493508458138 
2350	 0.198411792516708 
2351	 0.199606657028198 
2352	 0.20109586417675 
2353	 0.202744007110596 
2354	 0.204406782984734 
2355	 0.206156581640244 
2356	 0.207788929343224 
2357	 0.209302201867104 
2358	 0.210778161883354 
2359	 0.211897313594818 
2360	 0.212853267788887 
2361	 0.213617742061615 
2362	 0.214090928435326 
2363	 0.214430540800095 
2364	 0.214603558182716 
2365	 0.214639544487 
2366	 0.214685797691345 
2367	 0.214698672294617 
2368	 0.214649826288223 
2369	 0.214634016156197 
2370	 0.21461895108223 
2371	 0.214636206626892 
2372	 0.214716583490372 
2373	 0.214780285954475 
2374	 0.21481166779995 
2375	 0.214876785874367 
2376	 0.215001940727234 
2377	 0.215098664164543 
2378	 0.215203285217285 
2379	 0.215247854590416 
2380	 0.215193688869476 
2381	 0.215275838971138 
2382	 0.215359225869179 
2383	 0.215457290410995 
2384	 0.215575471520424 
2385	 0.215750277042389 
2386	 0.215882897377014 
2387	 0.215970009565353 
2388	 0.21617916226387 
2389	 0.216426357626915 
2390	 0.216720014810562 
2391	 0.217196360230446 
2392	 0.217455670237541 
2393	 0.217617020010948 
2394	 0.217817038297653 
2395	 0.217905953526497 
2396	 0.218081995844841 
2397	 0.218358486890793 
2398	 0.218535050749779 
2399	 0.218671321868896 
2400	 0.218773424625397 
2401	 0.218829795718193 
2402	 0.218897238373756 
2403	 0.21894097328186 
2404	 0.219051271677017 
2405	 0.219177231192589 
2406	 0.21927110850811 
2407	 0.219357013702393 
2408	 0.219411835074425 
2409	 0.219453543424606 
2410	 0.219518065452576 
2411	 0.219586953520775 
2412	 0.219681367278099 
2413	 0.219716787338257 
2414	 0.219697445631027 
2415	 0.219819813966751 
2416	 0.219940558075905 
2417	 0.22006544470787 
2418	 0.220322489738464 
2419	 0.220426872372627 
2420	 0.220422357320786 
2421	 0.220461770892143 
2422	 0.220441788434982 
2423	 0.22047945857048 
2424	 0.220525041222572 
2425	 0.220651492476463 
2426	 0.220804050564766 
2427	 0.220742970705032 
2428	 0.220738992094994 
2429	 0.22063048183918 
2430	 0.220473006367683 
2431	 0.220378383994102 
2432	 0.220167309045792 
2433	 0.220138341188431 
2434	 0.220097035169601 
2435	 0.220058083534241 
2436	 0.220129624009132 
2437	 0.219985991716385 
2438	 0.219815880060196 
2439	 0.219653159379959 
2440	 0.219512805342674 
2441	 0.21949665248394 
2442	 0.219383731484413 
2443	 0.219283938407898 
2444	 0.219191282987595 
2445	 0.218926161527634 
2446	 0.2187619805336 
2447	 0.218550726771355 
2448	 0.218142464756966 
2449	 0.217876732349396 
2450	 0.217554003000259 
2451	 0.217214480042458 
2452	 0.21704763174057 
2453	 0.216824367642403 
2454	 0.216510310769081 
2455	 0.216205030679703 
2456	 0.215914368629456 
2457	 0.215544536709785 
2458	 0.215224340558052 
2459	 0.214988738298416 
2460	 0.21471194922924 
2461	 0.214301705360413 
2462	 0.213900983333588 
2463	 0.213581591844559 
2464	 0.213176533579826 
2465	 0.213056743144989 
2466	 0.213107988238335 
2467	 0.212931871414185 
2468	 0.212809637188911 
2469	 0.212617680430412 
2470	 0.212266564369202 
2471	 0.212088495492935 
2472	 0.211917534470558 
2473	 0.211741268634796 
2474	 0.211733594536781 
2475	 0.211642876267433 
2476	 0.211672976613045 
2477	 0.211910277605057 
2478	 0.211937844753265 
2479	 0.212051659822464 
2480	 0.211913704872131 
2481	 0.211844459176064 
2482	 0.211833223700523 
2483	 0.211891531944275 
2484	 0.211920127272606 
2485	 0.211957529187202 
2486	 0.212264463305473 
2487	 0.212494671344757 
2488	 0.212884709239006 
2489	 0.213547050952911 
2490	 0.214166164398193 
2491	 0.214494064450264 
2492	 0.214825108647346 
2493	 0.215496554970741 
2494	 0.215900301933289 
2495	 0.216308102011681 
2496	 0.217121049761772 
2497	 0.217660009860992 
2498	 0.218228831887245 
2499	 0.21912793815136 
2500	 0.21948815882206 
