Wavelength	TC7.002
350	 0.255756080150604 
351	 0.239096641540527 
352	 0.228768706321716 
353	 0.227242067456245 
354	 0.215109840035439 
355	 0.208044081926346 
356	 0.202016219496727 
357	 0.192181497812271 
358	 0.183644130825996 
359	 0.171152845025063 
360	 0.163067311048508 
361	 0.170250356197357 
362	 0.171267360448837 
363	 0.16197781264782 
364	 0.149078786373138 
365	 0.150384411215782 
366	 0.149760067462921 
367	 0.144003108143806 
368	 0.1359773427248 
369	 0.137636616826057 
370	 0.139895513653755 
371	 0.13780389726162 
372	 0.130228012800217 
373	 0.124066166579723 
374	 0.123737424612045 
375	 0.127504959702492 
376	 0.126171514391899 
377	 0.124397754669189 
378	 0.120889872312546 
379	 0.114708550274372 
380	 0.110001638531685 
381	 0.110226012766361 
382	 0.110670290887356 
383	 0.103860095143318 
384	 0.103087700903416 
385	 0.103579990565777 
386	 0.101437874138355 
387	 9.69986841082573E-02 
388	 9.38006192445755E-02 
389	 9.18184071779251E-02 
390	 9.01900008320808E-02 
391	 0.089305616915226 
392	 8.78511741757393E-02 
393	 8.65414068102837E-02 
394	 8.68929103016853E-02 
395	 8.44006016850472E-02 
396	 8.14292430877686E-02 
397	 8.02979990839958E-02 
398	 0.082098588347435 
399	 0.081469789147377 
400	 7.88807272911072E-02 
401	 7.65480920672417E-02 
402	 7.57662653923035E-02 
403	 7.58091360330582E-02 
404	 7.52580985426903E-02 
405	 7.26528093218803E-02 
406	 7.15780928730965E-02 
407	 7.09877088665962E-02 
408	 7.00554624199867E-02 
409	 6.98235780000687E-02 
410	 0.06858279556036 
411	 6.73984587192535E-02 
412	 6.75777345895767E-02 
413	 6.71282932162285E-02 
414	 6.56301453709602E-02 
415	 6.41064494848251E-02 
416	 6.45383894443512E-02 
417	 6.34305328130722E-02 
418	 6.27348646521568E-02 
419	 0.063561774790287 
420	 6.29904866218567E-02 
421	 6.20947293937206E-02 
422	 6.17476180195808E-02 
423	 6.23206458985806E-02 
424	 6.15140944719315E-02 
425	 6.06730915606022E-02 
426	 6.05609863996506E-02 
427	 0.060964971780777 
428	 6.05542436242104E-02 
429	 5.97987771034241E-02 
430	 5.93924559652805E-02 
431	 5.93210235238075E-02 
432	 0.059885710477829 
433	 6.02702125906944E-02 
434	 5.93855641782284E-02 
435	 5.94848804175854E-02 
436	 5.97340688109398E-02 
437	 5.95796778798103E-02 
438	 0.059425164014101 
439	 5.92614524066448E-02 
440	 5.93504458665848E-02 
441	 5.97964189946651E-02 
442	 5.97998686134815E-02 
443	 6.00540935993195E-02 
444	 6.04961253702641E-02 
445	 6.04816377162933E-02 
446	 6.04293160140514E-02 
447	 6.03456757962704E-02 
448	 6.03111758828163E-02 
449	 6.07302449643612E-02 
450	 6.12348280847073E-02 
451	 6.15225955843925E-02 
452	 6.14783652126789E-02 
453	 6.18994049727917E-02 
454	 6.23206794261932E-02 
455	 6.24762363731861E-02 
456	 6.24344423413277E-02 
457	 6.30669444799423E-02 
458	 6.36631697416306E-02 
459	 0.063747949898243 
460	 6.46706074476242E-02 
461	 6.52798935770988E-02 
462	 6.54586926102638E-02 
463	 6.56839236617088E-02 
464	 6.60879239439964E-02 
465	 6.68799355626106E-02 
466	 0.067791260778904 
467	 6.78065121173859E-02 
468	 6.85483440756798E-02 
469	 6.95477426052094E-02 
470	 7.00664669275284E-02 
471	 7.09626898169518E-02 
472	 7.17564523220062E-02 
473	 7.24661573767662E-02 
474	 7.34976530075073E-02 
475	 7.45378732681274E-02 
476	 7.55703449249268E-02 
477	 7.66801685094833E-02 
478	 7.80989751219749E-02 
479	 7.94546455144882E-02 
480	 8.08284059166908E-02 
481	 0.082438737154007 
482	 8.41688066720963E-02 
483	 0.085869088768959 
484	 8.75670835375786E-02 
485	 8.94857868552208E-02 
486	 9.19129848480225E-02 
487	 9.42774638533592E-02 
488	 9.62079763412476E-02 
489	 9.85023453831673E-02 
490	 0.101259373128414 
491	 0.104223906993866 
492	 0.106995269656181 
493	 0.110042802989483 
494	 0.113223612308502 
495	 0.116492420434952 
496	 0.120100542902946 
497	 0.123646654188633 
498	 0.127239927649498 
499	 0.131117463111877 
500	 0.135369524359703 
501	 0.1395523250103 
502	 0.143688783049583 
503	 0.148204296827316 
504	 0.152780577540398 
505	 0.157459080219269 
506	 0.162342816591263 
507	 0.167563438415527 
508	 0.172728031873703 
509	 0.177900120615959 
510	 0.183308109641075 
511	 0.188772559165955 
512	 0.194433867931366 
513	 0.200269103050232 
514	 0.206032201647758 
515	 0.211855411529541 
516	 0.217717304825783 
517	 0.223602741956711 
518	 0.22968228161335 
519	 0.235698536038399 
520	 0.241636976599693 
521	 0.247646778821945 
522	 0.253716647624969 
523	 0.259763479232788 
524	 0.2657550573349 
525	 0.271822810173035 
526	 0.277681350708008 
527	 0.283475935459137 
528	 0.289430260658264 
529	 0.295268207788467 
530	 0.300990909337997 
531	 0.306672036647797 
532	 0.312435775995255 
533	 0.317989230155945 
534	 0.323384433984756 
535	 0.328736931085587 
536	 0.334119707345963 
537	 0.339460641145706 
538	 0.34467488527298 
539	 0.349704265594482 
540	 0.354695707559586 
541	 0.35961440205574 
542	 0.36441496014595 
543	 0.369056850671768 
544	 0.373622208833694 
545	 0.378120958805084 
546	 0.382531136274338 
547	 0.386810749769211 
548	 0.390982091426849 
549	 0.395073443651199 
550	 0.399098694324493 
551	 0.402904331684113 
552	 0.406662404537201 
553	 0.410461664199829 
554	 0.413997232913971 
555	 0.417573481798172 
556	 0.421190857887268 
557	 0.424696952104568 
558	 0.428030252456665 
559	 0.431353598833084 
560	 0.434695601463318 
561	 0.437878280878067 
562	 0.440961688756943 
563	 0.443932056427002 
564	 0.446788311004639 
565	 0.449652820825577 
566	 0.45244112610817 
567	 0.455224335193634 
568	 0.458169549703598 
569	 0.46112585067749 
570	 0.464017003774643 
571	 0.466779589653015 
572	 0.469339281320572 
573	 0.471790045499802 
574	 0.474155128002167 
575	 0.476451605558395 
576	 0.478769421577454 
577	 0.481099992990494 
578	 0.483440369367599 
579	 0.485790222883224 
580	 0.48806157708168 
581	 0.490334153175354 
582	 0.492685467004776 
583	 0.49507549405098 
584	 0.497313559055328 
585	 0.499402523040771 
586	 0.501469612121582 
587	 0.503560245037079 
588	 0.50556468963623 
589	 0.507498383522034 
590	 0.509607434272766 
591	 0.511665463447571 
592	 0.513647258281708 
593	 0.515583276748657 
594	 0.517453968524933 
595	 0.519266128540039 
596	 0.521086037158966 
597	 0.523016929626465 
598	 0.5249382853508 
599	 0.526790022850037 
600	 0.528562068939209 
601	 0.530318021774292 
602	 0.532052338123322 
603	 0.533749282360077 
604	 0.535407543182373 
605	 0.537169098854065 
606	 0.538881897926331 
607	 0.540501892566681 
608	 0.542141795158386 
609	 0.543787837028503 
610	 0.545346975326538 
611	 0.546791970729828 
612	 0.548373758792877 
613	 0.549934804439545 
614	 0.551425397396088 
615	 0.552875995635986 
616	 0.554319083690643 
617	 0.555738985538483 
618	 0.557141184806824 
619	 0.558591723442078 
620	 0.559938609600067 
621	 0.561268210411072 
622	 0.562682628631592 
623	 0.563938200473785 
624	 0.565209031105042 
625	 0.566537916660309 
626	 0.567832171916962 
627	 0.569108784198761 
628	 0.570315718650818 
629	 0.571471214294434 
630	 0.572815835475922 
631	 0.573998808860779 
632	 0.575050294399261 
633	 0.576161861419678 
634	 0.577330589294434 
635	 0.578480124473572 
636	 0.579586923122406 
637	 0.580698788166046 
638	 0.581812560558319 
639	 0.582895576953888 
640	 0.583916664123535 
641	 0.584864139556885 
642	 0.585871815681458 
643	 0.586922883987427 
644	 0.587913155555725 
645	 0.588882684707642 
646	 0.589847505092621 
647	 0.590807795524597 
648	 0.591741979122162 
649	 0.59259957075119 
650	 0.593486368656158 
651	 0.594479441642761 
652	 0.59530645608902 
653	 0.596196353435516 
654	 0.597159385681152 
655	 0.598022818565369 
656	 0.598804295063019 
657	 0.599601566791534 
658	 0.600459218025208 
659	 0.601283073425293 
660	 0.602096736431122 
661	 0.602904677391052 
662	 0.60371869802475 
663	 0.604635953903198 
664	 0.605440080165863 
665	 0.606102883815765 
666	 0.606801748275757 
667	 0.607553362846375 
668	 0.60834002494812 
669	 0.609122216701508 
670	 0.609839856624603 
671	 0.610539436340332 
672	 0.611229062080383 
673	 0.611904144287109 
674	 0.612585127353668 
675	 0.613275706768036 
676	 0.613947510719299 
677	 0.614538908004761 
678	 0.61523973941803 
679	 0.615967810153961 
680	 0.616619288921356 
681	 0.617226362228394 
682	 0.617876648902893 
683	 0.618531167507172 
684	 0.619096279144287 
685	 0.619662344455719 
686	 0.620245039463043 
687	 0.620849668979645 
688	 0.621479749679565 
689	 0.622036755084991 
690	 0.622551381587982 
691	 0.623085677623749 
692	 0.623667478561401 
693	 0.624272406101227 
694	 0.624862551689148 
695	 0.62539666891098 
696	 0.625877141952515 
697	 0.626416683197021 
698	 0.627000510692596 
699	 0.62739235162735 
700	 0.62794154882431 
701	 0.628547370433807 
702	 0.629045903682709 
703	 0.629566669464111 
704	 0.630027830600739 
705	 0.630466401576996 
706	 0.630993902683258 
707	 0.631579458713531 
708	 0.632055342197418 
709	 0.632390439510345 
710	 0.632798969745636 
711	 0.633309900760651 
712	 0.633843183517456 
713	 0.634304940700531 
714	 0.634717643260956 
715	 0.635144948959351 
716	 0.635570883750916 
717	 0.635933041572571 
718	 0.636343479156494 
719	 0.636810779571533 
720	 0.637287378311157 
721	 0.637654781341553 
722	 0.638042509555817 
723	 0.638440668582916 
724	 0.638822972774506 
725	 0.639289975166321 
726	 0.639641642570496 
727	 0.639936745166779 
728	 0.640393972396851 
729	 0.640808880329132 
730	 0.641201496124268 
731	 0.641606986522675 
732	 0.642042636871338 
733	 0.642339408397675 
734	 0.642675697803497 
735	 0.643193185329437 
736	 0.643489718437195 
737	 0.643821537494659 
738	 0.644208073616028 
739	 0.644516408443451 
740	 0.644832611083984 
741	 0.645129442214966 
742	 0.645394444465637 
743	 0.645654737949371 
744	 0.645979464054108 
745	 0.646312713623047 
746	 0.646589815616608 
747	 0.646831750869751 
748	 0.647166013717651 
749	 0.647543013095856 
750	 0.647827982902527 
751	 0.648116528987885 
752	 0.648416936397552 
753	 0.648729383945465 
754	 0.649053514003754 
755	 0.649369120597839 
756	 0.649670124053955 
757	 0.649969816207886 
758	 0.650328636169434 
759	 0.650646805763245 
760	 0.650932550430298 
761	 0.651240110397339 
762	 0.651552379131317 
763	 0.651864290237427 
764	 0.652189254760742 
765	 0.652554035186768 
766	 0.652828097343445 
767	 0.653083145618439 
768	 0.653387248516083 
769	 0.653707981109619 
770	 0.654001832008362 
771	 0.654336452484131 
772	 0.654749631881714 
773	 0.654918015003204 
774	 0.655110478401184 
775	 0.65543919801712 
776	 0.655841648578644 
777	 0.656084895133972 
778	 0.65626072883606 
779	 0.656476616859436 
780	 0.65677285194397 
781	 0.657114267349243 
782	 0.657397031784058 
783	 0.657568037509918 
784	 0.657810211181641 
785	 0.658045053482056 
786	 0.658266246318817 
787	 0.658508956432343 
788	 0.658782482147217 
789	 0.65904039144516 
790	 0.659289598464966 
791	 0.659599959850311 
792	 0.659821689128876 
793	 0.659995377063751 
794	 0.660190761089325 
795	 0.660451591014862 
796	 0.660683393478394 
797	 0.660866379737854 
798	 0.661035716533661 
799	 0.661336362361908 
800	 0.661563158035278 
801	 0.66171407699585 
802	 0.661948382854462 
803	 0.662242650985718 
804	 0.662478268146515 
805	 0.662642240524292 
806	 0.66289609670639 
807	 0.663085401058197 
808	 0.663207411766052 
809	 0.663323581218719 
810	 0.663554668426514 
811	 0.663869619369507 
812	 0.664149224758148 
813	 0.664287149906158 
814	 0.664485573768616 
815	 0.664708852767944 
816	 0.664892435073853 
817	 0.664977133274078 
818	 0.665112435817719 
819	 0.665299117565155 
820	 0.66550612449646 
821	 0.665692687034607 
822	 0.665921926498413 
823	 0.666133284568787 
824	 0.66626912355423 
825	 0.666378855705261 
826	 0.666521430015564 
827	 0.666688024997711 
828	 0.666843593120575 
829	 0.66701751947403 
830	 0.667220056056976 
831	 0.667407631874084 
832	 0.667513489723206 
833	 0.667746841907501 
834	 0.667957007884979 
835	 0.668092310428619 
836	 0.668332397937775 
837	 0.66850870847702 
838	 0.668634474277496 
839	 0.668751657009125 
840	 0.668841242790222 
841	 0.668978273868561 
842	 0.669175148010254 
843	 0.669398367404938 
844	 0.669553637504578 
845	 0.669683456420898 
846	 0.669850528240204 
847	 0.670098900794983 
848	 0.670227289199829 
849	 0.670390784740448 
850	 0.67064368724823 
851	 0.670861959457397 
852	 0.671013295650482 
853	 0.671126306056976 
854	 0.671250820159912 
855	 0.671451687812805 
856	 0.671520948410034 
857	 0.671599149703979 
858	 0.67182993888855 
859	 0.671936273574829 
860	 0.67212587594986 
861	 0.672336935997009 
862	 0.67241108417511 
863	 0.672519385814667 
864	 0.672626197338104 
865	 0.672726511955261 
866	 0.672849416732788 
867	 0.672988057136536 
868	 0.673082649707794 
869	 0.67315137386322 
870	 0.673318803310394 
871	 0.673430800437927 
872	 0.673441886901855 
873	 0.673419058322906 
874	 0.673619747161865 
875	 0.673722147941589 
876	 0.673747956752777 
877	 0.673806309700012 
878	 0.673894166946411 
879	 0.673969924449921 
880	 0.674071788787842 
881	 0.674231052398682 
882	 0.674229800701141 
883	 0.674200117588043 
884	 0.674205899238586 
885	 0.674245893955231 
886	 0.674401521682739 
887	 0.674474060535431 
888	 0.674409329891205 
889	 0.674358010292053 
890	 0.674436032772064 
891	 0.674548745155334 
892	 0.6745765209198 
893	 0.674438059329987 
894	 0.674449384212494 
895	 0.674514055252075 
896	 0.674506604671478 
897	 0.674516439437866 
898	 0.67460173368454 
899	 0.674670398235321 
900	 0.674643039703369 
901	 0.674710929393768 
902	 0.674678564071655 
903	 0.674613416194916 
904	 0.67466801404953 
905	 0.674676537513733 
906	 0.674696266651154 
907	 0.674702823162079 
908	 0.674626171588898 
909	 0.674556016921997 
910	 0.674565970897675 
911	 0.674597263336182 
912	 0.674492359161377 
913	 0.674495816230774 
914	 0.674529075622559 
915	 0.674566805362701 
916	 0.674710512161255 
917	 0.674688935279846 
918	 0.674649178981781 
919	 0.67471969127655 
920	 0.674826443195343 
921	 0.67489767074585 
922	 0.674899637699127 
923	 0.674869000911713 
924	 0.674974143505096 
925	 0.675068080425262 
926	 0.675179839134216 
927	 0.675358414649963 
928	 0.675522923469543 
929	 0.675701797008514 
930	 0.675871729850769 
931	 0.67602676153183 
932	 0.676318645477295 
933	 0.67663836479187 
934	 0.67692631483078 
935	 0.677181601524353 
936	 0.677513599395752 
937	 0.677881240844727 
938	 0.678233325481415 
939	 0.678540706634521 
940	 0.678934037685394 
941	 0.679162621498108 
942	 0.679244041442871 
943	 0.679440379142761 
944	 0.679775059223175 
945	 0.680060148239136 
946	 0.680263519287109 
947	 0.680533707141876 
948	 0.680818557739258 
949	 0.680952847003937 
950	 0.680987358093262 
951	 0.681224644184113 
952	 0.68130749464035 
953	 0.681564271450043 
954	 0.681942522525787 
955	 0.681727766990662 
956	 0.681792557239532 
957	 0.681985437870026 
958	 0.682070910930634 
959	 0.682058811187744 
960	 0.682038366794586 
961	 0.682129442691803 
962	 0.682318210601807 
963	 0.682339072227478 
964	 0.682320654392242 
965	 0.682311773300171 
966	 0.682346820831299 
967	 0.682464778423309 
968	 0.682623982429504 
969	 0.682716727256775 
970	 0.682681024074554 
971	 0.682607352733612 
972	 0.682516753673553 
973	 0.682516634464264 
974	 0.682592868804932 
975	 0.682342350482941 
976	 0.682199001312256 
977	 0.682184278964996 
978	 0.682183027267456 
979	 0.682120978832245 
980	 0.682012736797333 
981	 0.682018756866455 
982	 0.682112097740173 
983	 0.681473076343536 
984	 0.681470632553101 
985	 0.681784987449646 
986	 0.68178778886795 
987	 0.682032287120819 
988	 0.682153880596161 
989	 0.682191371917725 
990	 0.682295680046082 
991	 0.682478368282318 
992	 0.682504653930664 
993	 0.682575643062592 
994	 0.682954728603363 
995	 0.683558642864227 
996	 0.684021413326263 
997	 0.684106469154358 
998	 0.683903753757477 
999	 0.684270143508911 
1000	 0.684568643569946 
1001	 0.683267891407013 
1002	 0.683392882347107 
1003	 0.683531105518341 
1004	 0.68364006280899 
1005	 0.683717608451843 
1006	 0.683776259422302 
1007	 0.683800995349884 
1008	 0.683867037296295 
1009	 0.683947324752808 
1010	 0.68398118019104 
1011	 0.684007287025452 
1012	 0.684058666229248 
1013	 0.684050500392914 
1014	 0.684093117713928 
1015	 0.684212923049927 
1016	 0.684296250343323 
1017	 0.68434876203537 
1018	 0.68445748090744 
1019	 0.684521794319153 
1020	 0.684601008892059 
1021	 0.684673309326172 
1022	 0.684723973274231 
1023	 0.684782743453979 
1024	 0.684863805770874 
1025	 0.684924185276031 
1026	 0.684960424900055 
1027	 0.685032665729523 
1028	 0.685124337673187 
1029	 0.68518590927124 
1030	 0.685269415378571 
1031	 0.685376048088074 
1032	 0.685476720333099 
1033	 0.685539662837982 
1034	 0.685573220252991 
1035	 0.685645937919617 
1036	 0.685783863067627 
1037	 0.685962975025177 
1038	 0.686139643192291 
1039	 0.686400055885315 
1040	 0.686595380306244 
1041	 0.686746180057526 
1042	 0.686921119689941 
1043	 0.687091469764709 
1044	 0.687268257141113 
1045	 0.687495827674866 
1046	 0.687727630138397 
1047	 0.687937796115875 
1048	 0.688162922859192 
1049	 0.688365161418915 
1050	 0.688524901866913 
1051	 0.688710570335388 
1052	 0.68888133764267 
1053	 0.689036905765533 
1054	 0.689170181751251 
1055	 0.689312160015106 
1056	 0.689449727535248 
1057	 0.689589381217957 
1058	 0.689722776412964 
1059	 0.689860999584198 
1060	 0.690031886100769 
1061	 0.690142273902893 
1062	 0.690294146537781 
1063	 0.690445721149445 
1064	 0.6905198097229 
1065	 0.690600693225861 
1066	 0.690624475479126 
1067	 0.690652430057526 
1068	 0.690697729587555 
1069	 0.690741062164307 
1070	 0.690792262554169 
1071	 0.690877199172974 
1072	 0.690908193588257 
1073	 0.690913021564484 
1074	 0.690906524658203 
1075	 0.690884828567505 
1076	 0.690902054309845 
1077	 0.690925419330597 
1078	 0.690945446491241 
1079	 0.690955579280853 
1080	 0.690909743309021 
1081	 0.690876126289368 
1082	 0.690885603427887 
1083	 0.690950155258179 
1084	 0.691017806529999 
1085	 0.691047787666321 
1086	 0.691077888011932 
1087	 0.691092789173126 
1088	 0.691092491149902 
1089	 0.691129565238953 
1090	 0.691164970397949 
1091	 0.691197991371155 
1092	 0.691217303276062 
1093	 0.691198348999023 
1094	 0.691209495067596 
1095	 0.691228449344635 
1096	 0.691229641437531 
1097	 0.691238641738892 
1098	 0.691279590129852 
1099	 0.691296994686127 
1100	 0.691295027732849 
1101	 0.691324830055237 
1102	 0.691339313983917 
1103	 0.691373109817505 
1104	 0.691423892974854 
1105	 0.691496312618256 
1106	 0.691541314125061 
1107	 0.691583573818207 
1108	 0.691609919071198 
1109	 0.691643536090851 
1110	 0.691689431667328 
1111	 0.691729605197906 
1112	 0.691776871681213 
1113	 0.691818296909332 
1114	 0.691856384277344 
1115	 0.691896855831146 
1116	 0.691914141178131 
1117	 0.69191974401474 
1118	 0.691927433013916 
1119	 0.691928088665009 
1120	 0.691926181316376 
1121	 0.691926717758179 
1122	 0.691913425922394 
1123	 0.691901445388794 
1124	 0.691889703273773 
1125	 0.691843032836914 
1126	 0.691774845123291 
1127	 0.691682517528534 
1128	 0.691557109355927 
1129	 0.691417336463928 
1130	 0.691261529922485 
1131	 0.691071510314941 
1132	 0.690844774246216 
1133	 0.690604507923126 
1134	 0.690335988998413 
1135	 0.690041661262512 
1136	 0.689735352993011 
1137	 0.689390659332275 
1138	 0.689016878604889 
1139	 0.688601136207581 
1140	 0.688153624534607 
1141	 0.687676608562469 
1142	 0.687145888805389 
1143	 0.686613798141479 
1144	 0.686035811901093 
1145	 0.685377359390259 
1146	 0.684723019599915 
1147	 0.684033691883087 
1148	 0.683295607566834 
1149	 0.682595670223236 
1150	 0.681889593601227 
1151	 0.681164145469666 
1152	 0.680420696735382 
1153	 0.679683148860931 
1154	 0.678912103176117 
1155	 0.678108096122742 
1156	 0.677280068397522 
1157	 0.676450192928314 
1158	 0.675604045391083 
1159	 0.67471569776535 
1160	 0.673827052116394 
1161	 0.672963440418243 
1162	 0.671998381614685 
1163	 0.671071529388428 
1164	 0.670162200927734 
1165	 0.669211149215698 
1166	 0.668330729007721 
1167	 0.667447865009308 
1168	 0.666558682918549 
1169	 0.665661156177521 
1170	 0.664783537387848 
1171	 0.663861393928528 
1172	 0.66292530298233 
1173	 0.661939680576324 
1174	 0.660930335521698 
1175	 0.659901976585388 
1176	 0.658843994140625 
1177	 0.657752335071564 
1178	 0.656655728816986 
1179	 0.655468106269836 
1180	 0.654296636581421 
1181	 0.653077721595764 
1182	 0.651829421520233 
1183	 0.650686323642731 
1184	 0.649511575698853 
1185	 0.648354053497314 
1186	 0.647250115871429 
1187	 0.646174728870392 
1188	 0.645140290260315 
1189	 0.644144296646118 
1190	 0.643185973167419 
1191	 0.642278373241425 
1192	 0.641400039196014 
1193	 0.640537202358246 
1194	 0.639740943908691 
1195	 0.638977468013763 
1196	 0.638269603252411 
1197	 0.637615382671356 
1198	 0.637015521526337 
1199	 0.636462211608887 
1200	 0.635983228683472 
1201	 0.635551929473877 
1202	 0.635174453258514 
1203	 0.63483190536499 
1204	 0.634545207023621 
1205	 0.634374022483826 
1206	 0.634262144565582 
1207	 0.634280443191528 
1208	 0.634383678436279 
1209	 0.634648859500885 
1210	 0.634994029998779 
1211	 0.635549008846283 
1212	 0.636300683021545 
1213	 0.637167096138 
1214	 0.638177514076233 
1215	 0.639351785182953 
1216	 0.640678226947784 
1217	 0.642118453979492 
1218	 0.643742501735687 
1219	 0.645456910133362 
1220	 0.647240400314331 
1221	 0.649219036102295 
1222	 0.651167273521423 
1223	 0.653156757354736 
1224	 0.655087471008301 
1225	 0.657025039196014 
1226	 0.658844292163849 
1227	 0.66062992811203 
1228	 0.66233366727829 
1229	 0.663960874080658 
1230	 0.665520668029785 
1231	 0.667051374912262 
1232	 0.668450534343719 
1233	 0.66974413394928 
1234	 0.670938611030579 
1235	 0.672001659870148 
1236	 0.673026144504547 
1237	 0.673960745334625 
1238	 0.674850940704346 
1239	 0.675693988800049 
1240	 0.676457822322845 
1241	 0.67720091342926 
1242	 0.677864372730255 
1243	 0.678508520126343 
1244	 0.679115355014801 
1245	 0.679691314697266 
1246	 0.680210411548615 
1247	 0.680740714073181 
1248	 0.681267559528351 
1249	 0.68174409866333 
1250	 0.682202100753784 
1251	 0.682619214057922 
1252	 0.682966411113739 
1253	 0.683337330818176 
1254	 0.683707892894745 
1255	 0.684051752090454 
1256	 0.68439257144928 
1257	 0.684705197811127 
1258	 0.684969902038574 
1259	 0.685246348381042 
1260	 0.685506641864777 
1261	 0.685776233673096 
1262	 0.686055898666382 
1263	 0.686336278915405 
1264	 0.686586618423462 
1265	 0.686821520328522 
1266	 0.687068283557892 
1267	 0.68729430437088 
1268	 0.687536180019379 
1269	 0.687788069248199 
1270	 0.688051164150238 
1271	 0.688321471214294 
1272	 0.688583850860596 
1273	 0.688872337341309 
1274	 0.689128816127777 
1275	 0.68935751914978 
1276	 0.689589023590088 
1277	 0.689815521240234 
1278	 0.690031945705414 
1279	 0.690263211727142 
1280	 0.690445899963379 
1281	 0.690604627132416 
1282	 0.690738260746002 
1283	 0.690821290016174 
1284	 0.690902233123779 
1285	 0.690969884395599 
1286	 0.691020727157593 
1287	 0.691068232059479 
1288	 0.691100239753723 
1289	 0.69114077091217 
1290	 0.691181004047394 
1291	 0.691212594509125 
1292	 0.69125372171402 
1293	 0.691261470317841 
1294	 0.691250205039978 
1295	 0.691230535507202 
1296	 0.691199481487274 
1297	 0.691144704818726 
1298	 0.691058218479156 
1299	 0.690992295742035 
1300	 0.690919756889343 
1301	 0.690840065479279 
1302	 0.6907639503479 
1303	 0.690692842006683 
1304	 0.690598249435425 
1305	 0.690527260303497 
1306	 0.690495610237122 
1307	 0.690440773963928 
1308	 0.690378665924072 
1309	 0.690315425395966 
1310	 0.690258204936981 
1311	 0.690189599990845 
1312	 0.690139174461365 
1313	 0.690104722976685 
1314	 0.690064013004303 
1315	 0.690021395683289 
1316	 0.689988553524017 
1317	 0.689975142478943 
1318	 0.689928948879242 
1319	 0.689871549606323 
1320	 0.689817905426025 
1321	 0.689736425876617 
1322	 0.689681172370911 
1323	 0.689665138721466 
1324	 0.689604520797729 
1325	 0.689529776573181 
1326	 0.689450442790985 
1327	 0.689357697963715 
1328	 0.689244449138641 
1329	 0.689121723175049 
1330	 0.688989698886871 
1331	 0.688833951950073 
1332	 0.688672065734863 
1333	 0.688520073890686 
1334	 0.688342094421387 
1335	 0.688135027885437 
1336	 0.687907755374908 
1337	 0.687653660774231 
1338	 0.687366425991058 
1339	 0.687079071998596 
1340	 0.686786770820618 
1341	 0.68644917011261 
1342	 0.68609231710434 
1343	 0.68570750951767 
1344	 0.685298085212708 
1345	 0.6848384141922 
1346	 0.684359669685364 
1347	 0.683828890323639 
1348	 0.683252453804016 
1349	 0.682623863220215 
1350	 0.681936621665955 
1351	 0.681237518787384 
1352	 0.680470943450928 
1353	 0.679720342159271 
1354	 0.678960144519806 
1355	 0.678205788135529 
1356	 0.677445769309998 
1357	 0.676683366298676 
1358	 0.675920605659485 
1359	 0.675156772136688 
1360	 0.674401640892029 
1361	 0.673628926277161 
1362	 0.672813177108765 
1363	 0.672038376331329 
1364	 0.671201050281525 
1365	 0.670349895954132 
1366	 0.669416069984436 
1367	 0.668451368808746 
1368	 0.667409777641296 
1369	 0.6662957072258 
1370	 0.665130138397217 
1371	 0.663907647132874 
1372	 0.66265332698822 
1373	 0.661328017711639 
1374	 0.659997880458832 
1375	 0.658625423908234 
1376	 0.657251119613647 
1377	 0.655854284763336 
1378	 0.654431104660034 
1379	 0.652967810630798 
1380	 0.651534676551819 
1381	 0.650078237056732 
1382	 0.648642659187317 
1383	 0.647208511829376 
1384	 0.645818769931793 
1385	 0.644405782222748 
1386	 0.643095910549164 
1387	 0.641820073127747 
1388	 0.640678763389587 
1389	 0.639611482620239 
1390	 0.638671875 
1391	 0.637883722782135 
1392	 0.637142658233643 
1393	 0.636573195457459 
1394	 0.636051595211029 
1395	 0.635519027709961 
1396	 0.635106205940247 
1397	 0.634515821933746 
1398	 0.633934080600739 
1399	 0.633113980293274 
1400	 0.632196545600891 
1401	 0.631066739559174 
1402	 0.629749476909637 
1403	 0.628289699554443 
1404	 0.626636266708374 
1405	 0.62492847442627 
1406	 0.623043477535248 
1407	 0.621163904666901 
1408	 0.619147717952728 
1409	 0.617234289646149 
1410	 0.615257084369659 
1411	 0.613420963287354 
1412	 0.611640632152557 
1413	 0.609990656375885 
1414	 0.608455538749695 
1415	 0.606977045536041 
1416	 0.605645298957825 
1417	 0.604286909103394 
1418	 0.603023111820221 
1419	 0.601670861244202 
1420	 0.600338816642761 
1421	 0.598917424678802 
1422	 0.597445428371429 
1423	 0.595879971981049 
1424	 0.594270050525665 
1425	 0.592491805553436 
1426	 0.590720415115356 
1427	 0.588900685310364 
1428	 0.587036430835724 
1429	 0.585328757762909 
1430	 0.583637058734894 
1431	 0.581948757171631 
1432	 0.580389678478241 
1433	 0.578894793987274 
1434	 0.577532470226288 
1435	 0.576276302337646 
1436	 0.575092554092407 
1437	 0.574030756950378 
1438	 0.573024392127991 
1439	 0.57208663225174 
1440	 0.571209728717804 
1441	 0.570410907268524 
1442	 0.569674253463745 
1443	 0.568934857845306 
1444	 0.568399131298065 
1445	 0.567915201187134 
1446	 0.567700266838074 
1447	 0.567604184150696 
1448	 0.567843079566956 
1449	 0.568313658237457 
1450	 0.569087386131287 
1451	 0.570185422897339 
1452	 0.571505069732666 
1453	 0.573194563388824 
1454	 0.574922144412994 
1455	 0.576934814453125 
1456	 0.578907370567322 
1457	 0.581041932106018 
1458	 0.583052456378937 
1459	 0.585090756416321 
1460	 0.587019264698029 
1461	 0.588870406150818 
1462	 0.590609669685364 
1463	 0.592257976531982 
1464	 0.593825936317444 
1465	 0.59524804353714 
1466	 0.596672654151917 
1467	 0.597979128360748 
1468	 0.599224030971527 
1469	 0.600407063961029 
1470	 0.601448535919189 
1471	 0.602472245693207 
1472	 0.603414535522461 
1473	 0.604360520839691 
1474	 0.605259537696838 
1475	 0.606148362159729 
1476	 0.607028841972351 
1477	 0.607866227626801 
1478	 0.608666181564331 
1479	 0.609433650970459 
1480	 0.610175430774689 
1481	 0.610875010490417 
1482	 0.611520946025848 
1483	 0.612174153327942 
1484	 0.612801671028137 
1485	 0.613416612148285 
1486	 0.614026129245758 
1487	 0.614609122276306 
1488	 0.615162968635559 
1489	 0.615709364414215 
1490	 0.616250455379486 
1491	 0.616760075092316 
1492	 0.617244958877563 
1493	 0.617716908454895 
1494	 0.61815881729126 
1495	 0.61859655380249 
1496	 0.619026303291321 
1497	 0.619440495967865 
1498	 0.619848966598511 
1499	 0.62023001909256 
1500	 0.620587408542633 
1501	 0.620934963226318 
1502	 0.621253967285156 
1503	 0.621572613716125 
1504	 0.621886491775513 
1505	 0.622189402580261 
1506	 0.622485101222992 
1507	 0.622768819332123 
1508	 0.623044908046722 
1509	 0.623303771018982 
1510	 0.623549163341522 
1511	 0.623779594898224 
1512	 0.623996615409851 
1513	 0.624196827411652 
1514	 0.624384582042694 
1515	 0.624551653862 
1516	 0.62470817565918 
1517	 0.624831736087799 
1518	 0.624918282032013 
1519	 0.624999701976776 
1520	 0.62505316734314 
1521	 0.625097513198853 
1522	 0.625154435634613 
1523	 0.625197887420654 
1524	 0.625228464603424 
1525	 0.625250101089478 
1526	 0.625263929367065 
1527	 0.625266551971436 
1528	 0.625253796577454 
1529	 0.625236630439758 
1530	 0.625194549560547 
1531	 0.625124335289001 
1532	 0.625063002109528 
1533	 0.624992668628693 
1534	 0.624916791915894 
1535	 0.624832212924957 
1536	 0.624759078025818 
1537	 0.624684453010559 
1538	 0.624606609344482 
1539	 0.624536156654358 
1540	 0.62445992231369 
1541	 0.62436705827713 
1542	 0.624296069145203 
1543	 0.624246180057526 
1544	 0.624172508716583 
1545	 0.624100923538208 
1546	 0.624013662338257 
1547	 0.623904407024384 
1548	 0.62380462884903 
1549	 0.623713731765747 
1550	 0.623594462871552 
1551	 0.623461902141571 
1552	 0.623326063156128 
1553	 0.623164713382721 
1554	 0.623018324375153 
1555	 0.622881174087524 
1556	 0.622733533382416 
1557	 0.622572124004364 
1558	 0.622431397438049 
1559	 0.622294843196869 
1560	 0.622163832187653 
1561	 0.6220423579216 
1562	 0.621932208538055 
1563	 0.62181830406189 
1564	 0.621731042861938 
1565	 0.621653020381927 
1566	 0.621614396572113 
1567	 0.621604800224304 
1568	 0.621611893177032 
1569	 0.621664583683014 
1570	 0.621705830097198 
1571	 0.621749222278595 
1572	 0.621808230876923 
1573	 0.621882736682892 
1574	 0.621954083442688 
1575	 0.622028529644012 
1576	 0.622117459774017 
1577	 0.62222146987915 
1578	 0.622311592102051 
1579	 0.622419416904449 
1580	 0.622503161430359 
1581	 0.622541010379791 
1582	 0.622622668743134 
1583	 0.622714817523956 
1584	 0.622817933559418 
1585	 0.622941792011261 
1586	 0.623078942298889 
1587	 0.623237729072571 
1588	 0.623380899429321 
1589	 0.623529970645905 
1590	 0.623685002326965 
1591	 0.623829126358032 
1592	 0.623982489109039 
1593	 0.624163389205933 
1594	 0.624322533607483 
1595	 0.624466240406036 
1596	 0.624611914157867 
1597	 0.624745190143585 
1598	 0.624890387058258 
1599	 0.625052154064178 
1600	 0.625195205211639 
1601	 0.625349700450897 
1602	 0.625472128391266 
1603	 0.625574707984924 
1604	 0.625652849674225 
1605	 0.625689685344696 
1606	 0.62573903799057 
1607	 0.625767588615417 
1608	 0.625809252262115 
1609	 0.625872850418091 
1610	 0.62591540813446 
1611	 0.625962793827057 
1612	 0.625979840755463 
1613	 0.625972867012024 
1614	 0.625956773757935 
1615	 0.625936388969421 
1616	 0.625874519348145 
1617	 0.625785529613495 
1618	 0.625676572322845 
1619	 0.625515341758728 
1620	 0.625366568565369 
1621	 0.625222980976105 
1622	 0.625055849552155 
1623	 0.624885201454163 
1624	 0.624685823917389 
1625	 0.624450206756592 
1626	 0.624215424060822 
1627	 0.623947560787201 
1628	 0.62370103597641 
1629	 0.623468935489655 
1630	 0.623226642608643 
1631	 0.622985661029816 
1632	 0.622747480869293 
1633	 0.622502684593201 
1634	 0.622259259223938 
1635	 0.622024893760681 
1636	 0.621789216995239 
1637	 0.621555149555206 
1638	 0.62130868434906 
1639	 0.621063709259033 
1640	 0.620799958705902 
1641	 0.620525777339935 
1642	 0.620231986045837 
1643	 0.619927763938904 
1644	 0.619605183601379 
1645	 0.619275867938995 
1646	 0.618901491165161 
1647	 0.618505358695984 
1648	 0.618062674999237 
1649	 0.617555260658264 
1650	 0.617048501968384 
1651	 0.616534411907196 
1652	 0.615974247455597 
1653	 0.615397095680237 
1654	 0.614775002002716 
1655	 0.614101409912109 
1656	 0.613386571407318 
1657	 0.612662196159363 
1658	 0.611839711666107 
1659	 0.610943794250488 
1660	 0.610007762908936 
1661	 0.609011769294739 
1662	 0.607941806316376 
1663	 0.606832325458527 
1664	 0.605607628822327 
1665	 0.60429322719574 
1666	 0.602869689464569 
1667	 0.601348400115967 
1668	 0.599753320217133 
1669	 0.598080575466156 
1670	 0.596276581287384 
1671	 0.594355225563049 
1672	 0.592334032058716 
1673	 0.590194880962372 
1674	 0.587941646575928 
1675	 0.585592567920685 
1676	 0.583179831504822 
1677	 0.580648005008698 
1678	 0.578051030635834 
1679	 0.575371623039246 
1680	 0.572601914405823 
1681	 0.569753348827362 
1682	 0.566768527030945 
1683	 0.563710272312164 
1684	 0.560562789440155 
1685	 0.55727744102478 
1686	 0.553917944431305 
1687	 0.5504390001297 
1688	 0.546898066997528 
1689	 0.543238699436188 
1690	 0.539552628993988 
1691	 0.535825133323669 
1692	 0.53211897611618 
1693	 0.528398931026459 
1694	 0.524621367454529 
1695	 0.520793795585632 
1696	 0.516927182674408 
1697	 0.512997090816498 
1698	 0.509008884429932 
1699	 0.505000710487366 
1700	 0.501060724258423 
1701	 0.49702113866806 
1702	 0.493175238370895 
1703	 0.489343196153641 
1704	 0.485753953456879 
1705	 0.482275515794754 
1706	 0.478966265916824 
1707	 0.476129144430161 
1708	 0.473429441452026 
1709	 0.470912933349609 
1710	 0.468676567077637 
1711	 0.466444790363312 
1712	 0.464413732290268 
1713	 0.462490350008011 
1714	 0.460639178752899 
1715	 0.459008544683456 
1716	 0.457379698753357 
1717	 0.45586022734642 
1718	 0.454432308673859 
1719	 0.453004062175751 
1720	 0.451734900474548 
1721	 0.450558960437775 
1722	 0.44952255487442 
1723	 0.448768585920334 
1724	 0.448195427656174 
1725	 0.447831451892853 
1726	 0.447763979434967 
1727	 0.447972238063812 
1728	 0.448457449674606 
1729	 0.449343949556351 
1730	 0.450603723526001 
1731	 0.452064633369446 
1732	 0.45386791229248 
1733	 0.455817967653275 
1734	 0.457896679639816 
1735	 0.460128009319305 
1736	 0.462243795394897 
1737	 0.46426922082901 
1738	 0.466098636388779 
1739	 0.467605769634247 
1740	 0.468945264816284 
1741	 0.469913840293884 
1742	 0.47050678730011 
1743	 0.470926880836487 
1744	 0.470978081226349 
1745	 0.470970064401627 
1746	 0.470743894577026 
1747	 0.470493137836456 
1748	 0.470066130161285 
1749	 0.4697285592556 
1750	 0.469328284263611 
1751	 0.469053983688354 
1752	 0.46881952881813 
1753	 0.468707591295242 
1754	 0.468640983104706 
1755	 0.46877184510231 
1756	 0.469006448984146 
1757	 0.469467788934708 
1758	 0.470166683197021 
1759	 0.4709852039814 
1760	 0.472034186124802 
1761	 0.47330841422081 
1762	 0.474688947200775 
1763	 0.476349055767059 
1764	 0.478150516748428 
1765	 0.480132579803467 
1766	 0.482421875 
1767	 0.484721660614014 
1768	 0.487177163362503 
1769	 0.489711821079254 
1770	 0.492043495178223 
1771	 0.494447261095047 
1772	 0.496750295162201 
1773	 0.498852968215942 
1774	 0.500945270061493 
1775	 0.502795457839966 
1776	 0.50454568862915 
1777	 0.506206095218658 
1778	 0.507607281208038 
1779	 0.50893098115921 
1780	 0.510103762149811 
1781	 0.511111974716187 
1782	 0.512082278728485 
1783	 0.51295268535614 
1784	 0.513730943202972 
1785	 0.514340996742249 
1786	 0.514894902706146 
1787	 0.51533168554306 
1788	 0.515737175941467 
1789	 0.516081929206848 
1790	 0.516394019126892 
1791	 0.516657948493958 
1792	 0.516872048377991 
1793	 0.517021656036377 
1794	 0.517133116722107 
1795	 0.517233908176422 
1796	 0.517372727394104 
1797	 0.517526805400848 
1798	 0.517687380313873 
1799	 0.517885386943817 
1800	 0.51809149980545 
1801	 0.515473186969757 
1802	 0.515724301338196 
1803	 0.515968918800354 
1804	 0.516207933425903 
1805	 0.516454994678497 
1806	 0.516699016094208 
1807	 0.516956686973572 
1808	 0.517191529273987 
1809	 0.517403602600098 
1810	 0.517635345458984 
1811	 0.517855763435364 
1812	 0.518092751502991 
1813	 0.518337368965149 
1814	 0.518624246120453 
1815	 0.518861353397369 
1816	 0.519083440303802 
1817	 0.519367218017578 
1818	 0.519658029079437 
1819	 0.519976735115051 
1820	 0.520367980003357 
1821	 0.520731508731842 
1822	 0.521075010299683 
1823	 0.521451234817505 
1824	 0.521867513656616 
1825	 0.522270023822784 
1826	 0.522686004638672 
1827	 0.523141503334045 
1828	 0.52355283498764 
1829	 0.523937404155731 
1830	 0.524349570274353 
1831	 0.524763882160187 
1832	 0.525178611278534 
1833	 0.525579035282135 
1834	 0.526003956794739 
1835	 0.526441693305969 
1836	 0.526835203170776 
1837	 0.527254462242126 
1838	 0.527682304382324 
1839	 0.528128802776337 
1840	 0.528575122356415 
1841	 0.529046535491943 
1842	 0.52954226732254 
1843	 0.530059814453125 
1844	 0.530580997467041 
1845	 0.531092643737793 
1846	 0.531638383865356 
1847	 0.532146811485291 
1848	 0.532617270946503 
1849	 0.533080458641052 
1850	 0.533490180969238 
1851	 0.533847570419312 
1852	 0.534191071987152 
1853	 0.534513652324677 
1854	 0.534793972969055 
1855	 0.535062730312347 
1856	 0.535309135913849 
1857	 0.535550057888031 
1858	 0.53575474023819 
1859	 0.535917818546295 
1860	 0.536053419113159 
1861	 0.536167562007904 
1862	 0.536238372325897 
1863	 0.536283850669861 
1864	 0.536349952220917 
1865	 0.536369681358337 
1866	 0.53632640838623 
1867	 0.536262094974518 
1868	 0.536150097846985 
1869	 0.535960674285889 
1870	 0.535728514194489 
1871	 0.535459041595459 
1872	 0.535129189491272 
1873	 0.534739136695862 
1874	 0.53431361913681 
1875	 0.53383082151413 
1876	 0.533248126506805 
1877	 0.532630503177643 
1878	 0.531910300254822 
1879	 0.531067907810211 
1880	 0.53019905090332 
1881	 0.529179930686951 
1882	 0.528031945228577 
1883	 0.526784002780914 
1884	 0.525425493717194 
1885	 0.523809790611267 
1886	 0.522107303142548 
1887	 0.520205795764923 
1888	 0.518061459064484 
1889	 0.515957176685333 
1890	 0.513650059700012 
1891	 0.511280834674835 
1892	 0.508889615535736 
1893	 0.506378948688507 
1894	 0.503700733184814 
1895	 0.501111805438995 
1896	 0.498449087142944 
1897	 0.49575862288475 
1898	 0.493301659822464 
1899	 0.490787148475647 
1900	 0.488378077745438 
1901	 0.486135929822922 
1902	 0.483789145946503 
1903	 0.481619745492935 
1904	 0.47952589392662 
1905	 0.477482527494431 
1906	 0.475515156984329 
1907	 0.473820984363556 
1908	 0.472130477428436 
1909	 0.47053462266922 
1910	 0.469073086977005 
1911	 0.467580586671829 
1912	 0.466211229562759 
1913	 0.46492412686348 
1914	 0.463663995265961 
1915	 0.462514966726303 
1916	 0.46147483587265 
1917	 0.460476934909821 
1918	 0.459562629461288 
1919	 0.458729475736618 
1920	 0.45791482925415 
1921	 0.457168102264404 
1922	 0.456436097621918 
1923	 0.45576000213623 
1924	 0.455188363790512 
1925	 0.45464563369751 
1926	 0.454157710075378 
1927	 0.453740417957306 
1928	 0.453354388475418 
1929	 0.453003495931625 
1930	 0.452710658311844 
1931	 0.452465057373047 
1932	 0.452272832393646 
1933	 0.452135384082794 
1934	 0.452065527439117 
1935	 0.452049165964127 
1936	 0.452068567276001 
1937	 0.452154844999313 
1938	 0.452306389808655 
1939	 0.452491670846939 
1940	 0.452723622322083 
1941	 0.453026473522186 
1942	 0.453327775001526 
1943	 0.453691214323044 
1944	 0.454101741313934 
1945	 0.454518705606461 
1946	 0.454980909824371 
1947	 0.455428689718246 
1948	 0.455895215272903 
1949	 0.456389844417572 
1950	 0.456864982843399 
1951	 0.457355499267578 
1952	 0.45783656835556 
1953	 0.458300203084946 
1954	 0.458757698535919 
1955	 0.459261447191238 
1956	 0.459750920534134 
1957	 0.46024614572525 
1958	 0.460734844207764 
1959	 0.46116828918457 
1960	 0.461605429649353 
1961	 0.462020128965378 
1962	 0.462393790483475 
1963	 0.462779551744461 
1964	 0.463168650865555 
1965	 0.463535398244858 
1966	 0.463884800672531 
1967	 0.464251697063446 
1968	 0.464594751596451 
1969	 0.46490266919136 
1970	 0.465171903371811 
1971	 0.465435147285461 
1972	 0.465682715177536 
1973	 0.465906649827957 
1974	 0.466140031814575 
1975	 0.466406792402267 
1976	 0.466602802276611 
1977	 0.466774076223373 
1978	 0.466917663812637 
1979	 0.467014998197556 
1980	 0.467100441455841 
1981	 0.467170417308807 
1982	 0.46721687912941 
1983	 0.467244416475296 
1984	 0.467214584350586 
1985	 0.467180639505386 
1986	 0.467134743928909 
1987	 0.467023909091949 
1988	 0.466873526573181 
1989	 0.466691076755524 
1990	 0.46645787358284 
1991	 0.466187536716461 
1992	 0.465878397226334 
1993	 0.465547770261765 
1994	 0.465189397335052 
1995	 0.464754104614258 
1996	 0.464330494403839 
1997	 0.463890165090561 
1998	 0.463375210762024 
1999	 0.462799489498138 
2000	 0.462219417095184 
2001	 0.461544871330261 
2002	 0.460948467254639 
2003	 0.460378885269165 
2004	 0.459794610738754 
2005	 0.459251224994659 
2006	 0.458665609359741 
2007	 0.458034574985504 
2008	 0.457430571317673 
2009	 0.45681169629097 
2010	 0.456190228462219 
2011	 0.455617547035217 
2012	 0.455024659633636 
2013	 0.454453110694885 
2014	 0.453920602798462 
2015	 0.453349977731705 
2016	 0.452774971723557 
2017	 0.452194273471832 
2018	 0.451558917760849 
2019	 0.450980335474014 
2020	 0.450445532798767 
2021	 0.449882984161377 
2022	 0.449324160814285 
2023	 0.448795109987259 
2024	 0.448193043470383 
2025	 0.447558522224426 
2026	 0.446936339139938 
2027	 0.446279942989349 
2028	 0.445666015148163 
2029	 0.445073902606964 
2030	 0.444475412368774 
2031	 0.443911612033844 
2032	 0.443314284086227 
2033	 0.442680984735489 
2034	 0.442078471183777 
2035	 0.441480755805969 
2036	 0.440868616104126 
2037	 0.440309673547745 
2038	 0.43974643945694 
2039	 0.439202487468719 
2040	 0.438669264316559 
2041	 0.438165217638016 
2042	 0.437675952911377 
2043	 0.43721529841423 
2044	 0.436786115169525 
2045	 0.436364829540253 
2046	 0.435955941677094 
2047	 0.43557745218277 
2048	 0.435217887163162 
2049	 0.43488410115242 
2050	 0.434577822685242 
2051	 0.434306502342224 
2052	 0.434032797813416 
2053	 0.433763921260834 
2054	 0.433536559343338 
2055	 0.433335989713669 
2056	 0.433143615722656 
2057	 0.43300262093544 
2058	 0.432822942733765 
2059	 0.432627737522125 
2060	 0.432450473308563 
2061	 0.432263791561127 
2062	 0.432094544172287 
2063	 0.431978940963745 
2064	 0.431802660226822 
2065	 0.43159818649292 
2066	 0.431394785642624 
2067	 0.431154161691666 
2068	 0.430924862623215 
2069	 0.430683493614197 
2070	 0.430451601743698 
2071	 0.430189818143845 
2072	 0.429917395114899 
2073	 0.429603904485703 
2074	 0.429262667894363 
2075	 0.428911507129669 
2076	 0.428525298833847 
2077	 0.428135722875595 
2078	 0.427724123001099 
2079	 0.427324116230011 
2080	 0.426930010318756 
2081	 0.426508963108063 
2082	 0.426087290048599 
2083	 0.4256591796875 
2084	 0.425173133611679 
2085	 0.424683958292007 
2086	 0.424178898334503 
2087	 0.423645973205566 
2088	 0.423123449087143 
2089	 0.422603011131287 
2090	 0.422057121992111 
2091	 0.421515971422195 
2092	 0.42094025015831 
2093	 0.420314759016037 
2094	 0.419714033603668 
2095	 0.419103652238846 
2096	 0.418490678071976 
2097	 0.417896151542664 
2098	 0.417279839515686 
2099	 0.416661828756332 
2100	 0.41600775718689 
2101	 0.415308862924576 
2102	 0.414585560560226 
2103	 0.413825571537018 
2104	 0.412997722625732 
2105	 0.412192791700363 
2106	 0.411384284496307 
2107	 0.410535663366318 
2108	 0.40968120098114 
2109	 0.408783078193665 
2110	 0.407836586236954 
2111	 0.406887769699097 
2112	 0.405881613492966 
2113	 0.40490648150444 
2114	 0.403937608003616 
2115	 0.402960389852524 
2116	 0.401998519897461 
2117	 0.401054918766022 
2118	 0.400021374225616 
2119	 0.398929923772812 
2120	 0.397878766059875 
2121	 0.396745353937149 
2122	 0.395735710859299 
2123	 0.394799023866653 
2124	 0.393860071897507 
2125	 0.392948776483536 
2126	 0.392085939645767 
2127	 0.391231447458267 
2128	 0.390460699796677 
2129	 0.389753729104996 
2130	 0.389095515012741 
2131	 0.388512223958969 
2132	 0.387949854135513 
2133	 0.387420356273651 
2134	 0.386964917182922 
2135	 0.386502921581268 
2136	 0.386086702346802 
2137	 0.385702788829803 
2138	 0.385348856449127 
2139	 0.385032624006271 
2140	 0.384758949279785 
2141	 0.384512215852737 
2142	 0.384290516376495 
2143	 0.38412019610405 
2144	 0.383988976478577 
2145	 0.383901715278625 
2146	 0.383869379758835 
2147	 0.38386133313179 
2148	 0.383889257907867 
2149	 0.38395169377327 
2150	 0.384025812149048 
2151	 0.38417175412178 
2152	 0.384378999471664 
2153	 0.384629726409912 
2154	 0.384897291660309 
2155	 0.385214805603027 
2156	 0.385511964559555 
2157	 0.385809451341629 
2158	 0.386110305786133 
2159	 0.386409521102905 
2160	 0.386746376752853 
2161	 0.387108981609344 
2162	 0.387453585863113 
2163	 0.387827903032303 
2164	 0.38817635178566 
2165	 0.388495087623596 
2166	 0.388827741146088 
2167	 0.389159202575684 
2168	 0.389504671096802 
2169	 0.389827370643616 
2170	 0.390195608139038 
2171	 0.390625327825546 
2172	 0.39102378487587 
2173	 0.391416132450104 
2174	 0.391842544078827 
2175	 0.392230600118637 
2176	 0.392608851194382 
2177	 0.393049418926239 
2178	 0.39353933930397 
2179	 0.393984138965607 
2180	 0.39445561170578 
2181	 0.394893914461136 
2182	 0.395299434661865 
2183	 0.395707190036774 
2184	 0.3961101770401 
2185	 0.396511673927307 
2186	 0.396895438432693 
2187	 0.397282153367996 
2188	 0.397706151008606 
2189	 0.398067981004715 
2190	 0.398405492305756 
2191	 0.398711919784546 
2192	 0.398951798677444 
2193	 0.399212241172791 
2194	 0.39947646856308 
2195	 0.399703562259674 
2196	 0.3999203145504 
2197	 0.400126099586487 
2198	 0.400247067213058 
2199	 0.400399744510651 
2200	 0.40051457285881 
2201	 0.40060892701149 
2202	 0.400672554969788 
2203	 0.400713592767715 
2204	 0.400735855102539 
2205	 0.400729358196259 
2206	 0.400705277919769 
2207	 0.400682747364044 
2208	 0.400583565235138 
2209	 0.400414913892746 
2210	 0.400267422199249 
2211	 0.400101006031036 
2212	 0.399896234273911 
2213	 0.399692952632904 
2214	 0.399442553520203 
2215	 0.399123281240463 
2216	 0.398793995380402 
2217	 0.398479253053665 
2218	 0.398085594177246 
2219	 0.397644549608231 
2220	 0.397156536579132 
2221	 0.396595478057861 
2222	 0.395997315645218 
2223	 0.395431905984879 
2224	 0.394781738519669 
2225	 0.394096881151199 
2226	 0.393368870019913 
2227	 0.392549097537994 
2228	 0.391653299331665 
2229	 0.390672594308853 
2230	 0.389612257480621 
2231	 0.388479113578796 
2232	 0.387259423732758 
2233	 0.385945916175842 
2234	 0.384627819061279 
2235	 0.383056968450546 
2236	 0.381313651800156 
2237	 0.379466027021408 
2238	 0.377364993095398 
2239	 0.375285923480988 
2240	 0.373190701007843 
2241	 0.370918840169907 
2242	 0.368605524301529 
2243	 0.366081118583679 
2244	 0.363324850797653 
2245	 0.360517621040344 
2246	 0.357449412345886 
2247	 0.354466378688812 
2248	 0.351524353027344 
2249	 0.34843972325325 
2250	 0.345301926136017 
2251	 0.34217232465744 
2252	 0.338693588972092 
2253	 0.335318922996521 
2254	 0.331944644451141 
2255	 0.328472584486008 
2256	 0.325288712978363 
2257	 0.322060972452164 
2258	 0.318890631198883 
2259	 0.31581899523735 
2260	 0.31271031498909 
2261	 0.309569716453552 
2262	 0.306558728218079 
2263	 0.303522169589996 
2264	 0.300703465938568 
2265	 0.298063904047012 
2266	 0.295409560203552 
2267	 0.292942404747009 
2268	 0.290376752614975 
2269	 0.287742853164673 
2270	 0.285243541002274 
2271	 0.282730311155319 
2272	 0.280354231595993 
2273	 0.278166800737381 
2274	 0.275907963514328 
2275	 0.273769676685333 
2276	 0.271510034799576 
2277	 0.269181668758392 
2278	 0.266852915287018 
2279	 0.26442939043045 
2280	 0.262041389942169 
2281	 0.259735614061356 
2282	 0.257295817136765 
2283	 0.254830986261368 
2284	 0.252301126718521 
2285	 0.249487191438675 
2286	 0.246717244386673 
2287	 0.243846356868744 
2288	 0.240888297557831 
2289	 0.238120183348656 
2290	 0.235171124339104 
2291	 0.232196778059006 
2292	 0.229241818189621 
2293	 0.226083502173424 
2294	 0.223045319318771 
2295	 0.220084264874458 
2296	 0.217213913798332 
2297	 0.214700430631638 
2298	 0.212417021393776 
2299	 0.210421070456505 
2300	 0.208702221512794 
2301	 0.207326948642731 
2302	 0.206231698393822 
2303	 0.205542907118797 
2304	 0.205233737826347 
2305	 0.205271080136299 
2306	 0.205727383494377 
2307	 0.206454813480377 
2308	 0.207549661397934 
2309	 0.208952993154526 
2310	 0.210763216018677 
2311	 0.212702557444572 
2312	 0.215106010437012 
2313	 0.217374429106712 
2314	 0.219807803630829 
2315	 0.222177758812904 
2316	 0.224594816565514 
2317	 0.22686955332756 
2318	 0.229219570755959 
2319	 0.231211602687836 
2320	 0.233083292841911 
2321	 0.23461802303791 
2322	 0.235808372497559 
2323	 0.236826926469803 
2324	 0.237555786967278 
2325	 0.238091006875038 
2326	 0.238369628787041 
2327	 0.238504037261009 
2328	 0.238419488072395 
2329	 0.23818002641201 
2330	 0.237764030694962 
2331	 0.23718473315239 
2332	 0.236443608999252 
2333	 0.235468998551369 
2334	 0.234299391508102 
2335	 0.233032271265984 
2336	 0.231522619724274 
2337	 0.229911059141159 
2338	 0.228370830416679 
2339	 0.226630598306656 
2340	 0.224936157464981 
2341	 0.223397776484489 
2342	 0.221817821264267 
2343	 0.220451757311821 
2344	 0.219354182481766 
2345	 0.218471571803093 
2346	 0.217958942055702 
2347	 0.21785680949688 
2348	 0.218093201518059 
2349	 0.218799874186516 
2350	 0.219962760806084 
2351	 0.221461743116379 
2352	 0.223201617598534 
2353	 0.225168839097023 
2354	 0.227043241262436 
2355	 0.228873550891876 
2356	 0.230682969093323 
2357	 0.23228032886982 
2358	 0.233811587095261 
2359	 0.235107183456421 
2360	 0.236133888363838 
2361	 0.236867904663086 
2362	 0.237317189574242 
2363	 0.237582355737686 
2364	 0.237806349992752 
2365	 0.237973764538765 
2366	 0.238044619560242 
2367	 0.238128468394279 
2368	 0.238120377063751 
2369	 0.238078057765961 
2370	 0.238129138946533 
2371	 0.238178923726082 
2372	 0.238195225596428 
2373	 0.238266214728355 
2374	 0.238344848155975 
2375	 0.238408595323563 
2376	 0.238502472639084 
2377	 0.238591834902763 
2378	 0.238685458898544 
2379	 0.238783717155457 
2380	 0.238872542977333 
2381	 0.238981187343597 
2382	 0.239153817296028 
2383	 0.239361509680748 
2384	 0.23958033323288 
2385	 0.239891365170479 
2386	 0.240116283297539 
2387	 0.240274414420128 
2388	 0.240473419427872 
2389	 0.240688636898994 
2390	 0.240949213504791 
2391	 0.241236537694931 
2392	 0.241503909230232 
2393	 0.241790413856506 
2394	 0.241992086172104 
2395	 0.242160260677338 
2396	 0.2423445135355 
2397	 0.242456063628197 
2398	 0.242667734622955 
2399	 0.242928296327591 
2400	 0.24318166077137 
2401	 0.243507400155067 
2402	 0.243776977062225 
2403	 0.24404813349247 
2404	 0.244276285171509 
2405	 0.244476735591888 
2406	 0.244664952158928 
2407	 0.244781136512756 
2408	 0.2450320571661 
2409	 0.24523651599884 
2410	 0.245330423116684 
2411	 0.245544731616974 
2412	 0.245600461959839 
2413	 0.245629727840424 
2414	 0.245817556977272 
2415	 0.245948269963264 
2416	 0.246121481060982 
2417	 0.246328443288803 
2418	 0.246488630771637 
2419	 0.24659825861454 
2420	 0.246722266077995 
2421	 0.246885016560555 
2422	 0.247034296393394 
2423	 0.247171774506569 
2424	 0.247244775295258 
2425	 0.247311487793922 
2426	 0.247397139668465 
2427	 0.247563168406487 
2428	 0.247707441449165 
2429	 0.24773234128952 
2430	 0.247846603393555 
2431	 0.247823908925056 
2432	 0.247761651873589 
2433	 0.247932255268097 
2434	 0.24796362221241 
2435	 0.247918918728828 
2436	 0.248009398579597 
2437	 0.248115018010139 
2438	 0.248114600777626 
2439	 0.247953727841377 
2440	 0.247702598571777 
2441	 0.247370466589928 
2442	 0.247089266777039 
2443	 0.24707305431366 
2444	 0.247209563851357 
2445	 0.247216641902924 
2446	 0.247087016701698 
2447	 0.246956095099449 
2448	 0.246714517474175 
2449	 0.246324717998505 
2450	 0.245994508266449 
2451	 0.245703175663948 
2452	 0.245265871286392 
2453	 0.244823843240738 
2454	 0.244519218802452 
2455	 0.244101122021675 
2456	 0.243754222989082 
2457	 0.243536531925201 
2458	 0.243057578802109 
2459	 0.24260114133358 
2460	 0.242256596684456 
2461	 0.2419663220644 
2462	 0.241877749562263 
2463	 0.2417221814394 
2464	 0.24135410785675 
2465	 0.240987926721573 
2466	 0.240898162126541 
2467	 0.24097353219986 
2468	 0.241028860211372 
2469	 0.241048693656921 
2470	 0.240873247385025 
2471	 0.240634843707085 
2472	 0.240487948060036 
2473	 0.240590661764145 
2474	 0.240804970264435 
2475	 0.240780770778656 
2476	 0.240866750478745 
2477	 0.240929648280144 
2478	 0.240795344114304 
2479	 0.240828260779381 
2480	 0.241237506270409 
2481	 0.241362139582634 
2482	 0.241340309381485 
2483	 0.241470396518707 
2484	 0.241485223174095 
2485	 0.241493210196495 
2486	 0.241704672574997 
2487	 0.241938263177872 
2488	 0.242187976837158 
2489	 0.242825776338577 
2490	 0.243420615792274 
2491	 0.243769064545631 
2492	 0.24428927898407 
2493	 0.245068907737732 
2494	 0.245850011706352 
2495	 0.246593460440636 
2496	 0.247346818447113 
2497	 0.247643813490868 
2498	 0.248018339276314 
2499	 0.248773723840714 
2500	 0.249558806419373 
