Wavelength	Y7.002
350	 0.138229966163635 
351	 0.133070185780525 
352	 0.128062814474106 
353	 0.124555960297585 
354	 0.121550127863884 
355	 0.117866404354572 
356	 0.115488037467003 
357	 0.114840306341648 
358	 0.109529875218868 
359	 0.105217397212982 
360	 0.102917075157166 
361	 0.101122044026852 
362	 0.100643470883369 
363	 9.93846133351326E-02 
364	 9.60480272769928E-02 
365	 9.05313044786453E-02 
366	 9.05921906232834E-02 
367	 9.24917235970497E-02 
368	 9.16603729128838E-02 
369	 9.04803797602654E-02 
370	 8.88746604323387E-02 
371	 8.71139168739319E-02 
372	 8.56550186872482E-02 
373	 8.48159119486809E-02 
374	 8.46870616078377E-02 
375	 8.47359076142311E-02 
376	 8.36177170276642E-02 
377	 8.39446485042572E-02 
378	 8.33025425672531E-02 
379	 7.99146741628647E-02 
380	 7.83164128661156E-02 
381	 7.85555243492126E-02 
382	 7.89465084671974E-02 
383	 0.077347531914711 
384	 7.74663463234901E-02 
385	 7.80506506562233E-02 
386	 7.75379240512848E-02 
387	 7.46900141239166E-02 
388	 7.34476447105408E-02 
389	 7.35118016600609E-02 
390	 7.33539834618568E-02 
391	 7.16555640101433E-02 
392	 7.13631361722946E-02 
393	 7.19563812017441E-02 
394	 7.08712041378021E-02 
395	 7.01497867703438E-02 
396	 6.93325102329254E-02 
397	 6.83018788695335E-02 
398	 6.80325627326965E-02 
399	 6.74828886985779E-02 
400	 6.71439468860626E-02 
401	 6.73711001873016E-02 
402	 6.60102367401123E-02 
403	 6.53907731175423E-02 
404	 6.56221732497215E-02 
405	 6.51328265666962E-02 
406	 6.45231902599335E-02 
407	 6.40431120991707E-02 
408	 6.36926218867302E-02 
409	 0.063069261610508 
410	 6.24926388263702E-02 
411	 6.23601004481316E-02 
412	 6.27125650644302E-02 
413	 6.17968067526817E-02 
414	 6.08447715640068E-02 
415	 6.05880990624428E-02 
416	 6.10911399126053E-02 
417	 6.10190816223621E-02 
418	 6.10227212309837E-02 
419	 6.14127330482006E-02 
420	 6.07528164982796E-02 
421	 6.06008693575859E-02 
422	 6.09004013240337E-02 
423	 6.09729215502739E-02 
424	 6.08553253114223E-02 
425	 6.07717111706734E-02 
426	 6.08067624270916E-02 
427	 6.08662441372871E-02 
428	 6.09882883727551E-02 
429	 6.10961951315403E-02 
430	 6.11588731408119E-02 
431	 0.061347957700491 
432	 6.15779608488083E-02 
433	 6.18353448808193E-02 
434	 6.21628612279892E-02 
435	 6.27697631716728E-02 
436	 0.063073106110096 
437	 6.29759356379509E-02 
438	 6.32264465093613E-02 
439	 6.39595463871956E-02 
440	 0.064627505838871 
441	 6.47860616445541E-02 
442	 6.53370097279549E-02 
443	 6.60958811640739E-02 
444	 6.68145269155502E-02 
445	 6.72646760940552E-02 
446	 6.78869858384132E-02 
447	 0.068574920296669 
448	 0.06928351521492 
449	 7.03365057706833E-02 
450	 7.13198706507683E-02 
451	 7.22155272960663E-02 
452	 0.073143482208252 
453	 7.40109980106354E-02 
454	 7.50822052359581E-02 
455	 7.63228312134743E-02 
456	 7.73628205060959E-02 
457	 7.86466896533966E-02 
458	 8.00277441740036E-02 
459	 8.13576728105545E-02 
460	 8.28939899802208E-02 
461	 8.44019427895546E-02 
462	 8.58520641922951E-02 
463	 8.73636230826378E-02 
464	 0.089245617389679 
465	 0.091107964515686 
466	 9.28397998213768E-02 
467	 9.48808342218399E-02 
468	 9.70851853489876E-02 
469	 9.92492809891701E-02 
470	 0.101322509348392 
471	 0.103976301848888 
472	 0.106438755989075 
473	 0.108759060502052 
474	 0.111617803573608 
475	 0.114385820925236 
476	 0.117237344384193 
477	 0.120323501527309 
478	 0.123468227684498 
479	 0.126595348119736 
480	 0.129801377654076 
481	 0.133218199014664 
482	 0.13668355345726 
483	 0.140323966741562 
484	 0.14413683116436 
485	 0.147947087883949 
486	 0.151872530579567 
487	 0.155819520354271 
488	 0.15973861515522 
489	 0.163849920034409 
490	 0.168054759502411 
491	 0.172284260392189 
492	 0.176502585411072 
493	 0.180765926837921 
494	 0.185022726655006 
495	 0.189343705773354 
496	 0.194048523902893 
497	 0.198416352272034 
498	 0.202698722481728 
499	 0.207279115915298 
500	 0.211643606424332 
501	 0.215979531407356 
502	 0.220360666513443 
503	 0.22474080324173 
504	 0.229186698794365 
505	 0.233611583709717 
506	 0.237981975078583 
507	 0.242437988519669 
508	 0.24693463742733 
509	 0.251354277133942 
510	 0.255583018064499 
511	 0.259761154651642 
512	 0.264047652482986 
513	 0.268458485603333 
514	 0.272852778434753 
515	 0.277064025402069 
516	 0.281255334615707 
517	 0.28556615114212 
518	 0.2897107899189 
519	 0.293873101472855 
520	 0.29808497428894 
521	 0.302263349294662 
522	 0.306474357843399 
523	 0.310602277517319 
524	 0.31462225317955 
525	 0.318762838840485 
526	 0.322770774364471 
527	 0.326763808727264 
528	 0.330923944711685 
529	 0.335003465414047 
530	 0.338969945907593 
531	 0.342885226011276 
532	 0.346882820129395 
533	 0.35092556476593 
534	 0.355013698339462 
535	 0.359115988016129 
536	 0.36310863494873 
537	 0.367068141698837 
538	 0.370991379022598 
539	 0.374852389097214 
540	 0.378756761550903 
541	 0.382670700550079 
542	 0.386556148529053 
543	 0.390387982130051 
544	 0.394252419471741 
545	 0.398077994585037 
546	 0.401774108409882 
547	 0.40540224313736 
548	 0.409037411212921 
549	 0.412711828947067 
550	 0.416406542062759 
551	 0.420082360506058 
552	 0.423752903938293 
553	 0.427420496940613 
554	 0.431010156869888 
555	 0.434683561325073 
556	 0.438391149044037 
557	 0.44198739528656 
558	 0.445479452610016 
559	 0.448906719684601 
560	 0.452295154333115 
561	 0.455653369426727 
562	 0.459121257066727 
563	 0.462570130825043 
564	 0.465863555669785 
565	 0.469170302152634 
566	 0.472427487373352 
567	 0.475625067949295 
568	 0.478791832923889 
569	 0.481852233409882 
570	 0.484893798828125 
571	 0.488019227981567 
572	 0.491327613592148 
573	 0.494558274745941 
574	 0.497660964727402 
575	 0.500672578811646 
576	 0.503518581390381 
577	 0.506201386451721 
578	 0.508812844753265 
579	 0.511524498462677 
580	 0.514208257198334 
581	 0.5168616771698 
582	 0.519544243812561 
583	 0.52240651845932 
584	 0.525324046611786 
585	 0.528272807598114 
586	 0.531274735927582 
587	 0.534223616123199 
588	 0.537010014057159 
589	 0.539637863636017 
590	 0.542277991771698 
591	 0.544947803020477 
592	 0.547672986984253 
593	 0.550440847873688 
594	 0.553092002868652 
595	 0.555615723133087 
596	 0.558063626289368 
597	 0.560535967350006 
598	 0.563068747520447 
599	 0.565584719181061 
600	 0.568051159381866 
601	 0.570575416088104 
602	 0.573158383369446 
603	 0.575696587562561 
604	 0.57807981967926 
605	 0.580547094345093 
606	 0.582960784435272 
607	 0.585245072841644 
608	 0.587438881397247 
609	 0.589693307876587 
610	 0.591923952102661 
611	 0.594046950340271 
612	 0.596177041530609 
613	 0.598336100578308 
614	 0.600484490394592 
615	 0.602553069591522 
616	 0.604568481445313 
617	 0.606641590595245 
618	 0.608753561973572 
619	 0.610635697841644 
620	 0.612546503543854 
621	 0.614516615867615 
622	 0.616480469703674 
623	 0.618293583393097 
624	 0.620148301124573 
625	 0.622061371803284 
626	 0.623878598213196 
627	 0.625684976577759 
628	 0.62745475769043 
629	 0.629174530506134 
630	 0.630899786949158 
631	 0.632613837718964 
632	 0.634275317192078 
633	 0.635859072208405 
634	 0.637529611587524 
635	 0.639130055904388 
636	 0.640637218952179 
637	 0.642220795154572 
638	 0.643756031990051 
639	 0.645257651805878 
640	 0.646754443645477 
641	 0.648202776908875 
642	 0.649652123451233 
643	 0.651109278202057 
644	 0.652552008628845 
645	 0.653913378715515 
646	 0.655256927013397 
647	 0.65661895275116 
648	 0.657969117164612 
649	 0.659279108047485 
650	 0.660547137260437 
651	 0.661786317825317 
652	 0.663010895252228 
653	 0.664236068725586 
654	 0.665487825870514 
655	 0.66678512096405 
656	 0.667893767356873 
657	 0.668997466564178 
658	 0.670204818248749 
659	 0.671321868896484 
660	 0.672434389591217 
661	 0.67355078458786 
662	 0.674651682376862 
663	 0.67570972442627 
664	 0.676775515079498 
665	 0.67785906791687 
666	 0.678925812244415 
667	 0.6799196600914 
668	 0.680884897708893 
669	 0.681871235370636 
670	 0.682898759841919 
671	 0.683917164802551 
672	 0.684883058071136 
673	 0.685776233673096 
674	 0.686698913574219 
675	 0.687647759914398 
676	 0.688579618930817 
677	 0.689417004585266 
678	 0.690219461917877 
679	 0.691059589385986 
680	 0.691960155963898 
681	 0.692784905433655 
682	 0.693638563156128 
683	 0.694491982460022 
684	 0.695254266262054 
685	 0.695969700813293 
686	 0.696695029735565 
687	 0.697456419467926 
688	 0.698237478733063 
689	 0.698968231678009 
690	 0.699621677398682 
691	 0.700239479541779 
692	 0.701046109199524 
693	 0.701791107654572 
694	 0.702453315258026 
695	 0.703145325183868 
696	 0.703718066215515 
697	 0.704313158988953 
698	 0.704996824264526 
699	 0.705669105052948 
700	 0.706269681453705 
701	 0.706827342510223 
702	 0.707384765148163 
703	 0.707902431488037 
704	 0.708462059497833 
705	 0.709060788154602 
706	 0.709633231163025 
707	 0.710142254829407 
708	 0.710659265518188 
709	 0.711202204227448 
710	 0.711671948432922 
711	 0.712207674980164 
712	 0.712733924388886 
713	 0.713173687458038 
714	 0.713715612888336 
715	 0.714232921600342 
716	 0.714689254760742 
717	 0.71512508392334 
718	 0.71559339761734 
719	 0.716001331806183 
720	 0.716354370117188 
721	 0.716864407062531 
722	 0.717275083065033 
723	 0.717624127864838 
724	 0.718014538288116 
725	 0.718429088592529 
726	 0.718840301036835 
727	 0.719241261482239 
728	 0.719638824462891 
729	 0.720007002353668 
730	 0.720363259315491 
731	 0.720713496208191 
732	 0.721032679080963 
733	 0.721412897109985 
734	 0.72180962562561 
735	 0.722162485122681 
736	 0.722514927387238 
737	 0.722841143608093 
738	 0.723158299922943 
739	 0.723503172397614 
740	 0.723811805248261 
741	 0.724119901657104 
742	 0.724431037902832 
743	 0.724683880805969 
744	 0.724957942962646 
745	 0.725289523601532 
746	 0.725666522979736 
747	 0.725970804691315 
748	 0.72622162103653 
749	 0.726476550102234 
750	 0.726793169975281 
751	 0.72704154253006 
752	 0.727283596992493 
753	 0.727535128593445 
754	 0.727729082107544 
755	 0.727979898452759 
756	 0.728244662284851 
757	 0.72847855091095 
758	 0.728738069534302 
759	 0.729050934314728 
760	 0.729352414608002 
761	 0.729552090167999 
762	 0.729693293571472 
763	 0.729921638965607 
764	 0.730241239070892 
765	 0.730502843856812 
766	 0.730711698532104 
767	 0.730884075164795 
768	 0.731063425540924 
769	 0.731346607208252 
770	 0.731612145900726 
771	 0.731870949268341 
772	 0.732150733470917 
773	 0.732310354709625 
774	 0.732474207878113 
775	 0.732663035392761 
776	 0.732819378376007 
777	 0.733143627643585 
778	 0.733390033245087 
779	 0.733455300331116 
780	 0.733579218387604 
781	 0.733732402324677 
782	 0.733961164951324 
783	 0.734264314174652 
784	 0.734434187412262 
785	 0.734586954116821 
786	 0.734762728214264 
787	 0.734941422939301 
788	 0.735011994838715 
789	 0.735175311565399 
790	 0.735453128814697 
791	 0.735631048679352 
792	 0.735822200775146 
793	 0.735976338386536 
794	 0.736061334609985 
795	 0.736157178878784 
796	 0.736271381378174 
797	 0.736451685428619 
798	 0.736703276634216 
799	 0.736781597137451 
800	 0.736905992031097 
801	 0.73707640171051 
802	 0.73713207244873 
803	 0.737253785133362 
804	 0.737416505813599 
805	 0.737579822540283 
806	 0.737724781036377 
807	 0.737752556800842 
808	 0.73785388469696 
809	 0.738111019134521 
810	 0.738052189350128 
811	 0.738125264644623 
812	 0.738323271274567 
813	 0.738454937934875 
814	 0.738576412200928 
815	 0.738652110099792 
816	 0.738709509372711 
817	 0.738827705383301 
818	 0.738978326320648 
819	 0.7390958070755 
820	 0.739150702953339 
821	 0.739180386066437 
822	 0.73926967382431 
823	 0.739370703697205 
824	 0.739437639713287 
825	 0.739562451839447 
826	 0.739626526832581 
827	 0.739699482917786 
828	 0.739874243736267 
829	 0.739835321903229 
830	 0.739894032478333 
831	 0.740078091621399 
832	 0.740147829055786 
833	 0.740165293216705 
834	 0.740212321281433 
835	 0.740301549434662 
836	 0.740333437919617 
837	 0.740408957004547 
838	 0.740477323532104 
839	 0.740497171878815 
840	 0.740563988685608 
841	 0.740601778030396 
842	 0.740599870681763 
843	 0.740588843822479 
844	 0.740648090839386 
845	 0.740730881690979 
846	 0.740815222263336 
847	 0.740902900695801 
848	 0.740998983383179 
849	 0.741078436374664 
850	 0.741110503673553 
851	 0.741069197654724 
852	 0.741117477416992 
853	 0.741201758384705 
854	 0.74124813079834 
855	 0.741242468357086 
856	 0.741267383098602 
857	 0.741308629512787 
858	 0.741326153278351 
859	 0.741312205791473 
860	 0.74128270149231 
861	 0.741345703601837 
862	 0.74156254529953 
863	 0.741458892822266 
864	 0.74142599105835 
865	 0.741528451442719 
866	 0.74151748418808 
867	 0.741521120071411 
868	 0.741533696651459 
869	 0.741561532020569 
870	 0.741644084453583 
871	 0.741647839546204 
872	 0.741658806800842 
873	 0.741728127002716 
874	 0.741721868515015 
875	 0.741676986217499 
876	 0.741655588150024 
877	 0.741690397262573 
878	 0.741674780845642 
879	 0.741698980331421 
880	 0.741678535938263 
881	 0.741523146629334 
882	 0.741576671600342 
883	 0.741664290428162 
884	 0.741688549518585 
885	 0.741651475429535 
886	 0.741638541221619 
887	 0.741617321968079 
888	 0.741576790809631 
889	 0.741545677185059 
890	 0.741524815559387 
891	 0.741476953029633 
892	 0.74142199754715 
893	 0.741483688354492 
894	 0.741455733776093 
895	 0.741373717784882 
896	 0.741317689418793 
897	 0.741314113140106 
898	 0.74127596616745 
899	 0.741229057312012 
900	 0.741207957267761 
901	 0.741118729114532 
902	 0.741050601005554 
903	 0.740993201732636 
904	 0.740909576416016 
905	 0.740919768810272 
906	 0.740883588790894 
907	 0.74078506231308 
908	 0.740700542926788 
909	 0.740577101707459 
910	 0.740529537200928 
911	 0.740551590919495 
912	 0.740504920482636 
913	 0.740351796150208 
914	 0.740293860435486 
915	 0.740359783172607 
916	 0.740303754806519 
917	 0.740212500095367 
918	 0.740112841129303 
919	 0.740036427974701 
920	 0.740035712718964 
921	 0.740030705928802 
922	 0.740007996559143 
923	 0.739964723587036 
924	 0.73986941576004 
925	 0.739830911159515 
926	 0.739867568016052 
927	 0.739945232868195 
928	 0.739977121353149 
929	 0.740055620670319 
930	 0.74010181427002 
931	 0.740024745464325 
932	 0.739999651908875 
933	 0.739973366260529 
934	 0.739980578422546 
935	 0.740083456039429 
936	 0.740221738815308 
937	 0.740343868732452 
938	 0.740438461303711 
939	 0.740521728992462 
940	 0.74056875705719 
941	 0.74068146944046 
942	 0.740800678730011 
943	 0.740752577781677 
944	 0.740652680397034 
945	 0.740737199783325 
946	 0.740945935249329 
947	 0.740933239459991 
948	 0.740889012813568 
949	 0.740875840187073 
950	 0.740859270095825 
951	 0.740725457668304 
952	 0.74072527885437 
953	 0.740698516368866 
954	 0.740634381771088 
955	 0.740817785263062 
956	 0.740682780742645 
957	 0.740492165088654 
958	 0.740458250045776 
959	 0.740397334098816 
960	 0.740239202976227 
961	 0.740146577358246 
962	 0.740190625190735 
963	 0.740151226520538 
964	 0.740158021450043 
965	 0.740085124969482 
966	 0.739877939224243 
967	 0.739772975444794 
968	 0.739716231822968 
969	 0.739632427692413 
970	 0.739483892917633 
971	 0.739342212677002 
972	 0.739379823207855 
973	 0.73936140537262 
974	 0.739120423793793 
975	 0.739034712314606 
976	 0.739062130451202 
977	 0.739149391651154 
978	 0.739175498485565 
979	 0.738852024078369 
980	 0.738696098327637 
981	 0.738686800003052 
982	 0.738639831542969 
983	 0.738502323627472 
984	 0.73851066827774 
985	 0.73859167098999 
986	 0.738599359989166 
987	 0.738551676273346 
988	 0.73859828710556 
989	 0.738569498062134 
990	 0.738323628902435 
991	 0.738201856613159 
992	 0.738175332546234 
993	 0.73823207616806 
994	 0.738361597061157 
995	 0.738611102104187 
996	 0.73848968744278 
997	 0.738281488418579 
998	 0.738391578197479 
999	 0.738589763641357 
1000	 0.738835692405701 
1001	 0.739564001560211 
1002	 0.739587128162384 
1003	 0.739597201347351 
1004	 0.739646911621094 
1005	 0.739732086658478 
1006	 0.739793479442596 
1007	 0.739865064620972 
1008	 0.739938259124756 
1009	 0.740028321743011 
1010	 0.740064322948456 
1011	 0.740070641040802 
1012	 0.740090548992157 
1013	 0.740052044391632 
1014	 0.740072548389435 
1015	 0.740138947963715 
1016	 0.740221679210663 
1017	 0.740257322788239 
1018	 0.740273952484131 
1019	 0.740305244922638 
1020	 0.740339279174805 
1021	 0.740371286869049 
1022	 0.740416705608368 
1023	 0.7404625415802 
1024	 0.740511000156403 
1025	 0.740549862384796 
1026	 0.740616500377655 
1027	 0.740637481212616 
1028	 0.740629255771637 
1029	 0.740602076053619 
1030	 0.740574181079865 
1031	 0.74055290222168 
1032	 0.740546405315399 
1033	 0.740503907203674 
1034	 0.740454614162445 
1035	 0.740449726581573 
1036	 0.74044394493103 
1037	 0.740478157997131 
1038	 0.740468621253967 
1039	 0.740438282489777 
1040	 0.740402519702911 
1041	 0.740334331989288 
1042	 0.740293979644775 
1043	 0.740242540836334 
1044	 0.740247309207916 
1045	 0.740270376205444 
1046	 0.740269958972931 
1047	 0.740291059017181 
1048	 0.74032723903656 
1049	 0.74034583568573 
1050	 0.740368962287903 
1051	 0.740359842777252 
1052	 0.740335166454315 
1053	 0.740348100662231 
1054	 0.740387797355652 
1055	 0.740395426750183 
1056	 0.740413784980774 
1057	 0.740435481071472 
1058	 0.740433752536774 
1059	 0.740427196025848 
1060	 0.7404825091362 
1061	 0.740532517433167 
1062	 0.74055027961731 
1063	 0.740548729896545 
1064	 0.740569829940796 
1065	 0.740608632564545 
1066	 0.740627765655518 
1067	 0.740686357021332 
1068	 0.740725338459015 
1069	 0.740751147270203 
1070	 0.740792691707611 
1071	 0.740849435329437 
1072	 0.740891635417938 
1073	 0.740971088409424 
1074	 0.741032242774963 
1075	 0.741044223308563 
1076	 0.741090178489685 
1077	 0.741133630275726 
1078	 0.741172552108765 
1079	 0.74125474691391 
1080	 0.741318941116333 
1081	 0.741362631320953 
1082	 0.741380751132965 
1083	 0.741377830505371 
1084	 0.741434752941132 
1085	 0.74148029088974 
1086	 0.741492986679077 
1087	 0.741489470005035 
1088	 0.741506695747375 
1089	 0.741505920886993 
1090	 0.741522431373596 
1091	 0.741568446159363 
1092	 0.741615474224091 
1093	 0.741634011268616 
1094	 0.741600513458252 
1095	 0.741578698158264 
1096	 0.741546511650085 
1097	 0.741494178771973 
1098	 0.741463899612427 
1099	 0.741434216499329 
1100	 0.741397321224213 
1101	 0.74137943983078 
1102	 0.74137419462204 
1103	 0.741352796554565 
1104	 0.741328120231628 
1105	 0.741302132606506 
1106	 0.741234362125397 
1107	 0.741165578365326 
1108	 0.74112468957901 
1109	 0.741054832935333 
1110	 0.74100124835968 
1111	 0.740973293781281 
1112	 0.740938246250153 
1113	 0.740902602672577 
1114	 0.740853428840637 
1115	 0.740796983242035 
1116	 0.740742564201355 
1117	 0.740685522556305 
1118	 0.740615785121918 
1119	 0.740571022033691 
1120	 0.740481793880463 
1121	 0.740355789661407 
1122	 0.74021989107132 
1123	 0.740109264850616 
1124	 0.740002691745758 
1125	 0.739874362945557 
1126	 0.739746928215027 
1127	 0.739590346813202 
1128	 0.739395499229431 
1129	 0.739222884178162 
1130	 0.739034414291382 
1131	 0.738798379898071 
1132	 0.738565146923065 
1133	 0.738312423229218 
1134	 0.738045930862427 
1135	 0.737762868404388 
1136	 0.737477600574493 
1137	 0.73716527223587 
1138	 0.736827790737152 
1139	 0.736468315124512 
1140	 0.73608660697937 
1141	 0.735719084739685 
1142	 0.735294044017792 
1143	 0.734846293926239 
1144	 0.734384834766388 
1145	 0.733868956565857 
1146	 0.733367562294006 
1147	 0.732865393161774 
1148	 0.732314050197601 
1149	 0.731763660907745 
1150	 0.731180012226105 
1151	 0.730566084384918 
1152	 0.729928493499756 
1153	 0.729254007339478 
1154	 0.728592991828918 
1155	 0.727925717830658 
1156	 0.727218568325043 
1157	 0.726503551006317 
1158	 0.72579300403595 
1159	 0.725048542022705 
1160	 0.724310755729675 
1161	 0.723569512367249 
1162	 0.722761809825897 
1163	 0.721978366374969 
1164	 0.721218228340149 
1165	 0.720502257347107 
1166	 0.719877541065216 
1167	 0.719262361526489 
1168	 0.718676567077637 
1169	 0.71815150976181 
1170	 0.71768844127655 
1171	 0.717237770557404 
1172	 0.71685117483139 
1173	 0.716437160968781 
1174	 0.716051340103149 
1175	 0.715641498565674 
1176	 0.715219080448151 
1177	 0.714796960353851 
1178	 0.714382171630859 
1179	 0.713920593261719 
1180	 0.713489890098572 
1181	 0.713024854660034 
1182	 0.71250319480896 
1183	 0.712027132511139 
1184	 0.711528599262238 
1185	 0.711046874523163 
1186	 0.710584938526154 
1187	 0.710148930549622 
1188	 0.709709882736206 
1189	 0.709283590316772 
1190	 0.708849549293518 
1191	 0.708407878875732 
1192	 0.708003044128418 
1193	 0.707601964473724 
1194	 0.707224190235138 
1195	 0.706876695156097 
1196	 0.706541478633881 
1197	 0.70621657371521 
1198	 0.705902993679047 
1199	 0.705628514289856 
1200	 0.705385386943817 
1201	 0.705135405063629 
1202	 0.704933762550354 
1203	 0.704771339893341 
1204	 0.704638302326202 
1205	 0.704567134380341 
1206	 0.704540729522705 
1207	 0.704589068889618 
1208	 0.704667866230011 
1209	 0.704863846302032 
1210	 0.705149710178375 
1211	 0.705509901046753 
1212	 0.705961465835571 
1213	 0.706485033035278 
1214	 0.707098424434662 
1215	 0.707765579223633 
1216	 0.708531558513641 
1217	 0.709305226802826 
1218	 0.710135638713837 
1219	 0.710975468158722 
1220	 0.711842000484467 
1221	 0.712795317173004 
1222	 0.713707685470581 
1223	 0.714630901813507 
1224	 0.715524196624756 
1225	 0.716411709785461 
1226	 0.717225313186646 
1227	 0.718015551567078 
1228	 0.718758046627045 
1229	 0.719434857368469 
1230	 0.720093131065369 
1231	 0.720733225345612 
1232	 0.721329271793365 
1233	 0.721875309944153 
1234	 0.722389996051788 
1235	 0.722855269908905 
1236	 0.723314523696899 
1237	 0.723745703697205 
1238	 0.724161267280579 
1239	 0.724558174610138 
1240	 0.724952459335327 
1241	 0.725330591201782 
1242	 0.725640714168549 
1243	 0.725952506065369 
1244	 0.726248681545258 
1245	 0.726516902446747 
1246	 0.726744294166565 
1247	 0.726992845535278 
1248	 0.727234840393066 
1249	 0.727466464042664 
1250	 0.727705001831055 
1251	 0.727921485900879 
1252	 0.728126406669617 
1253	 0.72830194234848 
1254	 0.728473603725433 
1255	 0.728606820106506 
1256	 0.72870260477066 
1257	 0.728778719902039 
1258	 0.728810787200928 
1259	 0.728850245475769 
1260	 0.728859186172485 
1261	 0.728885412216187 
1262	 0.728923738002777 
1263	 0.728965103626251 
1264	 0.728982269763947 
1265	 0.728997945785522 
1266	 0.728996276855469 
1267	 0.72896021604538 
1268	 0.728956878185272 
1269	 0.728955924510956 
1270	 0.728966236114502 
1271	 0.729001462459564 
1272	 0.729012250900269 
1273	 0.729004442691803 
1274	 0.729026257991791 
1275	 0.729045331478119 
1276	 0.729081690311432 
1277	 0.729151487350464 
1278	 0.729211509227753 
1279	 0.729274749755859 
1280	 0.729334712028503 
1281	 0.729394316673279 
1282	 0.729456186294556 
1283	 0.729498028755188 
1284	 0.729569017887115 
1285	 0.729655563831329 
1286	 0.729763686656952 
1287	 0.729853689670563 
1288	 0.729959726333618 
1289	 0.73004674911499 
1290	 0.730109572410584 
1291	 0.730193853378296 
1292	 0.730299711227417 
1293	 0.730369806289673 
1294	 0.730427742004395 
1295	 0.730485439300537 
1296	 0.730524718761444 
1297	 0.730563700199127 
1298	 0.730618596076965 
1299	 0.730641424655914 
1300	 0.730636239051819 
1301	 0.730634450912476 
1302	 0.730624377727509 
1303	 0.730603158473969 
1304	 0.730583369731903 
1305	 0.730543732643127 
1306	 0.730491638183594 
1307	 0.730420649051666 
1308	 0.730336844921112 
1309	 0.730230331420898 
1310	 0.730117499828339 
1311	 0.729981422424316 
1312	 0.729858815670013 
1313	 0.729738354682922 
1314	 0.729600429534912 
1315	 0.729469299316406 
1316	 0.729302406311035 
1317	 0.729117155075073 
1318	 0.728907644748688 
1319	 0.728672802448273 
1320	 0.728426456451416 
1321	 0.728150069713593 
1322	 0.727882266044617 
1323	 0.727611243724823 
1324	 0.727327823638916 
1325	 0.727059185504913 
1326	 0.726744413375854 
1327	 0.7264004945755 
1328	 0.726043164730072 
1329	 0.725659191608429 
1330	 0.725259065628052 
1331	 0.724842071533203 
1332	 0.724414587020874 
1333	 0.723980307579041 
1334	 0.723502635955811 
1335	 0.723046004772186 
1336	 0.72259259223938 
1337	 0.722112596035004 
1338	 0.721615970134735 
1339	 0.72113448381424 
1340	 0.720631659030914 
1341	 0.720162570476532 
1342	 0.719718933105469 
1343	 0.719264805316925 
1344	 0.718831777572632 
1345	 0.718360841274261 
1346	 0.7178795337677 
1347	 0.717386186122894 
1348	 0.71687787771225 
1349	 0.716345429420471 
1350	 0.715779840946198 
1351	 0.715234279632568 
1352	 0.714671194553375 
1353	 0.714116632938385 
1354	 0.71357935667038 
1355	 0.713038802146912 
1356	 0.712492346763611 
1357	 0.711944341659546 
1358	 0.711410284042358 
1359	 0.710858464241028 
1360	 0.710310220718384 
1361	 0.709731578826904 
1362	 0.709104478359222 
1363	 0.708502531051636 
1364	 0.707871079444885 
1365	 0.707219898700714 
1366	 0.706544160842896 
1367	 0.705863416194916 
1368	 0.705148756504059 
1369	 0.704408764839172 
1370	 0.703629076480865 
1371	 0.702827334403992 
1372	 0.701999723911285 
1373	 0.701144993305206 
1374	 0.700239717960358 
1375	 0.699293911457062 
1376	 0.698326826095581 
1377	 0.697297334671021 
1378	 0.696265339851379 
1379	 0.695220112800598 
1380	 0.69415807723999 
1381	 0.69306755065918 
1382	 0.691965699195862 
1383	 0.690840899944305 
1384	 0.689721822738647 
1385	 0.688608944416046 
1386	 0.68747353553772 
1387	 0.686312735080719 
1388	 0.685194730758667 
1389	 0.684048771858215 
1390	 0.682958126068115 
1391	 0.681934475898743 
1392	 0.680889189243317 
1393	 0.67992889881134 
1394	 0.678975403308868 
1395	 0.678042113780975 
1396	 0.677164137363434 
1397	 0.676240563392639 
1398	 0.675339221954346 
1399	 0.674347519874573 
1400	 0.673346519470215 
1401	 0.672231793403625 
1402	 0.671045541763306 
1403	 0.669774353504181 
1404	 0.66841048002243 
1405	 0.667014479637146 
1406	 0.665545046329498 
1407	 0.664034605026245 
1408	 0.662452220916748 
1409	 0.660873591899872 
1410	 0.659242510795593 
1411	 0.657616257667542 
1412	 0.655973017215729 
1413	 0.654360294342041 
1414	 0.652715563774109 
1415	 0.651130139827728 
1416	 0.649564445018768 
1417	 0.648049592971802 
1418	 0.646570205688477 
1419	 0.645135521888733 
1420	 0.643733739852905 
1421	 0.642408490180969 
1422	 0.641131222248077 
1423	 0.639914333820343 
1424	 0.638789474964142 
1425	 0.637663662433624 
1426	 0.636651992797852 
1427	 0.635684490203857 
1428	 0.634757280349731 
1429	 0.63394021987915 
1430	 0.633101284503937 
1431	 0.632303655147552 
1432	 0.6314737200737 
1433	 0.630657017230988 
1434	 0.629820108413696 
1435	 0.628972947597504 
1436	 0.628093481063843 
1437	 0.62721061706543 
1438	 0.626302301883698 
1439	 0.625328481197357 
1440	 0.624416410923004 
1441	 0.623454332351685 
1442	 0.622643709182739 
1443	 0.621806144714355 
1444	 0.621249616146088 
1445	 0.620803117752075 
1446	 0.620633721351624 
1447	 0.620678722858429 
1448	 0.620960652828217 
1449	 0.621527075767517 
1450	 0.622214138507843 
1451	 0.623182654380798 
1452	 0.6241694688797 
1453	 0.625357687473297 
1454	 0.626469433307648 
1455	 0.627664983272552 
1456	 0.62877893447876 
1457	 0.629869937896729 
1458	 0.630901992321014 
1459	 0.631892502307892 
1460	 0.632831335067749 
1461	 0.63372939825058 
1462	 0.63454657793045 
1463	 0.635298192501068 
1464	 0.635997533798218 
1465	 0.636598706245422 
1466	 0.637195885181427 
1467	 0.637733936309814 
1468	 0.638219058513641 
1469	 0.638667702674866 
1470	 0.639045357704163 
1471	 0.639426589012146 
1472	 0.63975715637207 
1473	 0.640130996704102 
1474	 0.64049619436264 
1475	 0.640892446041107 
1476	 0.641311764717102 
1477	 0.641737580299377 
1478	 0.642182886600494 
1479	 0.642615258693695 
1480	 0.643079698085785 
1481	 0.64347243309021 
1482	 0.643850982189178 
1483	 0.64417177438736 
1484	 0.64442366361618 
1485	 0.644685685634613 
1486	 0.644903063774109 
1487	 0.645145177841187 
1488	 0.64536464214325 
1489	 0.645636022090912 
1490	 0.645899534225464 
1491	 0.646248638629913 
1492	 0.646633386611938 
1493	 0.647107362747192 
1494	 0.64766389131546 
1495	 0.64825850725174 
1496	 0.648936986923218 
1497	 0.649630784988403 
1498	 0.650395095348358 
1499	 0.651132643222809 
1500	 0.651911437511444 
1501	 0.652647256851196 
1502	 0.653375267982483 
1503	 0.654055535793304 
1504	 0.654716014862061 
1505	 0.655327022075653 
1506	 0.655894041061401 
1507	 0.656419932842255 
1508	 0.656920373439789 
1509	 0.657351315021515 
1510	 0.657709717750549 
1511	 0.658042371273041 
1512	 0.658313274383545 
1513	 0.658562242984772 
1514	 0.658791899681091 
1515	 0.658981919288635 
1516	 0.659123301506042 
1517	 0.659247040748596 
1518	 0.659336030483246 
1519	 0.659405946731567 
1520	 0.659461319446564 
1521	 0.659490168094635 
1522	 0.659461438655853 
1523	 0.659421324729919 
1524	 0.659358143806458 
1525	 0.65925270318985 
1526	 0.65915709733963 
1527	 0.659062087535858 
1528	 0.658932149410248 
1529	 0.658778369426727 
1530	 0.658620119094849 
1531	 0.658432185649872 
1532	 0.65826827287674 
1533	 0.658101081848145 
1534	 0.657952606678009 
1535	 0.657806694507599 
1536	 0.657694101333618 
1537	 0.657580852508545 
1538	 0.65754246711731 
1539	 0.657545983791351 
1540	 0.657590091228485 
1541	 0.657692611217499 
1542	 0.657817006111145 
1543	 0.657982528209686 
1544	 0.658155798912048 
1545	 0.658359527587891 
1546	 0.658581376075745 
1547	 0.658830940723419 
1548	 0.659067988395691 
1549	 0.659327030181885 
1550	 0.659576117992401 
1551	 0.659814894199371 
1552	 0.660054445266724 
1553	 0.660299241542816 
1554	 0.660544872283936 
1555	 0.660787105560303 
1556	 0.661023497581482 
1557	 0.661279261112213 
1558	 0.661495804786682 
1559	 0.661672711372375 
1560	 0.661874651908875 
1561	 0.662069857120514 
1562	 0.662266492843628 
1563	 0.662480652332306 
1564	 0.662677049636841 
1565	 0.662846088409424 
1566	 0.663042783737183 
1567	 0.66325718164444 
1568	 0.663455963134766 
1569	 0.663675844669342 
1570	 0.66385805606842 
1571	 0.664000749588013 
1572	 0.664163589477539 
1573	 0.664304852485657 
1574	 0.664476037025452 
1575	 0.664669215679169 
1576	 0.664863526821136 
1577	 0.665082633495331 
1578	 0.665280163288116 
1579	 0.665460586547852 
1580	 0.665662348270416 
1581	 0.665855288505554 
1582	 0.666070401668549 
1583	 0.666330099105835 
1584	 0.666555464267731 
1585	 0.666762232780457 
1586	 0.666987240314484 
1587	 0.667202174663544 
1588	 0.66742867231369 
1589	 0.667671740055084 
1590	 0.667920112609863 
1591	 0.668177247047424 
1592	 0.668428540229797 
1593	 0.668693125247955 
1594	 0.66894656419754 
1595	 0.669208645820618 
1596	 0.669429421424866 
1597	 0.669617056846619 
1598	 0.669815480709076 
1599	 0.669972658157349 
1600	 0.670161724090576 
1601	 0.670380055904388 
1602	 0.67059326171875 
1603	 0.670816898345947 
1604	 0.671030580997467 
1605	 0.671256363391876 
1606	 0.671456277370453 
1607	 0.671639919281006 
1608	 0.671814441680908 
1609	 0.671972870826721 
1610	 0.672118246555328 
1611	 0.672248899936676 
1612	 0.672375917434692 
1613	 0.672495007514954 
1614	 0.672598361968994 
1615	 0.672713160514832 
1616	 0.672783136367798 
1617	 0.67282098531723 
1618	 0.6728355884552 
1619	 0.672791123390198 
1620	 0.672770500183105 
1621	 0.672743082046509 
1622	 0.672717809677124 
1623	 0.672701001167297 
1624	 0.67268431186676 
1625	 0.67268431186676 
1626	 0.672645747661591 
1627	 0.672597944736481 
1628	 0.672529757022858 
1629	 0.672401309013367 
1630	 0.672308564186096 
1631	 0.672227144241333 
1632	 0.672145187854767 
1633	 0.672064363956451 
1634	 0.672002792358398 
1635	 0.671958148479462 
1636	 0.671906173229218 
1637	 0.671892821788788 
1638	 0.671829283237457 
1639	 0.67172634601593 
1640	 0.671627700328827 
1641	 0.671497702598572 
1642	 0.671382069587708 
1643	 0.671288311481476 
1644	 0.671164989471436 
1645	 0.671046555042267 
1646	 0.670888781547546 
1647	 0.670696079730988 
1648	 0.670488297939301 
1649	 0.670250952243805 
1650	 0.669997990131378 
1651	 0.669723510742188 
1652	 0.669441998004913 
1653	 0.669157266616821 
1654	 0.668836712837219 
1655	 0.668510317802429 
1656	 0.66812938451767 
1657	 0.667693436145782 
1658	 0.66724157333374 
1659	 0.666764676570892 
1660	 0.666251361370087 
1661	 0.665730357170105 
1662	 0.665134012699127 
1663	 0.664469003677368 
1664	 0.663770377635956 
1665	 0.663044989109039 
1666	 0.662219643592834 
1667	 0.661344647407532 
1668	 0.660389244556427 
1669	 0.659336686134338 
1670	 0.658223152160645 
1671	 0.65702885389328 
1672	 0.655787587165833 
1673	 0.654480814933777 
1674	 0.653104960918427 
1675	 0.651695430278778 
1676	 0.650203466415405 
1677	 0.648644983768463 
1678	 0.646981120109558 
1679	 0.645209848880768 
1680	 0.643378973007202 
1681	 0.641452848911285 
1682	 0.639447808265686 
1683	 0.637376308441162 
1684	 0.635270774364471 
1685	 0.633086204528809 
1686	 0.63085401058197 
1687	 0.628561437129974 
1688	 0.62621283531189 
1689	 0.623800694942474 
1690	 0.6213139295578 
1691	 0.6187664270401 
1692	 0.616233944892883 
1693	 0.613658428192139 
1694	 0.611035883426666 
1695	 0.608390867710114 
1696	 0.605688333511353 
1697	 0.602906763553619 
1698	 0.600071907043457 
1699	 0.597217917442322 
1700	 0.594371557235718 
1701	 0.591425716876984 
1702	 0.588602960109711 
1703	 0.585751891136169 
1704	 0.583088994026184 
1705	 0.580498337745667 
1706	 0.578007161617279 
1707	 0.575846552848816 
1708	 0.573749959468842 
1709	 0.571780502796173 
1710	 0.569989085197449 
1711	 0.568195521831512 
1712	 0.566567301750183 
1713	 0.564987003803253 
1714	 0.563438236713409 
1715	 0.562064647674561 
1716	 0.560663878917694 
1717	 0.55932742357254 
1718	 0.558083355426788 
1719	 0.556836247444153 
1720	 0.55569052696228 
1721	 0.554622232913971 
1722	 0.553652465343475 
1723	 0.55285769701004 
1724	 0.552170693874359 
1725	 0.551644444465637 
1726	 0.551359593868256 
1727	 0.551284492015839 
1728	 0.55144727230072 
1729	 0.551860272884369 
1730	 0.552459597587585 
1731	 0.553164184093475 
1732	 0.554045617580414 
1733	 0.555001854896545 
1734	 0.556010127067566 
1735	 0.557076871395111 
1736	 0.558059871196747 
1737	 0.558929085731506 
1738	 0.559645891189575 
1739	 0.56016743183136 
1740	 0.560535311698914 
1741	 0.560706913471222 
1742	 0.560634911060333 
1743	 0.560493588447571 
1744	 0.560131728649139 
1745	 0.559800386428833 
1746	 0.559383809566498 
1747	 0.55901050567627 
1748	 0.55858588218689 
1749	 0.558245301246643 
1750	 0.557913839817047 
1751	 0.557689666748047 
1752	 0.55753093957901 
1753	 0.557469367980957 
1754	 0.55747526884079 
1755	 0.557626485824585 
1756	 0.557868659496307 
1757	 0.558280467987061 
1758	 0.558876633644104 
1759	 0.559581935405731 
1760	 0.560409724712372 
1761	 0.561398267745972 
1762	 0.562433421611786 
1763	 0.563618779182434 
1764	 0.564940631389618 
1765	 0.56636905670166 
1766	 0.567955791950226 
1767	 0.56951767206192 
1768	 0.571109294891357 
1769	 0.572712063789368 
1770	 0.574159264564514 
1771	 0.575607478618622 
1772	 0.576973557472229 
1773	 0.578177452087402 
1774	 0.579414248466492 
1775	 0.580547034740448 
1776	 0.581602454185486 
1777	 0.582631647586823 
1778	 0.583482086658478 
1779	 0.584280133247375 
1780	 0.585038065910339 
1781	 0.585724413394928 
1782	 0.586450815200806 
1783	 0.587140262126923 
1784	 0.587782800197601 
1785	 0.588343739509583 
1786	 0.588832259178162 
1787	 0.589226126670837 
1788	 0.58961409330368 
1789	 0.589966773986816 
1790	 0.590303778648376 
1791	 0.590593993663788 
1792	 0.590918719768524 
1793	 0.591231048107147 
1794	 0.591550946235657 
1795	 0.591878473758698 
1796	 0.592171907424927 
1797	 0.592443943023682 
1798	 0.592702925205231 
1799	 0.592959642410278 
1800	 0.593211233615875 
1801	 0.591867923736572 
1802	 0.592186152935028 
1803	 0.592499256134033 
1804	 0.592799842357636 
1805	 0.593108177185059 
1806	 0.593415200710297 
1807	 0.593731820583344 
1808	 0.59403520822525 
1809	 0.594349682331085 
1810	 0.594633400440216 
1811	 0.594908356666565 
1812	 0.595166444778442 
1813	 0.595390439033508 
1814	 0.595619022846222 
1815	 0.595854043960571 
1816	 0.596090912818909 
1817	 0.596366465091705 
1818	 0.596680045127869 
1819	 0.59697812795639 
1820	 0.597305178642273 
1821	 0.597609996795654 
1822	 0.597905218601227 
1823	 0.598203718662262 
1824	 0.598490476608276 
1825	 0.598769247531891 
1826	 0.599001944065094 
1827	 0.599187552928925 
1828	 0.599400281906128 
1829	 0.599580585956573 
1830	 0.599788963794708 
1831	 0.600029110908508 
1832	 0.600253105163574 
1833	 0.600457966327667 
1834	 0.600651502609253 
1835	 0.600834727287292 
1836	 0.60100269317627 
1837	 0.601149797439575 
1838	 0.601269662380219 
1839	 0.601405262947083 
1840	 0.60152804851532 
1841	 0.601651430130005 
1842	 0.60178530216217 
1843	 0.601908624172211 
1844	 0.602022290229797 
1845	 0.60211455821991 
1846	 0.602202653884888 
1847	 0.602289259433746 
1848	 0.602344155311584 
1849	 0.602392196655273 
1850	 0.60238778591156 
1851	 0.602362513542175 
1852	 0.602283000946045 
1853	 0.602161228656769 
1854	 0.602024674415588 
1855	 0.601826190948486 
1856	 0.601599931716919 
1857	 0.601329684257507 
1858	 0.600965797901154 
1859	 0.600569009780884 
1860	 0.600130796432495 
1861	 0.599641084671021 
1862	 0.599085509777069 
1863	 0.598519086837769 
1864	 0.597916901111603 
1865	 0.597247958183289 
1866	 0.596517741680145 
1867	 0.595690846443176 
1868	 0.594791948795319 
1869	 0.593785345554352 
1870	 0.592712223529816 
1871	 0.591564834117889 
1872	 0.59037584066391 
1873	 0.589114606380463 
1874	 0.587823152542114 
1875	 0.586496949195862 
1876	 0.585005342960358 
1877	 0.58353716135025 
1878	 0.581965863704681 
1879	 0.580257177352905 
1880	 0.578592538833618 
1881	 0.576785981655121 
1882	 0.574849605560303 
1883	 0.572857916355133 
1884	 0.570780098438263 
1885	 0.568431377410889 
1886	 0.566043078899384 
1887	 0.563487708568573 
1888	 0.560773968696594 
1889	 0.558196723461151 
1890	 0.555440127849579 
1891	 0.552649617195129 
1892	 0.549886643886566 
1893	 0.547005116939545 
1894	 0.543961942195892 
1895	 0.541052162647247 
1896	 0.538079977035522 
1897	 0.535023033618927 
1898	 0.532216429710388 
1899	 0.529361665248871 
1900	 0.526563167572021 
1901	 0.523922383785248 
1902	 0.521142721176147 
1903	 0.518467962741852 
1904	 0.515848755836487 
1905	 0.513249695301056 
1906	 0.51069051027298 
1907	 0.508403480052948 
1908	 0.506115853786469 
1909	 0.50392472743988 
1910	 0.501880347728729 
1911	 0.499753057956696 
1912	 0.497768998146057 
1913	 0.495847761631012 
1914	 0.493943631649017 
1915	 0.492190957069397 
1916	 0.490597248077393 
1917	 0.488982319831848 
1918	 0.487463772296906 
1919	 0.486056685447693 
1920	 0.48461326956749 
1921	 0.483332008123398 
1922	 0.482106417417526 
1923	 0.480912536382675 
1924	 0.479874730110168 
1925	 0.478847861289978 
1926	 0.477863341569901 
1927	 0.476961374282837 
1928	 0.476064175367355 
1929	 0.475178331136703 
1930	 0.474336892366409 
1931	 0.473557621240616 
1932	 0.472796112298965 
1933	 0.472103267908096 
1934	 0.471454113721848 
1935	 0.470867305994034 
1936	 0.470363050699234 
1937	 0.469936430454254 
1938	 0.46958139538765 
1939	 0.469334244728088 
1940	 0.469171106815338 
1941	 0.469092458486557 
1942	 0.469107419252396 
1943	 0.469240516424179 
1944	 0.469438135623932 
1945	 0.469725906848907 
1946	 0.47014108300209 
1947	 0.470585763454437 
1948	 0.471141159534454 
1949	 0.471815347671509 
1950	 0.472554594278336 
1951	 0.473386347293854 
1952	 0.47430545091629 
1953	 0.475298941135406 
1954	 0.476380258798599 
1955	 0.477600276470184 
1956	 0.478873014450073 
1957	 0.48021337389946 
1958	 0.481582641601563 
1959	 0.482835680246353 
1960	 0.484035521745682 
1961	 0.485139906406403 
1962	 0.486150234937668 
1963	 0.487083792686462 
1964	 0.487956970930099 
1965	 0.488713562488556 
1966	 0.489380449056625 
1967	 0.489947527647018 
1968	 0.490411549806595 
1969	 0.490844070911407 
1970	 0.491234838962555 
1971	 0.49162358045578 
1972	 0.492053121328354 
1973	 0.492488920688629 
1974	 0.492954164743423 
1975	 0.493474096059799 
1976	 0.493976831436157 
1977	 0.494475185871124 
1978	 0.495002001523972 
1979	 0.495549947023392 
1980	 0.496083706617355 
1981	 0.496661484241486 
1982	 0.497210890054703 
1983	 0.497771471738815 
1984	 0.498355507850647 
1985	 0.498940676450729 
1986	 0.499594569206238 
1987	 0.500288784503937 
1988	 0.500990927219391 
1989	 0.501803934574127 
1990	 0.502674281597137 
1991	 0.503627002239227 
1992	 0.504673540592194 
1993	 0.50581830739975 
1994	 0.506921648979187 
1995	 0.508134543895721 
1996	 0.509366929531097 
1997	 0.510591983795166 
1998	 0.511841237545013 
1999	 0.513181030750275 
2000	 0.514381229877472 
2001	 0.515590667724609 
2002	 0.51666671037674 
2003	 0.517642319202423 
2004	 0.518569707870483 
2005	 0.519405782222748 
2006	 0.520180821418762 
2007	 0.520906507968903 
2008	 0.521546423435211 
2009	 0.522107243537903 
2010	 0.52261608839035 
2011	 0.523028194904327 
2012	 0.52339231967926 
2013	 0.523706912994385 
2014	 0.52395236492157 
2015	 0.524166703224182 
2016	 0.524345278739929 
2017	 0.524457216262817 
2018	 0.524509787559509 
2019	 0.524520218372345 
2020	 0.52445662021637 
2021	 0.524378657341003 
2022	 0.524284899234772 
2023	 0.524151265621185 
2024	 0.523975074291229 
2025	 0.523772776126862 
2026	 0.523548483848572 
2027	 0.523267686367035 
2028	 0.523008286952972 
2029	 0.522751271724701 
2030	 0.522465527057648 
2031	 0.522164940834045 
2032	 0.521847009658813 
2033	 0.521501839160919 
2034	 0.521162688732147 
2035	 0.520803511142731 
2036	 0.520444989204407 
2037	 0.520134449005127 
2038	 0.519801676273346 
2039	 0.519516170024872 
2040	 0.519271075725555 
2041	 0.519035160541534 
2042	 0.518817663192749 
2043	 0.518617868423462 
2044	 0.518426477909088 
2045	 0.518273234367371 
2046	 0.518161118030548 
2047	 0.518042862415314 
2048	 0.517963409423828 
2049	 0.51787269115448 
2050	 0.517780721187592 
2051	 0.517671823501587 
2052	 0.517596960067749 
2053	 0.517516374588013 
2054	 0.517447769641876 
2055	 0.517390668392181 
2056	 0.517341554164886 
2057	 0.51730740070343 
2058	 0.517255246639252 
2059	 0.517207026481628 
2060	 0.517153024673462 
2061	 0.517088174819946 
2062	 0.517024517059326 
2063	 0.516971528530121 
2064	 0.516896486282349 
2065	 0.516810119152069 
2066	 0.516711115837097 
2067	 0.516603231430054 
2068	 0.516486823558807 
2069	 0.516362011432648 
2070	 0.516231179237366 
2071	 0.516085505485535 
2072	 0.515933454036713 
2073	 0.515760958194733 
2074	 0.515579104423523 
2075	 0.515369355678558 
2076	 0.515149652957916 
2077	 0.514890074729919 
2078	 0.514584004878998 
2079	 0.514278829097748 
2080	 0.513954043388367 
2081	 0.513603687286377 
2082	 0.513238370418549 
2083	 0.512873709201813 
2084	 0.512425541877747 
2085	 0.511982202529907 
2086	 0.511534869670868 
2087	 0.511064350605011 
2088	 0.510591506958008 
2089	 0.510135173797607 
2090	 0.509636104106903 
2091	 0.509114563465118 
2092	 0.508568525314331 
2093	 0.507998406887054 
2094	 0.507413029670715 
2095	 0.506800293922424 
2096	 0.506170570850372 
2097	 0.505537688732147 
2098	 0.504849135875702 
2099	 0.504165947437286 
2100	 0.503493189811707 
2101	 0.502798199653625 
2102	 0.502109408378601 
2103	 0.501384139060974 
2104	 0.500621378421783 
2105	 0.499866992235184 
2106	 0.499107420444489 
2107	 0.498317390680313 
2108	 0.497533023357391 
2109	 0.496698349714279 
2110	 0.495803862810135 
2111	 0.494924396276474 
2112	 0.494013369083405 
2113	 0.493110656738281 
2114	 0.492203146219254 
2115	 0.491304934024811 
2116	 0.490425944328308 
2117	 0.489534199237823 
2118	 0.488594830036163 
2119	 0.487628847360611 
2120	 0.486697852611542 
2121	 0.485707193613052 
2122	 0.484804421663284 
2123	 0.483977526426315 
2124	 0.483122050762177 
2125	 0.482277989387512 
2126	 0.481448829174042 
2127	 0.480611532926559 
2128	 0.479824751615524 
2129	 0.479043632745743 
2130	 0.478324443101883 
2131	 0.477664649486542 
2132	 0.477025836706162 
2133	 0.476430952548981 
2134	 0.475885897874832 
2135	 0.475284904241562 
2136	 0.474745392799377 
2137	 0.474230319261551 
2138	 0.473722577095032 
2139	 0.473251193761826 
2140	 0.472828149795532 
2141	 0.472424209117889 
2142	 0.472055912017822 
2143	 0.471676915884018 
2144	 0.471316993236542 
2145	 0.470983117818832 
2146	 0.470622509717941 
2147	 0.470328599214554 
2148	 0.470096439123154 
2149	 0.469879806041718 
2150	 0.469695776700974 
2151	 0.469538420438766 
2152	 0.469421565532684 
2153	 0.469316571950912 
2154	 0.469231337308884 
2155	 0.469147026538849 
2156	 0.469059437513351 
2157	 0.468979150056839 
2158	 0.468882441520691 
2159	 0.468780755996704 
2160	 0.46867710351944 
2161	 0.468550264835358 
2162	 0.46845605969429 
2163	 0.468372404575348 
2164	 0.468296349048615 
2165	 0.468224257230759 
2166	 0.46818795800209 
2167	 0.468162328004837 
2168	 0.468160778284073 
2169	 0.468199551105499 
2170	 0.468242555856705 
2171	 0.468290865421295 
2172	 0.468371599912643 
2173	 0.468474864959717 
2174	 0.468589961528778 
2175	 0.468770325183868 
2176	 0.468974590301514 
2177	 0.469178348779678 
2178	 0.469408690929413 
2179	 0.469659477472305 
2180	 0.46991965174675 
2181	 0.470185488462448 
2182	 0.470501661300659 
2183	 0.470771700143814 
2184	 0.471023112535477 
2185	 0.471268266439438 
2186	 0.471511125564575 
2187	 0.471726179122925 
2188	 0.471907585859299 
2189	 0.472102373838425 
2190	 0.472297877073288 
2191	 0.472470164299011 
2192	 0.47265487909317 
2193	 0.472800642251968 
2194	 0.472912222146988 
2195	 0.472998350858688 
2196	 0.473048001527786 
2197	 0.473095059394836 
2198	 0.473113268613815 
2199	 0.473122000694275 
2200	 0.473112732172012 
2201	 0.47310134768486 
2202	 0.473041653633118 
2203	 0.472945481538773 
2204	 0.472842544317245 
2205	 0.472708195447922 
2206	 0.472565561532974 
2207	 0.472414344549179 
2208	 0.472240298986435 
2209	 0.472029328346252 
2210	 0.471834599971771 
2211	 0.471630811691284 
2212	 0.471430689096451 
2213	 0.471224546432495 
2214	 0.471040546894073 
2215	 0.470852106809616 
2216	 0.4706851541996 
2217	 0.470537900924683 
2218	 0.470408290624619 
2219	 0.470302820205688 
2220	 0.470204025506973 
2221	 0.470139741897583 
2222	 0.470059514045715 
2223	 0.469953894615173 
2224	 0.469856530427933 
2225	 0.469755083322525 
2226	 0.469604283571243 
2227	 0.469397634267807 
2228	 0.469174414873123 
2229	 0.468863487243652 
2230	 0.468479931354523 
2231	 0.468031972646713 
2232	 0.467546880245209 
2233	 0.466929882764816 
2234	 0.466241478919983 
2235	 0.465406954288483 
2236	 0.464450597763062 
2237	 0.46338427066803 
2238	 0.462154090404511 
2239	 0.460880070924759 
2240	 0.459507822990417 
2241	 0.458055138587952 
2242	 0.456602215766907 
2243	 0.454919874668121 
2244	 0.453067064285278 
2245	 0.45112419128418 
2246	 0.448907256126404 
2247	 0.446750104427338 
2248	 0.44458681344986 
2249	 0.442326366901398 
2250	 0.440019726753235 
2251	 0.437698632478714 
2252	 0.435106098651886 
2253	 0.432509213685989 
2254	 0.429859757423401 
2255	 0.42713463306427 
2256	 0.424616396427155 
2257	 0.422063142061234 
2258	 0.419564932584763 
2259	 0.417171716690063 
2260	 0.414670467376709 
2261	 0.412127256393433 
2262	 0.409649848937988 
2263	 0.407076805830002 
2264	 0.404692262411118 
2265	 0.402428478002548 
2266	 0.400175452232361 
2267	 0.398079127073288 
2268	 0.395875751972198 
2269	 0.39362308382988 
2270	 0.391456604003906 
2271	 0.389215886592865 
2272	 0.38714462518692 
2273	 0.38527449965477 
2274	 0.383295953273773 
2275	 0.381412297487259 
2276	 0.379424571990967 
2277	 0.377357810735703 
2278	 0.375275284051895 
2279	 0.373118281364441 
2280	 0.3709776699543 
2281	 0.368849128484726 
2282	 0.366638720035553 
2283	 0.364442199468613 
2284	 0.362180113792419 
2285	 0.359602123498917 
2286	 0.357045501470566 
2287	 0.354331761598587 
2288	 0.351490259170532 
2289	 0.348910123109818 
2290	 0.346195608377457 
2291	 0.343449383974075 
2292	 0.340731233358383 
2293	 0.337732762098312 
2294	 0.334856241941452 
2295	 0.332148909568787 
2296	 0.329505622386932 
2297	 0.327258139848709 
2298	 0.325307071208954 
2299	 0.323611289262772 
2300	 0.322154939174652 
2301	 0.321143120527267 
2302	 0.320441961288452 
2303	 0.320192247629166 
2304	 0.32044130563736 
2305	 0.320945203304291 
2306	 0.321840137243271 
2307	 0.323044776916504 
2308	 0.324609071016312 
2309	 0.326466828584671 
2310	 0.328791409730911 
2311	 0.331166326999664 
2312	 0.333953350782394 
2313	 0.336567640304565 
2314	 0.339314252138138 
2315	 0.341946423053741 
2316	 0.344573646783829 
2317	 0.347025871276855 
2318	 0.349491953849792 
2319	 0.351603358983994 
2320	 0.353571146726608 
2321	 0.355165123939514 
2322	 0.356394439935684 
2323	 0.357438802719116 
2324	 0.358104467391968 
2325	 0.358643531799316 
2326	 0.359025567770004 
2327	 0.359137177467346 
2328	 0.35899019241333 
2329	 0.358671635389328 
2330	 0.358127295970917 
2331	 0.357317179441452 
2332	 0.356315970420837 
2333	 0.355153411626816 
2334	 0.353727281093597 
2335	 0.352101624011993 
2336	 0.350350469350815 
2337	 0.348454713821411 
2338	 0.346553921699524 
2339	 0.344563007354736 
2340	 0.342623054981232 
2341	 0.340815097093582 
2342	 0.339008539915085 
2343	 0.337466984987259 
2344	 0.336226314306259 
2345	 0.335260540246964 
2346	 0.334755569696426 
2347	 0.334736824035645 
2348	 0.335028350353241 
2349	 0.335759997367859 
2350	 0.336873799562454 
2351	 0.338246196508408 
2352	 0.339921772480011 
2353	 0.341787427663803 
2354	 0.343596935272217 
2355	 0.345373958349228 
2356	 0.346963793039322 
2357	 0.348305642604828 
2358	 0.349560976028442 
2359	 0.350541472434998 
2360	 0.351312428712845 
2361	 0.351825356483459 
2362	 0.352065354585648 
2363	 0.352135449647903 
2364	 0.352102905511856 
2365	 0.351998209953308 
2366	 0.351877301931381 
2367	 0.351740449666977 
2368	 0.351510405540466 
2369	 0.35134881734848 
2370	 0.351210355758667 
2371	 0.351059406995773 
2372	 0.350997298955917 
2373	 0.350958615541458 
2374	 0.350891619920731 
2375	 0.3507479429245 
2376	 0.350571781396866 
2377	 0.350400596857071 
2378	 0.350254446268082 
2379	 0.350164532661438 
2380	 0.350050896406174 
2381	 0.349985897541046 
2382	 0.349987655878067 
2383	 0.350035727024078 
2384	 0.350041836500168 
2385	 0.350131243467331 
2386	 0.350165784358978 
2387	 0.350107431411743 
2388	 0.350157648324966 
2389	 0.35029661655426 
2390	 0.350305914878845 
2391	 0.35028013586998 
2392	 0.350271254777908 
2393	 0.35021510720253 
2394	 0.350163102149963 
2395	 0.350109815597534 
2396	 0.350062012672424 
2397	 0.350034147500992 
2398	 0.349954783916473 
2399	 0.349858313798904 
2400	 0.349780142307281 
2401	 0.3496013879776 
2402	 0.349564641714096 
2403	 0.349630504846573 
2404	 0.349695175886154 
2405	 0.349604219198227 
2406	 0.349414259195328 
2407	 0.349310517311096 
2408	 0.349185287952423 
2409	 0.349019974470139 
2410	 0.348972171545029 
2411	 0.348956823348999 
2412	 0.348880022764206 
2413	 0.348852246999741 
2414	 0.348719000816345 
2415	 0.348446100950241 
2416	 0.348287582397461 
2417	 0.348239064216614 
2418	 0.348314851522446 
2419	 0.348460227251053 
2420	 0.34848827123642 
2421	 0.348398864269257 
2422	 0.348194926977158 
2423	 0.347971349954605 
2424	 0.347837418317795 
2425	 0.347731322050095 
2426	 0.34773713350296 
2427	 0.347785830497742 
2428	 0.347700923681259 
2429	 0.347584426403046 
2430	 0.347531110048294 
2431	 0.347502201795578 
2432	 0.347489267587662 
2433	 0.347586870193481 
2434	 0.347527086734772 
2435	 0.347242712974548 
2436	 0.34715348482132 
2437	 0.347093939781189 
2438	 0.346957594156265 
2439	 0.346946328878403 
2440	 0.34684693813324 
2441	 0.346639633178711 
2442	 0.346470445394516 
2443	 0.34632596373558 
2444	 0.346090883016586 
2445	 0.34570449590683 
2446	 0.345328807830811 
2447	 0.345062971115112 
2448	 0.344765543937683 
2449	 0.344513148069382 
2450	 0.344481736421585 
2451	 0.344184875488281 
2452	 0.34377720952034 
2453	 0.343565434217453 
2454	 0.343135207891464 
2455	 0.342841595411301 
2456	 0.342589974403381 
2457	 0.34210929274559 
2458	 0.34176504611969 
2459	 0.341362357139587 
2460	 0.341139376163483 
2461	 0.341033488512039 
2462	 0.340760141611099 
2463	 0.340648621320724 
2464	 0.340500384569168 
2465	 0.340351045131683 
2466	 0.340279787778854 
2467	 0.339996427297592 
2468	 0.339752793312073 
2469	 0.339609235525131 
2470	 0.339504480361938 
2471	 0.339563876390457 
2472	 0.339470833539963 
2473	 0.339466720819473 
2474	 0.33956390619278 
2475	 0.339464724063873 
2476	 0.339577704668045 
2477	 0.339719414710999 
2478	 0.33961084485054 
2479	 0.339752972126007 
2480	 0.339825749397278 
2481	 0.339838802814484 
2482	 0.339985370635986 
2483	 0.340084075927734 
2484	 0.340168386697769 
2485	 0.340600222349167 
2486	 0.340887546539307 
2487	 0.340927749872208 
2488	 0.341343104839325 
2489	 0.341773837804794 
2490	 0.34192305803299 
2491	 0.34245303273201 
2492	 0.343066394329071 
2493	 0.343417644500732 
2494	 0.344093233346939 
2495	 0.344801247119904 
2496	 0.34512385725975 
2497	 0.345426023006439 
2498	 0.345965653657913 
2499	 0.346339702606201 
2500	 0.347028762102127 
