Wavelength	Y7.023
350	 5.30862025916576E-02 
351	 5.17051741480827E-02 
352	 0.049084197729826 
353	 0.047085452824831 
354	 4.71213348209858E-02 
355	 0.049270786345005 
356	 5.05809783935547E-02 
357	 4.86398003995419E-02 
358	 4.34970743954182E-02 
359	 4.28433008491993E-02 
360	 4.53856140375137E-02 
361	 4.52846810221672E-02 
362	 4.16056551039219E-02 
363	 3.98509353399277E-02 
364	 4.14483845233917E-02 
365	 4.18673902750015E-02 
366	 4.23463918268681E-02 
367	 4.26451005041599E-02 
368	 4.24262285232544E-02 
369	 4.16804663836956E-02 
370	 4.23656515777111E-02 
371	 4.34101745486259E-02 
372	 4.23655547201633E-02 
373	 4.06905226409435E-02 
374	 4.09341007471085E-02 
375	 4.28164787590504E-02 
376	 4.20804396271706E-02 
377	 4.14753183722496E-02 
378	 4.12602201104164E-02 
379	 4.11512404680252E-02 
380	 4.12835143506527E-02 
381	 4.10724319517612E-02 
382	 4.01858650147915E-02 
383	 0.038779154419899 
384	 3.96522358059883E-02 
385	 4.11119982600212E-02 
386	 4.15387712419033E-02 
387	 0.040181141346693 
388	 3.98011393845081E-02 
389	 3.97768579423428E-02 
390	 3.90381924808025E-02 
391	 3.84532511234283E-02 
392	 3.89006286859512E-02 
393	 0.039924044162035 
394	 4.02443781495094E-02 
395	 3.97915691137314E-02 
396	 3.93851436674595E-02 
397	 3.94193641841412E-02 
398	 3.94041500985622E-02 
399	 3.96676920354366E-02 
400	 3.95225062966347E-02 
401	 3.84416729211807E-02 
402	 3.73638421297073E-02 
403	 3.84814329445362E-02 
404	 4.03311513364315E-02 
405	 3.91558781266212E-02 
406	 3.80448810756207E-02 
407	 3.81056554615498E-02 
408	 3.91275472939014E-02 
409	 3.91576215624809E-02 
410	 3.81806939840317E-02 
411	 3.76412384212017E-02 
412	 0.038733433932066 
413	 3.88366878032684E-02 
414	 3.85559871792793E-02 
415	 3.83827462792397E-02 
416	 3.85040417313576E-02 
417	 3.82084287703037E-02 
418	 3.82170304656029E-02 
419	 3.87697666883469E-02 
420	 3.84038686752319E-02 
421	 3.80607843399048E-02 
422	 3.79847139120102E-02 
423	 3.81342060863972E-02 
424	 3.86857688426971E-02 
425	 3.88115011155605E-02 
426	 3.85029390454292E-02 
427	 3.87343689799309E-02 
428	 3.83235700428486E-02 
429	 3.80669869482517E-02 
430	 3.85655425488949E-02 
431	 3.85025180876255E-02 
432	 3.86185497045517E-02 
433	 3.87602522969246E-02 
434	 3.84139902889729E-02 
435	 3.86998765170574E-02 
436	 3.88589762151241E-02 
437	 0.038612499833107 
438	 3.87380756437778E-02 
439	 3.90936508774757E-02 
440	 3.92608903348446E-02 
441	 3.89579795300961E-02 
442	 3.87992784380913E-02 
443	 3.89798991382122E-02 
444	 3.93096767365932E-02 
445	 3.93348075449467E-02 
446	 3.93256060779095E-02 
447	 3.93190383911133E-02 
448	 3.93458232283592E-02 
449	 0.039520762860775 
450	 3.96153032779694E-02 
451	 3.96571643650532E-02 
452	 3.97570319473743E-02 
453	 3.98382768034935E-02 
454	 4.00494113564491E-02 
455	 4.02783527970314E-02 
456	 4.01298925280571E-02 
457	 4.01461981236935E-02 
458	 4.02908697724342E-02 
459	 4.04383093118668E-02 
460	 0.040631789714098 
461	 4.07217778265476E-02 
462	 4.07513119280338E-02 
463	 4.08518686890602E-02 
464	 4.08657863736153E-02 
465	 4.09564636647701E-02 
466	 4.11474518477917E-02 
467	 0.041201688349247 
468	 4.11093421280384E-02 
469	 4.11211587488651E-02 
470	 4.14511226117611E-02 
471	 4.18845154345036E-02 
472	 4.19169738888741E-02 
473	 4.16977182030678E-02 
474	 0.041861318051815 
475	 4.19943183660507E-02 
476	 0.042094774544239 
477	 4.22051511704922E-02 
478	 4.23273928463459E-02 
479	 4.24085445702076E-02 
480	 4.25091534852982E-02 
481	 4.26916554570198E-02 
482	 4.27303314208984E-02 
483	 4.27764765918255E-02 
484	 4.29368726909161E-02 
485	 0.043231125921011 
486	 4.34703938663006E-02 
487	 4.35855761170387E-02 
488	 4.35921177268028E-02 
489	 4.36303094029427E-02 
490	 4.37567308545113E-02 
491	 4.39413860440254E-02 
492	 4.41067107021809E-02 
493	 0.044294573366642 
494	 4.44443449378014E-02 
495	 4.45539653301239E-02 
496	 4.47295866906643E-02 
497	 4.50130105018616E-02 
498	 4.52479459345341E-02 
499	 4.53033559024334E-02 
500	 4.54579144716263E-02 
501	 4.56481240689754E-02 
502	 4.58064265549183E-02 
503	 0.045886542648077 
504	 4.60886470973492E-02 
505	 4.63309362530708E-02 
506	 4.65246513485909E-02 
507	 4.66881357133389E-02 
508	 0.046881839632988 
509	 4.71126288175583E-02 
510	 4.73485961556435E-02 
511	 4.74859103560448E-02 
512	 4.76459190249443E-02 
513	 0.04790448397398 
514	 4.82597537338734E-02 
515	 4.83481846749783E-02 
516	 4.84083406627178E-02 
517	 4.86910417675972E-02 
518	 4.89063374698162E-02 
519	 4.90601062774658E-02 
520	 4.92383241653442E-02 
521	 4.95554953813553E-02 
522	 4.97985482215881E-02 
523	 4.99675050377846E-02 
524	 5.01175001263618E-02 
525	 5.03494292497635E-02 
526	 5.05704432725906E-02 
527	 5.07739260792732E-02 
528	 5.09841479361057E-02 
529	 5.12167848646641E-02 
530	 5.14452122151852E-02 
531	 5.16654923558235E-02 
532	 5.18993958830833E-02 
533	 5.21185211837292E-02 
534	 5.23348674178123E-02 
535	 5.25536760687828E-02 
536	 5.27268275618553E-02 
537	 0.052954837679863 
538	 5.31959645450115E-02 
539	 5.33498898148537E-02 
540	 0.053560845553875 
541	 5.38130439817905E-02 
542	 0.054058562964201 
543	 5.42263202369213E-02 
544	 5.44098131358624E-02 
545	 5.46099096536636E-02 
546	 5.48087060451508E-02 
547	 5.50496503710747E-02 
548	 5.52585311233997E-02 
549	 5.54211363196373E-02 
550	 0.055581483989954 
551	 5.57628497481346E-02 
552	 5.59716261923313E-02 
553	 5.61974570155144E-02 
554	 5.64065091311932E-02 
555	 5.65607734024525E-02 
556	 5.67326433956623E-02 
557	 5.70109859108925E-02 
558	 5.71656227111816E-02 
559	 5.73401339352131E-02 
560	 5.75745068490505E-02 
561	 5.77190741896629E-02 
562	 0.057838536798954 
563	 5.79731315374374E-02 
564	 5.81523738801479E-02 
565	 5.83984777331352E-02 
566	 5.85742369294167E-02 
567	 5.86723536252975E-02 
568	 0.058787539601326 
569	 5.89584223926067E-02 
570	 5.91126009821892E-02 
571	 5.92210330069065E-02 
572	 5.93876205384731E-02 
573	 5.95673955976963E-02 
574	 5.97144700586796E-02 
575	 5.98091073334217E-02 
576	 6.00058436393738E-02 
577	 6.01327866315842E-02 
578	 6.01719319820404E-02 
579	 0.060302197933197 
580	 6.04288689792156E-02 
581	 6.05388395488262E-02 
582	 6.06468953192234E-02 
583	 6.08031526207924E-02 
584	 6.09300695359707E-02 
585	 6.10462948679924E-02 
586	 6.12157210707664E-02 
587	 6.13514110445976E-02 
588	 6.14789761602879E-02 
589	 6.16096146404743E-02 
590	 6.17099441587925E-02 
591	 6.17741197347641E-02 
592	 6.18405379354954E-02 
593	 0.061947263777256 
594	 6.20689690113068E-02 
595	 6.21585436165333E-02 
596	 6.22147209942341E-02 
597	 6.22764006257057E-02 
598	 6.23214691877365E-02 
599	 6.24148994684219E-02 
600	 0.062570184469223 
601	 6.26433789730072E-02 
602	 6.27114698290825E-02 
603	 6.27868697047234E-02 
604	 6.28603771328926E-02 
605	 6.29646182060242E-02 
606	 6.30506724119186E-02 
607	 6.31150677800179E-02 
608	 0.063217855989933 
609	 6.32862746715546E-02 
610	 6.33484423160553E-02 
611	 6.34348765015602E-02 
612	 6.34994432330132E-02 
613	 6.35362267494202E-02 
614	 6.35702088475227E-02 
615	 6.36405199766159E-02 
616	 6.37036636471748E-02 
617	 0.063783772289753 
618	 6.38739690184593E-02 
619	 6.38944357633591E-02 
620	 6.39285445213318E-02 
621	 6.39847964048386E-02 
622	 6.40428215265274E-02 
623	 6.40699937939644E-02 
624	 6.41323328018188E-02 
625	 6.42076954245567E-02 
626	 6.41980692744255E-02 
627	 6.42533600330353E-02 
628	 6.43268227577209E-02 
629	 0.064366452395916 
630	 6.43997192382813E-02 
631	 6.44510537385941E-02 
632	 6.45014494657516E-02 
633	 6.45231232047081E-02 
634	 0.064582996070385 
635	 6.46401569247246E-02 
636	 6.46732002496719E-02 
637	 6.46964386105537E-02 
638	 6.47367835044861E-02 
639	 6.47733211517334E-02 
640	 6.47875666618347E-02 
641	 6.48100823163986E-02 
642	 6.48398473858833E-02 
643	 6.48636072874069E-02 
644	 6.48682042956352E-02 
645	 0.064920574426651 
646	 6.49625360965729E-02 
647	 0.064976692199707 
648	 6.50386437773705E-02 
649	 6.50896057486534E-02 
650	 6.50989711284637E-02 
651	 6.50682002305985E-02 
652	 6.50931224226952E-02 
653	 0.065086655318737 
654	 6.50710538029671E-02 
655	 6.51471614837646E-02 
656	 6.51645734906197E-02 
657	 6.51471838355064E-02 
658	 6.51420205831528E-02 
659	 0.0651850476861 
660	 6.52272328734398E-02 
661	 6.52389153838158E-02 
662	 6.52176663279533E-02 
663	 6.52616992592812E-02 
664	 6.52885288000107E-02 
665	 0.065292201936245 
666	 6.53493478894234E-02 
667	 6.53554126620293E-02 
668	 6.53453320264816E-02 
669	 0.065361000597477 
670	 6.53924718499184E-02 
671	 6.53899237513542E-02 
672	 0.065379798412323 
673	 0.06541558355093 
674	 6.54689222574234E-02 
675	 6.54948353767395E-02 
676	 6.54901117086411E-02 
677	 6.55022114515305E-02 
678	 6.54982328414917E-02 
679	 6.55221864581108E-02 
680	 6.55914023518562E-02 
681	 6.55897483229637E-02 
682	 6.56048208475113E-02 
683	 6.56441450119019E-02 
684	 6.56700804829597E-02 
685	 6.56645596027374E-02 
686	 6.56845271587372E-02 
687	 6.57375082373619E-02 
688	 6.57518804073334E-02 
689	 6.57770410180092E-02 
690	 6.57949596643448E-02 
691	 6.57908171415329E-02 
692	 6.58184885978699E-02 
693	 6.58623650670052E-02 
694	 6.59163668751717E-02 
695	 6.59744814038277E-02 
696	 6.59695193171501E-02 
697	 6.59851357340813E-02 
698	 6.60473704338074E-02 
699	 6.60631731152534E-02 
700	 0.06611517816782 
701	 6.61735609173775E-02 
702	 6.61964416503906E-02 
703	 6.62200376391411E-02 
704	 6.62562325596809E-02 
705	 6.62959739565849E-02 
706	 6.63222074508667E-02 
707	 6.64000660181046E-02 
708	 6.64601549506187E-02 
709	 6.64799734950066E-02 
710	 6.65429458022118E-02 
711	 6.66258484125137E-02 
712	 0.066697470843792 
713	 6.67438134551048E-02 
714	 6.68334886431694E-02 
715	 6.69333785772324E-02 
716	 6.70004412531853E-02 
717	 6.70047700405121E-02 
718	 6.71053156256676E-02 
719	 6.72266557812691E-02 
720	 6.73079565167427E-02 
721	 6.73694312572479E-02 
722	 6.74448758363724E-02 
723	 6.75338134169579E-02 
724	 6.76236301660538E-02 
725	 6.76999539136887E-02 
726	 0.067823201417923 
727	 6.79681152105331E-02 
728	 6.80575668811798E-02 
729	 6.81584998965263E-02 
730	 6.82604089379311E-02 
731	 6.83596581220627E-02 
732	 6.84803873300552E-02 
733	 0.068597674369812 
734	 6.87310993671417E-02 
735	 6.88907578587532E-02 
736	 0.069000780582428 
737	 6.91138654947281E-02 
738	 6.92530944943428E-02 
739	 6.94148391485214E-02 
740	 6.95654973387718E-02 
741	 6.97106570005417E-02 
742	 6.98622688651085E-02 
743	 7.00342804193497E-02 
744	 0.070194810628891 
745	 7.03505873680115E-02 
746	 7.05186873674393E-02 
747	 7.07173123955727E-02 
748	 7.08793699741364E-02 
749	 7.10274279117584E-02 
750	 7.12267607450485E-02 
751	 7.14280158281326E-02 
752	 7.16205537319183E-02 
753	 7.18114078044891E-02 
754	 7.20246508717537E-02 
755	 7.22258239984512E-02 
756	 7.24227130413055E-02 
757	 7.26263150572777E-02 
758	 7.28243216872215E-02 
759	 7.30423554778099E-02 
760	 7.32610374689102E-02 
761	 7.34536200761795E-02 
762	 7.36932903528214E-02 
763	 7.39338770508766E-02 
764	 7.41615295410156E-02 
765	 7.44056031107903E-02 
766	 7.46373757719994E-02 
767	 7.48568326234818E-02 
768	 7.50778988003731E-02 
769	 7.53328129649162E-02 
770	 7.56034776568413E-02 
771	 7.58587270975113E-02 
772	 7.60818496346474E-02 
773	 7.63529017567635E-02 
774	 7.66028314828873E-02 
775	 7.68309682607651E-02 
776	 7.70940631628037E-02 
777	 0.077371284365654 
778	 7.76429995894432E-02 
779	 7.78976529836655E-02 
780	 7.81362056732178E-02 
781	 7.83931985497475E-02 
782	 0.078667975962162 
783	 7.89429247379303E-02 
784	 7.91801288723946E-02 
785	 7.94520825147629E-02 
786	 7.97490179538727E-02 
787	 8.00144672393799E-02 
788	 8.02382007241249E-02 
789	 8.04869085550308E-02 
790	 8.07654559612274E-02 
791	 8.10012668371201E-02 
792	 8.12685638666153E-02 
793	 8.15346986055374E-02 
794	 8.17683562636375E-02 
795	 8.19908156991005E-02 
796	 8.22432488203049E-02 
797	 8.25056359171867E-02 
798	 8.27386230230331E-02 
799	 8.29354524612427E-02 
800	 8.31730663776398E-02 
801	 8.34362655878067E-02 
802	 8.36430862545967E-02 
803	 8.38328525424004E-02 
804	 8.40529426932335E-02 
805	 8.43010768294334E-02 
806	 8.45014676451683E-02 
807	 8.46944823861122E-02 
808	 0.084896445274353 
809	 8.51043984293938E-02 
810	 8.52734595537186E-02 
811	 8.54626372456551E-02 
812	 8.56623351573944E-02 
813	 8.58365222811699E-02 
814	 8.59919190406799E-02 
815	 8.61714780330658E-02 
816	 8.63626226782799E-02 
817	 8.65099430084229E-02 
818	 8.66958051919937E-02 
819	 8.68586301803589E-02 
820	 8.69718194007874E-02 
821	 0.087100125849247 
822	 0.087227039039135 
823	 0.08737413585186 
824	 8.75443890690804E-02 
825	 8.76597166061401E-02 
826	 8.77685025334358E-02 
827	 8.78750160336494E-02 
828	 8.79694297909737E-02 
829	 8.80810171365738E-02 
830	 8.82162675261498E-02 
831	 8.83486792445183E-02 
832	 8.84315520524979E-02 
833	 8.85063484311104E-02 
834	 8.85857492685318E-02 
835	 8.86760875582695E-02 
836	 8.87802839279175E-02 
837	 8.88641998171806E-02 
838	 8.89309570193291E-02 
839	 8.89916121959686E-02 
840	 8.90450850129128E-02 
841	 8.91376137733459E-02 
842	 8.92013758420944E-02 
843	 8.91728848218918E-02 
844	 8.92472118139267E-02 
845	 0.089324027299881 
846	 8.93755778670311E-02 
847	 8.94341096282005E-02 
848	 8.94806459546089E-02 
849	 8.94911736249924E-02 
850	 8.94886925816536E-02 
851	 8.95483568310738E-02 
852	 8.95840302109718E-02 
853	 8.96010920405388E-02 
854	 8.96267965435982E-02 
855	 8.96943807601929E-02 
856	 8.97426307201386E-02 
857	 8.97592902183533E-02 
858	 8.97566080093384E-02 
859	 8.97666811943054E-02 
860	 8.97793918848038E-02 
861	 8.97931456565857E-02 
862	 8.98124426603317E-02 
863	 8.98536220192909E-02 
864	 8.98705944418907E-02 
865	 8.98737013339996E-02 
866	 8.99159386754036E-02 
867	 8.99224951863289E-02 
868	 8.99508818984032E-02 
869	 8.99999588727951E-02 
870	 8.99712517857552E-02 
871	 9.00196582078934E-02 
872	 9.00660380721092E-02 
873	 9.00545716285706E-02 
874	 9.00975987315178E-02 
875	 9.01170819997787E-02 
876	 9.01231318712235E-02 
877	 9.01448205113411E-02 
878	 9.01753380894661E-02 
879	 9.02238041162491E-02 
880	 9.02528017759323E-02 
881	 9.02266800403595E-02 
882	 9.02359485626221E-02 
883	 9.02887135744095E-02 
884	 9.03428941965103E-02 
885	 9.03423428535461E-02 
886	 9.04188901185989E-02 
887	 9.04827266931534E-02 
888	 9.05094295740128E-02 
889	 0.0905741751194 
890	 9.06402096152306E-02 
891	 9.06783863902092E-02 
892	 9.06855091452599E-02 
893	 9.06978398561478E-02 
894	 9.08068716526031E-02 
895	 9.09085795283318E-02 
896	 9.09285768866539E-02 
897	 0.09100341796875 
898	 9.10862013697624E-02 
899	 9.11413580179214E-02 
900	 9.11608636379242E-02 
901	 9.12258252501488E-02 
902	 9.13099125027657E-02 
903	 9.13878604769707E-02 
904	 9.14438143372536E-02 
905	 9.15017947554588E-02 
906	 9.15832668542862E-02 
907	 9.16896611452103E-02 
908	 9.17986705899239E-02 
909	 9.18323546648026E-02 
910	 9.18791741132736E-02 
911	 9.19824317097664E-02 
912	 9.21159833669662E-02 
913	 9.22293365001678E-02 
914	 9.23492163419724E-02 
915	 9.24666523933411E-02 
916	 9.25147831439972E-02 
917	 9.26216021180153E-02 
918	 9.27487164735794E-02 
919	 9.28577035665512E-02 
920	 9.29781347513199E-02 
921	 9.30405780673027E-02 
922	 9.31049138307571E-02 
923	 9.32363867759705E-02 
924	 9.34326648712158E-02 
925	 9.35343876481056E-02 
926	 9.36113297939301E-02 
927	 9.37656387686729E-02 
928	 0.09392099827528 
929	 9.41325798630714E-02 
930	 9.42686200141907E-02 
931	 9.42363515496254E-02 
932	 9.44349840283394E-02 
933	 9.46479216217995E-02 
934	 9.47964861989021E-02 
935	 0.094908781349659 
936	 9.50749516487122E-02 
937	 9.52699705958366E-02 
938	 9.54493880271912E-02 
939	 9.55785438418388E-02 
940	 9.57445725798607E-02 
941	 9.58543121814728E-02 
942	 0.09597447514534 
943	 9.62676405906677E-02 
944	 9.64036360383034E-02 
945	 9.65025201439857E-02 
946	 9.66576039791107E-02 
947	 9.68582183122635E-02 
948	 9.69302952289581E-02 
949	 9.70618203282356E-02 
950	 9.72903370857239E-02 
951	 9.74126681685448E-02 
952	 9.75454673171043E-02 
953	 9.77227613329887E-02 
954	 9.79390740394592E-02 
955	 0.098150722682476 
956	 9.82779115438461E-02 
957	 9.84128639101982E-02 
958	 9.86115857958794E-02 
959	 9.88028347492218E-02 
960	 9.89706292748451E-02 
961	 9.91049706935883E-02 
962	 9.92295891046524E-02 
963	 9.94221046566963E-02 
964	 0.099509596824646 
965	 0.099600575864315 
966	 9.97993722558022E-02 
967	 0.100031673908234 
968	 0.100157730281353 
969	 0.100256957113743 
970	 0.100416347384453 
971	 0.100561939179897 
972	 0.100720852613449 
973	 0.100825175642967 
974	 0.100860543549061 
975	 0.101028189063072 
976	 0.101210780441761 
977	 0.101400755345821 
978	 0.10158347338438 
979	 0.101621881127357 
980	 0.101628921926022 
981	 0.101715728640556 
982	 0.101939797401428 
983	 0.102219641208649 
984	 0.102393604815006 
985	 0.102489538490772 
986	 0.102624177932739 
987	 0.102957852184772 
988	 0.102968290448189 
989	 0.102976940572262 
990	 0.103314161300659 
991	 0.10323029756546 
992	 0.103243924677372 
993	 0.103453852236271 
994	 0.10373280197382 
995	 0.103779628872871 
996	 0.103887110948563 
997	 0.104070231318474 
998	 0.104235723614693 
999	 0.104304425418377 
1000	 0.104398891329765 
1001	 0.104736886918545 
1002	 0.104832351207733 
1003	 0.104939393699169 
1004	 0.105050534009933 
1005	 0.105164252221584 
1006	 0.105270028114319 
1007	 0.105364583432674 
1008	 0.105482749640942 
1009	 0.105610899627209 
1010	 0.105730272829533 
1011	 0.105885393917561 
1012	 0.106003887951374 
1013	 0.106075622141361 
1014	 0.10617109388113 
1015	 0.106269523501396 
1016	 0.106358140707016 
1017	 0.106466367840767 
1018	 0.106590941548347 
1019	 0.106707140803337 
1020	 0.106817975640297 
1021	 0.106910541653633 
1022	 0.106954127550125 
1023	 0.107071734964848 
1024	 0.107249721884727 
1025	 0.107355915009975 
1026	 0.107470862567425 
1027	 0.1075699031353 
1028	 0.107622541487217 
1029	 0.107651606202126 
1030	 0.107735052704811 
1031	 0.107857018709183 
1032	 0.107950150966644 
1033	 0.108010828495026 
1034	 0.108080260455608 
1035	 0.108166426420212 
1036	 0.108261980116367 
1037	 0.108388215303421 
1038	 0.108483739197254 
1039	 0.108575507998466 
1040	 0.1086520627141 
1041	 0.10870311409235 
1042	 0.108765639364719 
1043	 0.10882893204689 
1044	 0.108885563910007 
1045	 0.108950518071651 
1046	 0.109031662344933 
1047	 0.109134137630463 
1048	 0.109257236123085 
1049	 0.10938299447298 
1050	 0.109497137367725 
1051	 0.10953838378191 
1052	 0.1095921844244 
1053	 0.109681107103825 
1054	 0.109779611229897 
1055	 0.109857611358166 
1056	 0.109964668750763 
1057	 0.110064052045345 
1058	 0.110132537782192 
1059	 0.110213860869408 
1060	 0.110348053276539 
1061	 0.110473126173019 
1062	 0.1105782315135 
1063	 0.11069493740797 
1064	 0.110812656581402 
1065	 0.110929846763611 
1066	 0.111034631729126 
1067	 0.111147910356522 
1068	 0.111265487968922 
1069	 0.111360363662243 
1070	 0.111469201743603 
1071	 0.111585892736912 
1072	 0.111705027520657 
1073	 0.111839920282364 
1074	 0.111977115273476 
1075	 0.112082958221436 
1076	 0.112201102077961 
1077	 0.112299486994743 
1078	 0.112390272319317 
1079	 0.112545445561409 
1080	 0.112729147076607 
1081	 0.112881228327751 
1082	 0.11302624642849 
1083	 0.113159596920013 
1084	 0.113265879452229 
1085	 0.113394811749458 
1086	 0.113534204661846 
1087	 0.113693416118622 
1088	 0.11384679377079 
1089	 0.113999381661415 
1090	 0.114155493676662 
1091	 0.114303946495056 
1092	 0.114449352025986 
1093	 0.114608950912952 
1094	 0.114751413464546 
1095	 0.114873826503754 
1096	 0.115026883780956 
1097	 0.115183636546135 
1098	 0.115320317447186 
1099	 0.115464106202126 
1100	 0.115600481629372 
1101	 0.115755409002304 
1102	 0.115922480821609 
1103	 0.116072326898575 
1104	 0.116225808858871 
1105	 0.116392552852631 
1106	 0.116525523364544 
1107	 0.116654880344868 
1108	 0.116831623017788 
1109	 0.116995051503181 
1110	 0.117164112627506 
1111	 0.117360576987267 
1112	 0.117543265223503 
1113	 0.117734834551811 
1114	 0.117924436926842 
1115	 0.118076950311661 
1116	 0.118241831660271 
1117	 0.11842755228281 
1118	 0.118607401847839 
1119	 0.118801236152649 
1120	 0.118988439440727 
1121	 0.119174659252167 
1122	 0.11934158205986 
1123	 0.119538776576519 
1124	 0.119727410376072 
1125	 0.119908303022385 
1126	 0.120087780058384 
1127	 0.120270557701588 
1128	 0.120470769703388 
1129	 0.120667077600956 
1130	 0.120880551636219 
1131	 0.12107814848423 
1132	 0.121259637176991 
1133	 0.121466837823391 
1134	 0.121660552918911 
1135	 0.121858388185501 
1136	 0.1220608279109 
1137	 0.122264310717583 
1138	 0.122465156018734 
1139	 0.122674413025379 
1140	 0.122899629175663 
1141	 0.123093225061893 
1142	 0.123293459415436 
1143	 0.123507864773273 
1144	 0.123713776469231 
1145	 0.123937509953976 
1146	 0.124155782163143 
1147	 0.124351926147938 
1148	 0.124544478952885 
1149	 0.124723225831985 
1150	 0.124910071492195 
1151	 0.125113397836685 
1152	 0.12531603872776 
1153	 0.125519633293152 
1154	 0.125736489892006 
1155	 0.12596683204174 
1156	 0.126193806529045 
1157	 0.126434057950974 
1158	 0.126664698123932 
1159	 0.126902475953102 
1160	 0.127105802297592 
1161	 0.127302631735802 
1162	 0.127527058124542 
1163	 0.127733752131462 
1164	 0.127947628498077 
1165	 0.128182232379913 
1166	 0.128386527299881 
1167	 0.128594651818275 
1168	 0.12881501019001 
1169	 0.129050940275192 
1170	 0.129309013485909 
1171	 0.129550531506538 
1172	 0.129795029759407 
1173	 0.130048960447311 
1174	 0.130295515060425 
1175	 0.13054247200489 
1176	 0.130800187587738 
1177	 0.131059005856514 
1178	 0.131306767463684 
1179	 0.131569772958755 
1180	 0.131846562027931 
1181	 0.132128223776817 
1182	 0.132398650050163 
1183	 0.132662311196327 
1184	 0.132932364940643 
1185	 0.133193477988243 
1186	 0.133478105068207 
1187	 0.133783727884293 
1188	 0.134080678224564 
1189	 0.134386226534843 
1190	 0.134692892432213 
1191	 0.134990409016609 
1192	 0.135296821594238 
1193	 0.135610982775688 
1194	 0.135930970311165 
1195	 0.136257618665695 
1196	 0.136586979031563 
1197	 0.136909872293472 
1198	 0.137265309691429 
1199	 0.137624144554138 
1200	 0.137969106435776 
1201	 0.138356447219849 
1202	 0.138714805245399 
1203	 0.139055699110031 
1204	 0.139453083276749 
1205	 0.139847278594971 
1206	 0.140240535140038 
1207	 0.140665173530579 
1208	 0.141118451952934 
1209	 0.141567409038544 
1210	 0.142021358013153 
1211	 0.142497837543488 
1212	 0.142988696694374 
1213	 0.143497943878174 
1214	 0.144024938344955 
1215	 0.144574880599976 
1216	 0.145147100090981 
1217	 0.14571987092495 
1218	 0.146310806274414 
1219	 0.146914079785347 
1220	 0.147517576813698 
1221	 0.148145318031311 
1222	 0.148748576641083 
1223	 0.149364992976189 
1224	 0.149972468614578 
1225	 0.150559678673744 
1226	 0.151162013411522 
1227	 0.151777565479279 
1228	 0.152383431792259 
1229	 0.15299516916275 
1230	 0.153591722249985 
1231	 0.154175743460655 
1232	 0.154769748449326 
1233	 0.1553605645895 
1234	 0.155940338969231 
1235	 0.156513884663582 
1236	 0.157097548246384 
1237	 0.157681956887245 
1238	 0.158259704709053 
1239	 0.158827513456345 
1240	 0.15942907333374 
1241	 0.160033136606216 
1242	 0.160577893257141 
1243	 0.16114404797554 
1244	 0.161714747548103 
1245	 0.162284418940544 
1246	 0.16284191608429 
1247	 0.163413748145103 
1248	 0.164001971483231 
1249	 0.164580956101418 
1250	 0.165159031748772 
1251	 0.165730029344559 
1252	 0.166300937533379 
1253	 0.166868284344673 
1254	 0.167429730296135 
1255	 0.167991802096367 
1256	 0.168548852205276 
1257	 0.169116050004959 
1258	 0.169692412018776 
1259	 0.170257464051247 
1260	 0.170826941728592 
1261	 0.171391174197197 
1262	 0.171931385993958 
1263	 0.172500059008598 
1264	 0.173049166798592 
1265	 0.173596024513245 
1266	 0.17414765059948 
1267	 0.174691528081894 
1268	 0.17524066567421 
1269	 0.175799563527107 
1270	 0.176349386572838 
1271	 0.176883980631828 
1272	 0.177442342042923 
1273	 0.178013324737549 
1274	 0.178577587008476 
1275	 0.179145947098732 
1276	 0.1797184497118 
1277	 0.180284410715103 
1278	 0.180858299136162 
1279	 0.181444048881531 
1280	 0.182028353214264 
1281	 0.182608529925346 
1282	 0.183193907141685 
1283	 0.18377710878849 
1284	 0.184369787573814 
1285	 0.184967786073685 
1286	 0.185575574636459 
1287	 0.186164110898972 
1288	 0.186747804284096 
1289	 0.187342196702957 
1290	 0.187922358512878 
1291	 0.188522100448608 
1292	 0.189138948917389 
1293	 0.189753338694572 
1294	 0.190368115901947 
1295	 0.190986484289169 
1296	 0.191622763872147 
1297	 0.192235574126244 
1298	 0.192834407091141 
1299	 0.193437457084656 
1300	 0.19402851164341 
1301	 0.194624125957489 
1302	 0.195215359330177 
1303	 0.195820167660713 
1304	 0.196433156728745 
1305	 0.197042390704155 
1306	 0.197670370340347 
1307	 0.198280587792397 
1308	 0.198864921927452 
1309	 0.199469640851021 
1310	 0.200057446956635 
1311	 0.200629130005836 
1312	 0.201225802302361 
1313	 0.201835185289383 
1314	 0.202424138784409 
1315	 0.203016921877861 
1316	 0.203603118658066 
1317	 0.20416958630085 
1318	 0.204747766256332 
1319	 0.205339208245277 
1320	 0.205916404724121 
1321	 0.206486150622368 
1322	 0.207051768898964 
1323	 0.207602962851524 
1324	 0.208169192075729 
1325	 0.208752170205116 
1326	 0.209310159087181 
1327	 0.209867388010025 
1328	 0.210414350032806 
1329	 0.210933223366737 
1330	 0.211458936333656 
1331	 0.211980745196342 
1332	 0.212510302662849 
1333	 0.213043943047523 
1334	 0.21358460187912 
1335	 0.214087679982185 
1336	 0.214579626917839 
1337	 0.215078622102737 
1338	 0.215549811720848 
1339	 0.216041564941406 
1340	 0.216559693217278 
1341	 0.217050984501839 
1342	 0.217535272240639 
1343	 0.218001663684845 
1344	 0.218462079763412 
1345	 0.218906074762344 
1346	 0.219325721263885 
1347	 0.219746589660645 
1348	 0.220157161355019 
1349	 0.22056944668293 
1350	 0.220982179045677 
1351	 0.221386477351189 
1352	 0.221792176365852 
1353	 0.222186267375946 
1354	 0.222558587789536 
1355	 0.222944408655167 
1356	 0.223329618573189 
1357	 0.22371880710125 
1358	 0.224126294255257 
1359	 0.224519744515419 
1360	 0.224898040294647 
1361	 0.225290194153786 
1362	 0.225687637925148 
1363	 0.226047292351723 
1364	 0.226412013173103 
1365	 0.226771891117096 
1366	 0.227125599980354 
1367	 0.227469816803932 
1368	 0.227806612849236 
1369	 0.228140190243721 
1370	 0.228465288877487 
1371	 0.228785216808319 
1372	 0.22908142209053 
1373	 0.22937373816967 
1374	 0.229639858007431 
1375	 0.229891568422318 
1376	 0.230109199881554 
1377	 0.230305835604668 
1378	 0.230479046702385 
1379	 0.230626851320267 
1380	 0.230743750929832 
1381	 0.230858728289604 
1382	 0.230908751487732 
1383	 0.230935052037239 
1384	 0.230878785252571 
1385	 0.230773076415062 
1386	 0.230588406324387 
1387	 0.230287238955498 
1388	 0.229991778731346 
1389	 0.229602590203285 
1390	 0.229263201355934 
1391	 0.228922784328461 
1392	 0.228596672415733 
1393	 0.228342041373253 
1394	 0.228126421570778 
1395	 0.227989241480827 
1396	 0.227933928370476 
1397	 0.227886885404587 
1398	 0.227918699383736 
1399	 0.227890357375145 
1400	 0.227891013026237 
1401	 0.227816134691238 
1402	 0.227725178003311 
1403	 0.227550312876701 
1404	 0.227318152785301 
1405	 0.227041855454445 
1406	 0.226685225963593 
1407	 0.226328507065773 
1408	 0.225914537906647 
1409	 0.225531965494156 
1410	 0.225110530853271 
1411	 0.224756479263306 
1412	 0.224423259496689 
1413	 0.224137395620346 
1414	 0.223877444863319 
1415	 0.223683178424835 
1416	 0.2235406935215 
1417	 0.223440125584602 
1418	 0.223399803042412 
1419	 0.22339454293251 
1420	 0.223426014184952 
1421	 0.223496720194817 
1422	 0.223618760704994 
1423	 0.22376736998558 
1424	 0.223960682749748 
1425	 0.224174529314041 
1426	 0.224383905529976 
1427	 0.224616467952728 
1428	 0.224836096167564 
1429	 0.225028157234192 
1430	 0.225221082568169 
1431	 0.225411042571068 
1432	 0.225589290261269 
1433	 0.22576279938221 
1434	 0.22591245174408 
1435	 0.226046741008759 
1436	 0.226175099611282 
1437	 0.226278960704803 
1438	 0.22639000415802 
1439	 0.226485550403595 
1440	 0.226617306470871 
1441	 0.226723715662956 
1442	 0.226923570036888 
1443	 0.227146118879318 
1444	 0.227474793791771 
1445	 0.227863997220993 
1446	 0.228354439139366 
1447	 0.228921040892601 
1448	 0.229603379964828 
1449	 0.230402484536171 
1450	 0.231271594762802 
1451	 0.232275724411011 
1452	 0.233292490243912 
1453	 0.234406381845474 
1454	 0.235485628247261 
1455	 0.23659536242485 
1456	 0.237693697214127 
1457	 0.238808631896973 
1458	 0.239884674549103 
1459	 0.240946337580681 
1460	 0.241995349526405 
1461	 0.243013724684715 
1462	 0.244010761380196 
1463	 0.244995132088661 
1464	 0.24596905708313 
1465	 0.246892750263214 
1466	 0.247858956456184 
1467	 0.248781099915504 
1468	 0.249722346663475 
1469	 0.250678986310959 
1470	 0.25156843662262 
1471	 0.252473115921021 
1472	 0.253375709056854 
1473	 0.254270285367966 
1474	 0.255153954029083 
1475	 0.256024539470673 
1476	 0.256903290748596 
1477	 0.257739216089249 
1478	 0.258548885583878 
1479	 0.259324163198471 
1480	 0.260067731142044 
1481	 0.260795116424561 
1482	 0.261495292186737 
1483	 0.262174397706985 
1484	 0.262821137905121 
1485	 0.26348140835762 
1486	 0.264116108417511 
1487	 0.264763444662094 
1488	 0.265401393175125 
1489	 0.266083896160126 
1490	 0.266763597726822 
1491	 0.267499208450317 
1492	 0.268277883529663 
1493	 0.269098162651062 
1494	 0.269952923059464 
1495	 0.270845293998718 
1496	 0.271793484687805 
1497	 0.272758930921555 
1498	 0.273772180080414 
1499	 0.274779736995697 
1500	 0.275824934244156 
1501	 0.276843994855881 
1502	 0.277862519025803 
1503	 0.27885827422142 
1504	 0.279843956232071 
1505	 0.280808568000793 
1506	 0.281773120164871 
1507	 0.282688647508621 
1508	 0.283560574054718 
1509	 0.284423679113388 
1510	 0.285256296396255 
1511	 0.28606042265892 
1512	 0.286859422922134 
1513	 0.287617474794388 
1514	 0.288330733776093 
1515	 0.289022713899612 
1516	 0.289665102958679 
1517	 0.290316492319107 
1518	 0.290957659482956 
1519	 0.291579604148865 
1520	 0.292197585105896 
1521	 0.292804330587387 
1522	 0.293377906084061 
1523	 0.293959081172943 
1524	 0.294506967067719 
1525	 0.295040816068649 
1526	 0.295564919710159 
1527	 0.296065121889114 
1528	 0.296556442975998 
1529	 0.297041833400726 
1530	 0.297513514757156 
1531	 0.297956049442291 
1532	 0.298424541950226 
1533	 0.29889178276062 
1534	 0.299378663301468 
1535	 0.299873143434525 
1536	 0.300385981798172 
1537	 0.300898879766464 
1538	 0.301470637321472 
1539	 0.30207234621048 
1540	 0.302705049514771 
1541	 0.303383588790894 
1542	 0.304083704948425 
1543	 0.304815232753754 
1544	 0.305550545454025 
1545	 0.306308954954147 
1546	 0.30709320306778 
1547	 0.307893723249435 
1548	 0.308704257011414 
1549	 0.309545636177063 
1550	 0.310394793748856 
1551	 0.31125071644783 
1552	 0.312110364437103 
1553	 0.312995582818985 
1554	 0.313871592283249 
1555	 0.314739733934402 
1556	 0.315614342689514 
1557	 0.316509336233139 
1558	 0.317377477884293 
1559	 0.318230330944061 
1560	 0.319084405899048 
1561	 0.319922924041748 
1562	 0.32077220082283 
1563	 0.32163667678833 
1564	 0.322476148605347 
1565	 0.323307484388351 
1566	 0.32413238286972 
1567	 0.324937224388123 
1568	 0.325747519731522 
1569	 0.326562464237213 
1570	 0.327365636825562 
1571	 0.328167766332626 
1572	 0.328950673341751 
1573	 0.329708725214005 
1574	 0.330482393503189 
1575	 0.33125239610672 
1576	 0.332020133733749 
1577	 0.332789778709412 
1578	 0.333567947149277 
1579	 0.334343940019608 
1580	 0.335119903087616 
1581	 0.335916012525558 
1582	 0.336692750453949 
1583	 0.337456822395325 
1584	 0.338217347860336 
1585	 0.338960200548172 
1586	 0.339720040559769 
1587	 0.340484499931335 
1588	 0.341244608163834 
1589	 0.342014014720917 
1590	 0.342779755592346 
1591	 0.343534082174301 
1592	 0.344299286603928 
1593	 0.345077782869339 
1594	 0.345847457647324 
1595	 0.346627771854401 
1596	 0.347381800413132 
1597	 0.348108857870102 
1598	 0.34884986281395 
1599	 0.349579334259033 
1600	 0.350317627191544 
1601	 0.351065248250961 
1602	 0.351820051670074 
1603	 0.352594256401062 
1604	 0.353336244821548 
1605	 0.354080468416214 
1606	 0.354801446199417 
1607	 0.355479687452316 
1608	 0.356172770261765 
1609	 0.35686931014061 
1610	 0.357553482055664 
1611	 0.358239859342575 
1612	 0.358902454376221 
1613	 0.359538465738297 
1614	 0.360181033611298 
1615	 0.3608238697052 
1616	 0.361447006464005 
1617	 0.362072765827179 
1618	 0.362672090530396 
1619	 0.363226532936096 
1620	 0.36379399895668 
1621	 0.364356309175491 
1622	 0.364914149045944 
1623	 0.3654805123806 
1624	 0.366033017635345 
1625	 0.366573035717011 
1626	 0.367106765508652 
1627	 0.367630362510681 
1628	 0.368146389722824 
1629	 0.368642628192902 
1630	 0.369154304265976 
1631	 0.3696648478508 
1632	 0.370185971260071 
1633	 0.370722383260727 
1634	 0.371258080005646 
1635	 0.371803104877472 
1636	 0.372334808111191 
1637	 0.372860997915268 
1638	 0.373388230800629 
1639	 0.373914390802383 
1640	 0.374435305595398 
1641	 0.37496742606163 
1642	 0.375473469495773 
1643	 0.375968217849731 
1644	 0.376434236764908 
1645	 0.376877099275589 
1646	 0.377300053834915 
1647	 0.377695798873901 
1648	 0.378081679344177 
1649	 0.378462344408035 
1650	 0.378809303045273 
1651	 0.379128962755203 
1652	 0.379427134990692 
1653	 0.379706382751465 
1654	 0.379944026470184 
1655	 0.380153149366379 
1656	 0.380339562892914 
1657	 0.380503743886948 
1658	 0.380605220794678 
1659	 0.380672544240952 
1660	 0.380693644285202 
1661	 0.380650281906128 
1662	 0.380575597286224 
1663	 0.380485713481903 
1664	 0.380316376686096 
1665	 0.380103439092636 
1666	 0.379795044660568 
1667	 0.379403680562973 
1668	 0.378953903913498 
1669	 0.378429114818573 
1670	 0.377828687429428 
1671	 0.377162545919418 
1672	 0.376408249139786 
1673	 0.375564873218536 
1674	 0.374649286270142 
1675	 0.373649090528488 
1676	 0.372604727745056 
1677	 0.371502757072449 
1678	 0.370315343141556 
1679	 0.3690505027771 
1680	 0.36772432923317 
1681	 0.36631053686142 
1682	 0.364834815263748 
1683	 0.363321334123611 
1684	 0.36172017455101 
1685	 0.360035568475723 
1686	 0.358281642198563 
1687	 0.356412261724472 
1688	 0.354525417089462 
1689	 0.352587670087814 
1690	 0.350577622652054 
1691	 0.348524212837219 
1692	 0.346459925174713 
1693	 0.344337075948715 
1694	 0.342178493738174 
1695	 0.339984595775604 
1696	 0.337743073701859 
1697	 0.33543461561203 
1698	 0.333100885152817 
1699	 0.330740541219711 
1700	 0.328417032957077 
1701	 0.326028525829315 
1702	 0.32376304268837 
1703	 0.321503520011902 
1704	 0.31939959526062 
1705	 0.317371100187302 
1706	 0.315420359373093 
1707	 0.313755869865417 
1708	 0.312175452709198 
1709	 0.310737252235413 
1710	 0.309462875127792 
1711	 0.308165997266769 
1712	 0.306978613138199 
1713	 0.305861294269562 
1714	 0.304792374372482 
1715	 0.303884238004684 
1716	 0.302993327379227 
1717	 0.302122294902802 
1718	 0.301302820444107 
1719	 0.30048856139183 
1720	 0.299761801958084 
1721	 0.299124479293823 
1722	 0.298564374446869 
1723	 0.298159390687943 
1724	 0.297873228788376 
1725	 0.297725677490234 
1726	 0.297784388065338 
1727	 0.298007369041443 
1728	 0.298385351896286 
1729	 0.298977613449097 
1730	 0.299775213003159 
1731	 0.300686538219452 
1732	 0.301762223243713 
1733	 0.302882343530655 
1734	 0.304021418094635 
1735	 0.305204957723618 
1736	 0.306307286024094 
1737	 0.307347059249878 
1738	 0.308251529932022 
1739	 0.3089699447155 
1740	 0.309546500444412 
1741	 0.30997097492218 
1742	 0.31018590927124 
1743	 0.31036040186882 
1744	 0.310365706682205 
1745	 0.310390919446945 
1746	 0.310330510139465 
1747	 0.310327470302582 
1748	 0.310306966304779 
1749	 0.310355722904205 
1750	 0.310408920049667 
1751	 0.3105848133564 
1752	 0.310824453830719 
1753	 0.311172097921371 
1754	 0.311610221862793 
1755	 0.312172472476959 
1756	 0.312819838523865 
1757	 0.313642770051956 
1758	 0.314627557992935 
1759	 0.315679132938385 
1760	 0.316867411136627 
1761	 0.318214356899261 
1762	 0.319625467061996 
1763	 0.321204602718353 
1764	 0.322860360145569 
1765	 0.324577391147614 
1766	 0.326447606086731 
1767	 0.328279614448547 
1768	 0.330193221569061 
1769	 0.332153856754303 
1770	 0.333944708108902 
1771	 0.335765480995178 
1772	 0.337508827447891 
1773	 0.339086413383484 
1774	 0.340681493282318 
1775	 0.342160373926163 
1776	 0.343591004610062 
1777	 0.344988167285919 
1778	 0.346196115016937 
1779	 0.34738689661026 
1780	 0.348508566617966 
1781	 0.349517554044724 
1782	 0.350605338811874 
1783	 0.351620376110077 
1784	 0.352572649717331 
1785	 0.353503376245499 
1786	 0.354384124279022 
1787	 0.355243712663651 
1788	 0.356048375368118 
1789	 0.356799781322479 
1790	 0.357558935880661 
1791	 0.358261913061142 
1792	 0.359005987644196 
1793	 0.359773725271225 
1794	 0.360453993082047 
1795	 0.361122846603394 
1796	 0.361747950315475 
1797	 0.362405240535736 
1798	 0.363091439008713 
1799	 0.363797605037689 
1800	 0.364489942789078 
1801	 0.361702144145966 
1802	 0.362356334924698 
1803	 0.36301663517952 
1804	 0.363678455352783 
1805	 0.364367574453354 
1806	 0.365014940500259 
1807	 0.365656554698944 
1808	 0.366292148828506 
1809	 0.366916865110397 
1810	 0.367520958185196 
1811	 0.36811226606369 
1812	 0.368711203336716 
1813	 0.369283199310303 
1814	 0.369882524013519 
1815	 0.370460897684097 
1816	 0.37108439207077 
1817	 0.371725887060165 
1818	 0.372388005256653 
1819	 0.373032927513123 
1820	 0.373708188533783 
1821	 0.37436455488205 
1822	 0.374983876943588 
1823	 0.37565416097641 
1824	 0.376307427883148 
1825	 0.376958012580872 
1826	 0.37758082151413 
1827	 0.378172934055328 
1828	 0.378766983747482 
1829	 0.379353910684586 
1830	 0.379929751157761 
1831	 0.380498796701431 
1832	 0.381070911884308 
1833	 0.381583958864212 
1834	 0.382117182016373 
1835	 0.382659196853638 
1836	 0.383150368928909 
1837	 0.383658170700073 
1838	 0.384176105260849 
1839	 0.384670913219452 
1840	 0.385156452655792 
1841	 0.385639399290085 
1842	 0.386116236448288 
1843	 0.386583834886551 
1844	 0.387053221464157 
1845	 0.387455195188522 
1846	 0.387843519449234 
1847	 0.388219803571701 
1848	 0.38854193687439 
1849	 0.388846725225449 
1850	 0.389078289270401 
1851	 0.389265209436417 
1852	 0.389382869005203 
1853	 0.389452964067459 
1854	 0.389471262693405 
1855	 0.389445155858994 
1856	 0.389375567436218 
1857	 0.389230281114578 
1858	 0.389000564813614 
1859	 0.388709306716919 
1860	 0.38836395740509 
1861	 0.387912482023239 
1862	 0.387377083301544 
1863	 0.386790603399277 
1864	 0.386078417301178 
1865	 0.385303348302841 
1866	 0.384437471628189 
1867	 0.383443355560303 
1868	 0.382417917251587 
1869	 0.381261736154556 
1870	 0.380027443170547 
1871	 0.378744810819626 
1872	 0.377359330654144 
1873	 0.375870674848557 
1874	 0.374331176280975 
1875	 0.372703433036804 
1876	 0.370849162340164 
1877	 0.368987262248993 
1878	 0.366937309503555 
1879	 0.364674180746078 
1880	 0.362448424100876 
1881	 0.360001593828201 
1882	 0.357355684041977 
1883	 0.354602158069611 
1884	 0.351689636707306 
1885	 0.348363488912582 
1886	 0.344955712556839 
1887	 0.341253936290741 
1888	 0.337271958589554 
1889	 0.333457380533218 
1890	 0.329327523708344 
1891	 0.325136423110962 
1892	 0.320941209793091 
1893	 0.316531896591187 
1894	 0.311835020780563 
1895	 0.307313799858093 
1896	 0.302684932947159 
1897	 0.297973871231079 
1898	 0.293681532144547 
1899	 0.289289146661758 
1900	 0.285028904676437 
1901	 0.281031101942062 
1902	 0.276869297027588 
1903	 0.273011118173599 
1904	 0.269369781017303 
1905	 0.265871644020081 
1906	 0.262580454349518 
1907	 0.259794175624847 
1908	 0.257143378257751 
1909	 0.254720717668533 
1910	 0.252607792615891 
1911	 0.25056180357933 
1912	 0.248770922422409 
1913	 0.247185453772545 
1914	 0.245763704180717 
1915	 0.244544133543968 
1916	 0.243569880723953 
1917	 0.242689907550812 
1918	 0.24195995926857 
1919	 0.241393208503723 
1920	 0.240901857614517 
1921	 0.240524411201477 
1922	 0.240228042006493 
1923	 0.239997610449791 
1924	 0.239855274558067 
1925	 0.239776223897934 
1926	 0.239752784371376 
1927	 0.23979826271534 
1928	 0.239887401461601 
1929	 0.240035712718964 
1930	 0.240224003791809 
1931	 0.240471348166466 
1932	 0.240754529833794 
1933	 0.241047367453575 
1934	 0.241405755281448 
1935	 0.241780817508698 
1936	 0.242192268371582 
1937	 0.242681533098221 
1938	 0.243235617876053 
1939	 0.243816763162613 
1940	 0.244455590844154 
1941	 0.245154768228531 
1942	 0.245823115110397 
1943	 0.246558383107185 
1944	 0.247312322258949 
1945	 0.248081818223 
1946	 0.248948216438293 
1947	 0.249804854393005 
1948	 0.250717341899872 
1949	 0.251682996749878 
1950	 0.252643704414368 
1951	 0.253610551357269 
1952	 0.254636287689209 
1953	 0.255683451890945 
1954	 0.256755739450455 
1955	 0.257938891649246 
1956	 0.259110927581787 
1957	 0.260341167449951 
1958	 0.261620491743088 
1959	 0.262796670198441 
1960	 0.264003604650497 
1961	 0.265159994363785 
1962	 0.266254514455795 
1963	 0.267343610525131 
1964	 0.268437057733536 
1965	 0.269459575414658 
1966	 0.270440578460693 
1967	 0.271415531635284 
1968	 0.27228918671608 
1969	 0.273166924715042 
1970	 0.2740119099617 
1971	 0.274831175804138 
1972	 0.275728136301041 
1973	 0.276606440544128 
1974	 0.277504682540894 
1975	 0.278468817472458 
1976	 0.279376953840256 
1977	 0.280240386724472 
1978	 0.28114327788353 
1979	 0.282047033309937 
1980	 0.282933175563812 
1981	 0.283900558948517 
1982	 0.284866273403168 
1983	 0.285852164030075 
1984	 0.286852955818176 
1985	 0.287790477275848 
1986	 0.28876331448555 
1987	 0.289768636226654 
1988	 0.290733516216278 
1989	 0.29182705283165 
1990	 0.293004423379898 
1991	 0.294209063053131 
1992	 0.295480132102966 
1993	 0.296833544969559 
1994	 0.298119395971298 
1995	 0.299493283033371 
1996	 0.300892174243927 
1997	 0.302301287651062 
1998	 0.303773611783981 
1999	 0.305338084697723 
2000	 0.306819289922714 
2001	 0.308367103338242 
2002	 0.309790432453156 
2003	 0.311139941215515 
2004	 0.312474310398102 
2005	 0.313717871904373 
2006	 0.314977496862412 
2007	 0.31627294421196 
2008	 0.317458689212799 
2009	 0.318611681461334 
2010	 0.319733649492264 
2011	 0.320695877075195 
2012	 0.321632653474808 
2013	 0.322513997554779 
2014	 0.323316961526871 
2015	 0.324098527431488 
2016	 0.324841320514679 
2017	 0.325533747673035 
2018	 0.326211661100388 
2019	 0.326799273490906 
2020	 0.327302575111389 
2021	 0.327784150838852 
2022	 0.328199148178101 
2023	 0.328532665967941 
2024	 0.328881114721298 
2025	 0.32918643951416 
2026	 0.329447537660599 
2027	 0.329667031764984 
2028	 0.329866319894791 
2029	 0.330013036727905 
2030	 0.330152541399002 
2031	 0.330277174711227 
2032	 0.330372929573059 
2033	 0.330434143543243 
2034	 0.330484926700592 
2035	 0.330516874790192 
2036	 0.330518871545792 
2037	 0.330524086952209 
2038	 0.330536931753159 
2039	 0.330532789230347 
2040	 0.330517917871475 
2041	 0.330512195825577 
2042	 0.330491006374359 
2043	 0.330486238002777 
2044	 0.33049675822258 
2045	 0.330503880977631 
2046	 0.330519169569016 
2047	 0.330525577068329 
2048	 0.330541223287582 
2049	 0.33053657412529 
2050	 0.330516546964645 
2051	 0.330485463142395 
2052	 0.330467253923416 
2053	 0.33043959736824 
2054	 0.330416262149811 
2055	 0.330408424139023 
2056	 0.330378234386444 
2057	 0.330336362123489 
2058	 0.330292820930481 
2059	 0.330234885215759 
2060	 0.330186665058136 
2061	 0.330148369073868 
2062	 0.330085754394531 
2063	 0.330008387565613 
2064	 0.329941958189011 
2065	 0.329855263233185 
2066	 0.329788893461227 
2067	 0.32974711060524 
2068	 0.329683393239975 
2069	 0.329623252153397 
2070	 0.329562813043594 
2071	 0.32949697971344 
2072	 0.329425871372223 
2073	 0.329361200332642 
2074	 0.329310953617096 
2075	 0.329226523637772 
2076	 0.329142540693283 
2077	 0.329026967287064 
2078	 0.328868597745895 
2079	 0.328713178634644 
2080	 0.328536003828049 
2081	 0.328366309404373 
2082	 0.328213661909103 
2083	 0.32803139090538 
2084	 0.327802121639252 
2085	 0.327590256929398 
2086	 0.327360451221466 
2087	 0.327080398797989 
2088	 0.326846033334732 
2089	 0.326656013727188 
2090	 0.326410591602325 
2091	 0.326168835163116 
2092	 0.325884521007538 
2093	 0.325544863939285 
2094	 0.325219839811325 
2095	 0.324866652488709 
2096	 0.324525713920593 
2097	 0.324204862117767 
2098	 0.323857188224792 
2099	 0.323500096797943 
2100	 0.323145389556885 
2101	 0.322744727134705 
2102	 0.322314739227295 
2103	 0.321872293949127 
2104	 0.321391940116882 
2105	 0.320916414260864 
2106	 0.320428162813187 
2107	 0.319936811923981 
2108	 0.31945213675499 
2109	 0.318932712078094 
2110	 0.318388164043427 
2111	 0.317843466997147 
2112	 0.31726861000061 
2113	 0.316700369119644 
2114	 0.316147923469543 
2115	 0.315570712089539 
2116	 0.314978152513504 
2117	 0.31437560915947 
2118	 0.313762933015823 
2119	 0.313122600317001 
2120	 0.312518268823624 
2121	 0.311900496482849 
2122	 0.311335265636444 
2123	 0.31080824136734 
2124	 0.310280561447144 
2125	 0.309779733419418 
2126	 0.309283912181854 
2127	 0.308769822120667 
2128	 0.308321297168732 
2129	 0.30790176987648 
2130	 0.307522416114807 
2131	 0.307206720113754 
2132	 0.306894093751907 
2133	 0.306586891412735 
2134	 0.30634018778801 
2135	 0.306107014417648 
2136	 0.305901855230331 
2137	 0.305727303028107 
2138	 0.305592656135559 
2139	 0.305469304323196 
2140	 0.305367976427078 
2141	 0.305293828248978 
2142	 0.305256307125092 
2143	 0.305217087268829 
2144	 0.305178999900818 
2145	 0.305186808109283 
2146	 0.305221110582352 
2147	 0.305269718170166 
2148	 0.305370658636093 
2149	 0.305460214614868 
2150	 0.305530667304993 
2151	 0.305644690990448 
2152	 0.305782526731491 
2153	 0.305939257144928 
2154	 0.306141972541809 
2155	 0.306350469589233 
2156	 0.306510955095291 
2157	 0.30666247010231 
2158	 0.306793361902237 
2159	 0.306882232427597 
2160	 0.30698636174202 
2161	 0.307103872299194 
2162	 0.307182103395462 
2163	 0.307238221168518 
2164	 0.307285398244858 
2165	 0.307303458452225 
2166	 0.30732673406601 
2167	 0.3073470890522 
2168	 0.307354211807251 
2169	 0.30734857916832 
2170	 0.307341068983078 
2171	 0.307316690683365 
2172	 0.30730476975441 
2173	 0.307288765907288 
2174	 0.307284235954285 
2175	 0.30729940533638 
2176	 0.307308465242386 
2177	 0.307322800159454 
2178	 0.307346850633621 
2179	 0.307366818189621 
2180	 0.307383805513382 
2181	 0.307408183813095 
2182	 0.307461261749268 
2183	 0.307450294494629 
2184	 0.307424873113632 
2185	 0.307369619607925 
2186	 0.307255744934082 
2187	 0.307158946990967 
2188	 0.307068824768066 
2189	 0.306941896677017 
2190	 0.30679577589035 
2191	 0.306629538536072 
2192	 0.306453168392181 
2193	 0.306228131055832 
2194	 0.305973142385483 
2195	 0.305690169334412 
2196	 0.305367112159729 
2197	 0.305002212524414 
2198	 0.304629862308502 
2199	 0.304211020469666 
2200	 0.303777903318405 
2201	 0.303313612937927 
2202	 0.302821725606918 
2203	 0.30230239033699 
2204	 0.3017757833004 
2205	 0.301202148199081 
2206	 0.300653457641602 
2207	 0.30011647939682 
2208	 0.299553096294403 
2209	 0.2989741563797 
2210	 0.298406988382339 
2211	 0.297829538583755 
2212	 0.29725781083107 
2213	 0.296687364578247 
2214	 0.296129465103149 
2215	 0.295565724372864 
2216	 0.295020461082459 
2217	 0.294521659612656 
2218	 0.293986082077026 
2219	 0.29344967007637 
2220	 0.292899757623672 
2221	 0.292351007461548 
2222	 0.291738480329514 
2223	 0.291155189275742 
2224	 0.290519297122955 
2225	 0.289862722158432 
2226	 0.289188057184219 
2227	 0.288355618715286 
2228	 0.287459522485733 
2229	 0.286427170038223 
2230	 0.285211443901062 
2231	 0.284015655517578 
2232	 0.282786071300507 
2233	 0.281404316425323 
2234	 0.280013173818588 
2235	 0.278359413146973 
2236	 0.27649399638176 
2237	 0.274550199508667 
2238	 0.272359490394592 
2239	 0.270204067230225 
2240	 0.268015652894974 
2241	 0.265692740678787 
2242	 0.263347864151001 
2243	 0.260832071304321 
2244	 0.25809919834137 
2245	 0.255379676818848 
2246	 0.25247386097908 
2247	 0.249658957123756 
2248	 0.246897786855698 
2249	 0.244069218635559 
2250	 0.241223588585854 
2251	 0.238423049449921 
2252	 0.235420510172844 
2253	 0.23250213265419 
2254	 0.229563802480698 
2255	 0.226602375507355 
2256	 0.223905697464943 
2257	 0.221217691898346 
2258	 0.218610689043999 
2259	 0.21617603302002 
2260	 0.21364226937294 
2261	 0.211071640253067 
2262	 0.208620369434357 
2263	 0.206149846315384 
2264	 0.20383594930172 
2265	 0.201666429638863 
2266	 0.199486806988716 
2267	 0.197440072894096 
2268	 0.195316359400749 
2269	 0.193164244294167 
2270	 0.191081821918488 
2271	 0.188945755362511 
2272	 0.186943337321281 
2273	 0.185111105442047 
2274	 0.18317523598671 
2275	 0.181332111358643 
2276	 0.179363623261452 
2277	 0.177288293838501 
2278	 0.175220623612404 
2279	 0.17305862903595 
2280	 0.170928597450256 
2281	 0.168827563524246 
2282	 0.166662067174911 
2283	 0.164475783705711 
2284	 0.162325873970985 
2285	 0.15990386903286 
2286	 0.157524853944778 
2287	 0.15505613386631 
2288	 0.152471944689751 
2289	 0.15012925863266 
2290	 0.147706866264343 
2291	 0.145319297909737 
2292	 0.143029049038887 
2293	 0.140641927719116 
2294	 0.138444229960442 
2295	 0.136373862624168 
2296	 0.134454637765884 
2297	 0.132831946015358 
2298	 0.131455764174461 
2299	 0.130280837416649 
2300	 0.129352226853371 
2301	 0.128683403134346 
2302	 0.128251478075981 
2303	 0.128088802099228 
2304	 0.128253117203712 
2305	 0.128573164343834 
2306	 0.129159405827522 
2307	 0.129885211586952 
2308	 0.130792409181595 
2309	 0.131928458809853 
2310	 0.133337423205376 
2311	 0.134792342782021 
2312	 0.136547073721886 
2313	 0.138198643922806 
2314	 0.139911577105522 
2315	 0.141588300466537 
2316	 0.143304020166397 
2317	 0.144899666309357 
2318	 0.146507263183594 
2319	 0.147906571626663 
2320	 0.149227157235146 
2321	 0.150327950716019 
2322	 0.151235297322273 
2323	 0.151986390352249 
2324	 0.152511060237885 
2325	 0.152927204966545 
2326	 0.153222814202309 
2327	 0.153305277228355 
2328	 0.153167173266411 
2329	 0.152930453419685 
2330	 0.152514681220055 
2331	 0.151949718594551 
2332	 0.151291817426682 
2333	 0.150520488619804 
2334	 0.149486735463142 
2335	 0.148307859897614 
2336	 0.147042691707611 
2337	 0.145668014883995 
2338	 0.144381746649742 
2339	 0.143063023686409 
2340	 0.141757875680923 
2341	 0.140621870756149 
2342	 0.139479830861092 
2343	 0.138512223958969 
2344	 0.137788727879524 
2345	 0.137224942445755 
2346	 0.136979714035988 
2347	 0.137067139148712 
2348	 0.137334525585175 
2349	 0.13785719871521 
2350	 0.138664096593857 
2351	 0.139694482088089 
2352	 0.140891075134277 
2353	 0.14224499464035 
2354	 0.143556416034698 
2355	 0.144755482673645 
2356	 0.14586991071701 
2357	 0.146828517317772 
2358	 0.147685348987579 
2359	 0.148346021771431 
2360	 0.148838251829147 
2361	 0.149188369512558 
2362	 0.149394065141678 
2363	 0.14949244260788 
2364	 0.149480938911438 
2365	 0.149461105465889 
2366	 0.149460911750793 
2367	 0.149419367313385 
2368	 0.149385452270508 
2369	 0.149321496486664 
2370	 0.149199903011322 
2371	 0.149108186364174 
2372	 0.149036258459091 
2373	 0.148987218737602 
2374	 0.148969084024429 
2375	 0.148932278156281 
2376	 0.148920387029648 
2377	 0.148931577801704 
2378	 0.148940727114677 
2379	 0.148967444896698 
2380	 0.148949041962624 
2381	 0.148935973644257 
2382	 0.148948594927788 
2383	 0.148964315652847 
2384	 0.148945942521095 
2385	 0.148926809430122 
2386	 0.148953080177307 
2387	 0.148974552750587 
2388	 0.148973807692528 
2389	 0.149020045995712 
2390	 0.149016514420509 
2391	 0.148933410644531 
2392	 0.14893651008606 
2393	 0.149006634950638 
2394	 0.149022534489632 
2395	 0.149016171693802 
2396	 0.149003535509109 
2397	 0.148975789546967 
2398	 0.148952156305313 
2399	 0.14893764257431 
2400	 0.148941144347191 
2401	 0.148915022611618 
2402	 0.149002239108086 
2403	 0.149027794599533 
2404	 0.149037301540375 
2405	 0.149107217788696 
2406	 0.149093970656395 
2407	 0.149006053805351 
2408	 0.149009257555008 
2409	 0.149040684103966 
2410	 0.149026185274124 
2411	 0.149021342396736 
2412	 0.148894488811493 
2413	 0.148725762963295 
2414	 0.148595497012138 
2415	 0.148463755846024 
2416	 0.148407623171806 
2417	 0.148377418518066 
2418	 0.148277446627617 
2419	 0.148205295205116 
2420	 0.148180678486824 
2421	 0.147960647940636 
2422	 0.147710487246513 
2423	 0.147622153162956 
2424	 0.147496029734612 
2425	 0.147368520498276 
2426	 0.147267937660217 
2427	 0.147041901946068 
2428	 0.14680127799511 
2429	 0.146695777773857 
2430	 0.146558716893196 
2431	 0.146426558494568 
2432	 0.146356210112572 
2433	 0.146150469779968 
2434	 0.1459721326828 
2435	 0.145827174186707 
2436	 0.14553414285183 
2437	 0.145207613706589 
2438	 0.144821882247925 
2439	 0.144423738121986 
2440	 0.144082516431808 
2441	 0.143863186240196 
2442	 0.143778532743454 
2443	 0.143554449081421 
2444	 0.143307358026505 
2445	 0.143032133579254 
2446	 0.142527535557747 
2447	 0.142195120453835 
2448	 0.141909152269363 
2449	 0.141388490796089 
2450	 0.141039311885834 
2451	 0.140666857361794 
2452	 0.140218108892441 
2453	 0.139906316995621 
2454	 0.139497309923172 
2455	 0.139165759086609 
2456	 0.138835772871971 
2457	 0.138365209102631 
2458	 0.13795904815197 
2459	 0.137517318129539 
2460	 0.137137725949287 
2461	 0.136847317218781 
2462	 0.136561706662178 
2463	 0.136286869645119 
2464	 0.135875403881073 
2465	 0.135528370738029 
2466	 0.135267332196236 
2467	 0.134926974773407 
2468	 0.134713113307953 
2469	 0.134646072983742 
2470	 0.134579986333847 
2471	 0.13455268740654 
2472	 0.134447902441025 
2473	 0.134134858846664 
2474	 0.133792117238045 
2475	 0.133615151047707 
2476	 0.133579581975937 
2477	 0.133587017655373 
2478	 0.133663907647133 
2479	 0.133692145347595 
2480	 0.133704155683517 
2481	 0.133688405156136 
2482	 0.133712247014046 
2483	 0.133745446801186 
2484	 0.133682444691658 
2485	 0.133826822042465 
2486	 0.134023278951645 
2487	 0.134124517440796 
2488	 0.134422078728676 
2489	 0.134884610772133 
2490	 0.13510462641716 
2491	 0.135180786252022 
2492	 0.135348334908485 
2493	 0.135559871792793 
2494	 0.135755226016045 
2495	 0.136137470602989 
2496	 0.136673763394356 
2497	 0.136894091963768 
2498	 0.137031272053719 
2499	 0.13741672039032 
2500	 0.137754246592522 
