Wavelength	Y7.021
350	 4.80036213994026E-02 
351	 0.046423576772213 
352	 4.53117415308952E-02 
353	 4.34559062123299E-02 
354	 4.36167120933533E-02 
355	 4.35263067483902E-02 
356	 4.29138392210007E-02 
357	 4.17710244655609E-02 
358	 3.90539206564426E-02 
359	 3.79909873008728E-02 
360	 3.92202027142048E-02 
361	 4.12234663963318E-02 
362	 3.79575528204441E-02 
363	 0.036035917699337 
364	 0.037516362965107 
365	 3.70480380952358E-02 
366	 3.94369028508663E-02 
367	 3.98730747401714E-02 
368	 3.54748964309692E-02 
369	 0.036480788141489 
370	 3.66347134113312E-02 
371	 3.62665913999081E-02 
372	 3.86535860598087E-02 
373	 3.78942303359509E-02 
374	 3.69593910872936E-02 
375	 3.74911800026894E-02 
376	 3.79614792764187E-02 
377	 3.72330062091351E-02 
378	 3.63113023340702E-02 
379	 0.036332480609417 
380	 3.67523990571499E-02 
381	 3.74050885438919E-02 
382	 3.72480116784573E-02 
383	 0.035294733941555 
384	 3.56934927403927E-02 
385	 3.67874428629875E-02 
386	 3.68822142481804E-02 
387	 3.52642983198166E-02 
388	 3.37090529501438E-02 
389	 3.34147289395332E-02 
390	 3.46169993281364E-02 
391	 3.52635346353054E-02 
392	 3.50225642323494E-02 
393	 3.41990664601326E-02 
394	 0.033596333116293 
395	 0.034736730158329 
396	 3.57120856642723E-02 
397	 0.03538978099823 
398	 3.45076732337475E-02 
399	 3.45718748867512E-02 
400	 3.47318537533283E-02 
401	 3.39626111090183E-02 
402	 3.35411094129086E-02 
403	 3.43384817242622E-02 
404	 0.035247441381216 
405	 3.40939946472645E-02 
406	 3.46231982111931E-02 
407	 3.47093679010868E-02 
408	 3.35092879831791E-02 
409	 3.43489274382591E-02 
410	 3.47590632736683E-02 
411	 3.45591604709625E-02 
412	 3.43503393232822E-02 
413	 3.47548946738243E-02 
414	 3.46813090145588E-02 
415	 3.43054495751858E-02 
416	 3.48926708102226E-02 
417	 3.44424732029438E-02 
418	 3.43108996748924E-02 
419	 3.52112129330635E-02 
420	 3.49942818284035E-02 
421	 3.48976626992226E-02 
422	 3.52562852203846E-02 
423	 3.58946658670902E-02 
424	 3.59587892889977E-02 
425	 0.035746943205595 
426	 3.56150344014168E-02 
427	 3.58538925647736E-02 
428	 3.62140387296677E-02 
429	 3.63712497055531E-02 
430	 3.62403728067875E-02 
431	 0.036452304571867 
432	 3.67826521396637E-02 
433	 0.037101037800312 
434	 3.73546294867992E-02 
435	 3.76944281160831E-02 
436	 3.79114225506783E-02 
437	 3.79578806459904E-02 
438	 3.80875505506992E-02 
439	 3.82313169538975E-02 
440	 3.83844077587128E-02 
441	 0.03858407959342 
442	 3.90104278922081E-02 
443	 3.92922312021255E-02 
444	 3.94733399152756E-02 
445	 3.99067737162113E-02 
446	 4.01674956083298E-02 
447	 4.03762497007847E-02 
448	 4.06254418194294E-02 
449	 4.07174490392208E-02 
450	 4.10216376185417E-02 
451	 4.13944013416767E-02 
452	 4.15615439414978E-02 
453	 4.17896658182144E-02 
454	 4.20395359396935E-02 
455	 4.22753989696503E-02 
456	 4.24918010830879E-02 
457	 4.28835563361645E-02 
458	 4.31415550410748E-02 
459	 4.31273356080055E-02 
460	 4.35608811676502E-02 
461	 4.38515692949295E-02 
462	 4.39370088279247E-02 
463	 4.40716259181499E-02 
464	 4.44512404501438E-02 
465	 4.48878221213818E-02 
466	 4.51877936720848E-02 
467	 4.52122315764427E-02 
468	 4.53869365155697E-02 
469	 4.56435307860374E-02 
470	 4.58620898425579E-02 
471	 4.64401990175247E-02 
472	 4.66099046170712E-02 
473	 4.65011149644852E-02 
474	 4.69209030270576E-02 
475	 4.71605695784092E-02 
476	 4.74185608327389E-02 
477	 4.78451773524284E-02 
478	 4.81811910867691E-02 
479	 4.83619682490826E-02 
480	 0.048591636121273 
481	 4.90775257349014E-02 
482	 4.92834411561489E-02 
483	 4.95137386023998E-02 
484	 4.98988255858421E-02 
485	 5.02993203699589E-02 
486	 5.05666956305504E-02 
487	 5.07641993463039E-02 
488	 5.10110706090927E-02 
489	 5.14161549508572E-02 
490	 5.18858022987843E-02 
491	 5.23084551095963E-02 
492	 5.25987222790718E-02 
493	 5.30046820640564E-02 
494	 5.33501021564007E-02 
495	 5.36208413541317E-02 
496	 5.41643425822258E-02 
497	 5.46416826546192E-02 
498	 5.49634955823421E-02 
499	 0.05520124360919 
500	 5.57724349200726E-02 
501	 5.62022253870964E-02 
502	 5.64439259469509E-02 
503	 5.68508505821228E-02 
504	 5.74060305953026E-02 
505	 5.78598044812679E-02 
506	 5.81494346261024E-02 
507	 5.87970204651356E-02 
508	 5.92190064489841E-02 
509	 5.95508627593517E-02 
510	 6.01575188338757E-02 
511	 6.05735816061497E-02 
512	 6.09989278018475E-02 
513	 6.15561455488205E-02 
514	 6.22013173997402E-02 
515	 6.25967383384705E-02 
516	 6.29692152142525E-02 
517	 0.063549280166626 
518	 6.40173926949501E-02 
519	 6.45232945680618E-02 
520	 6.50726109743118E-02 
521	 0.06557397544384 
522	 6.61155432462692E-02 
523	 6.66219592094421E-02 
524	 6.70578107237816E-02 
525	 6.74984306097031E-02 
526	 0.068039670586586 
527	 6.86189085245132E-02 
528	 6.91315308213234E-02 
529	 6.96198865771294E-02 
530	 7.00856447219849E-02 
531	 7.05530345439911E-02 
532	 7.10676088929176E-02 
533	 7.15010687708855E-02 
534	 7.19628036022186E-02 
535	 7.25189074873924E-02 
536	 7.29632377624512E-02 
537	 7.33713507652283E-02 
538	 7.37788304686546E-02 
539	 7.41917937994003E-02 
540	 0.074540451169014 
541	 7.49041214585304E-02 
542	 0.075308583676815 
543	 7.56680145859718E-02 
544	 0.076003760099411 
545	 7.63152986764908E-02 
546	 7.66035169363022E-02 
547	 7.68943578004837E-02 
548	 7.71898180246353E-02 
549	 7.74579495191574E-02 
550	 7.76426494121552E-02 
551	 7.78199508786201E-02 
552	 7.80451446771622E-02 
553	 0.078307569026947 
554	 0.078444592654705 
555	 7.85390362143517E-02 
556	 7.86690413951874E-02 
557	 7.88746550679207E-02 
558	 7.89233669638634E-02 
559	 7.89241045713425E-02 
560	 7.89230987429619E-02 
561	 7.88324847817421E-02 
562	 7.87539631128311E-02 
563	 7.87080153822899E-02 
564	 7.86824300885201E-02 
565	 7.86381363868713E-02 
566	 7.85954892635345E-02 
567	 7.85273313522339E-02 
568	 7.83820152282715E-02 
569	 7.82795175909996E-02 
570	 7.81651213765144E-02 
571	 7.80087038874626E-02 
572	 7.78889358043671E-02 
573	 7.78224691748619E-02 
574	 0.077713169157505 
575	 7.74600058794022E-02 
576	 7.72449970245361E-02 
577	 7.69689306616783E-02 
578	 7.66412392258644E-02 
579	 7.64120519161224E-02 
580	 0.076097197830677 
581	 7.57566168904305E-02 
582	 7.54713863134384E-02 
583	 7.52118304371834E-02 
584	 7.49211385846138E-02 
585	 7.46200308203697E-02 
586	 7.43652433156967E-02 
587	 7.40732178092003E-02 
588	 7.38051384687424E-02 
589	 7.35528245568275E-02 
590	 7.31655359268188E-02 
591	 7.28030577301979E-02 
592	 7.24824219942093E-02 
593	 7.21703767776489E-02 
594	 0.071830540895462 
595	 7.14618638157845E-02 
596	 7.10685476660728E-02 
597	 7.06607922911644E-02 
598	 7.02875107526779E-02 
599	 6.99397772550583E-02 
600	 6.95919170975685E-02 
601	 0.069204181432724 
602	 6.88618198037148E-02 
603	 6.85275346040726E-02 
604	 6.81274458765984E-02 
605	 0.067730687558651 
606	 6.73553720116615E-02 
607	 6.69984966516495E-02 
608	 6.66369050741196E-02 
609	 6.62658885121346E-02 
610	 6.59014582633972E-02 
611	 6.55492916703224E-02 
612	 6.51582330465317E-02 
613	 6.48015439510345E-02 
614	 6.44711181521416E-02 
615	 6.41082674264908E-02 
616	 6.37305751442909E-02 
617	 6.33823275566101E-02 
618	 6.30737021565437E-02 
619	 6.27495124936104E-02 
620	 6.24098517000675E-02 
621	 6.20765313506126E-02 
622	 6.17663376033306E-02 
623	 6.14244304597378E-02 
624	 6.11029639840126E-02 
625	 6.08023218810558E-02 
626	 6.04733973741531E-02 
627	 6.01528398692608E-02 
628	 5.98512142896652E-02 
629	 5.95681108534336E-02 
630	 5.92946484684944E-02 
631	 0.058988593518734 
632	 5.87004460394382E-02 
633	 5.84912970662117E-02 
634	 5.81806711852551E-02 
635	 5.78866340219975E-02 
636	 5.76515458524227E-02 
637	 5.73934614658356E-02 
638	 5.71154728531837E-02 
639	 5.68406246602535E-02 
640	 0.056592907756567 
641	 0.056380420923233 
642	 5.61568960547447E-02 
643	 5.59148378670216E-02 
644	 5.56743443012238E-02 
645	 5.54653368890285E-02 
646	 5.52586875855923E-02 
647	 5.50411306321621E-02 
648	 5.48368245363235E-02 
649	 5.46563342213631E-02 
650	 0.054454930126667 
651	 5.42039610445499E-02 
652	 5.40195256471634E-02 
653	 5.38256727159023E-02 
654	 5.36247901618481E-02 
655	 0.053477942943573 
656	 5.32778911292553E-02 
657	 5.30867055058479E-02 
658	 5.29405660927296E-02 
659	 5.27583993971348E-02 
660	 0.052623376250267 
661	 5.24928607046604E-02 
662	 5.23059219121933E-02 
663	 5.21741434931755E-02 
664	 5.20219840109348E-02 
665	 5.18552400171757E-02 
666	 5.17649352550507E-02 
667	 5.16231171786785E-02 
668	 5.14725930988789E-02 
669	 5.13544604182243E-02 
670	 5.12097217142582E-02 
671	 5.10927215218544E-02 
672	 5.09918853640556E-02 
673	 0.050874188542366 
674	 5.07860630750656E-02 
675	 5.06739169359207E-02 
676	 5.05319312214851E-02 
677	 5.04202656447887E-02 
678	 0.050332598388195 
679	 5.02523630857468E-02 
680	 5.01663610339165E-02 
681	 5.00825345516205E-02 
682	 5.00090271234512E-02 
683	 4.99382503330708E-02 
684	 4.98552434146404E-02 
685	 4.97618652880192E-02 
686	 4.96772676706314E-02 
687	 4.96142730116844E-02 
688	 4.95750531554222E-02 
689	 0.049504280090332 
690	 0.049426157027483 
691	 4.93729673326015E-02 
692	 4.93260324001312E-02 
693	 4.92659956216812E-02 
694	 4.92010340094566E-02 
695	 4.91543114185333E-02 
696	 4.91109751164913E-02 
697	 0.049050759524107 
698	 4.89774346351624E-02 
699	 4.89315874874592E-02 
700	 4.89073917269707E-02 
701	 4.88862320780754E-02 
702	 0.048851951956749 
703	 4.88144531846046E-02 
704	 4.87932674586773E-02 
705	 4.87671196460724E-02 
706	 4.86971810460091E-02 
707	 4.86706085503101E-02 
708	 4.86641377210617E-02 
709	 0.048652034252882 
710	 4.86295111477375E-02 
711	 4.86322157084942E-02 
712	 4.86267879605293E-02 
713	 4.85861487686634E-02 
714	 4.85955514013767E-02 
715	 4.85999919474125E-02 
716	 4.85847145318985E-02 
717	 4.85699102282524E-02 
718	 4.85950820147991E-02 
719	 4.86216470599175E-02 
720	 4.86229881644249E-02 
721	 4.86102886497974E-02 
722	 4.86189536750317E-02 
723	 4.86350171267986E-02 
724	 4.86392006278038E-02 
725	 4.86586391925812E-02 
726	 4.86856549978256E-02 
727	 4.87230010330677E-02 
728	 4.87740524113178E-02 
729	 4.87632937729359E-02 
730	 4.87622581422329E-02 
731	 4.88040074706078E-02 
732	 4.88261952996254E-02 
733	 4.88627105951309E-02 
734	 4.88987378776073E-02 
735	 4.89196218550205E-02 
736	 0.048961978405714 
737	 4.90106679499149E-02 
738	 4.90448735654354E-02 
739	 0.04905029758811 
740	 4.90989349782467E-02 
741	 4.91539984941483E-02 
742	 4.91989739239216E-02 
743	 4.92686927318573E-02 
744	 4.93263341486454E-02 
745	 4.93727326393127E-02 
746	 4.94225174188614E-02 
747	 4.95024472475052E-02 
748	 4.95615489780903E-02 
749	 4.96057607233524E-02 
750	 4.96699437499046E-02 
751	 4.97258044779301E-02 
752	 4.97954227030277E-02 
753	 4.98837046325207E-02 
754	 4.99676950275898E-02 
755	 5.00194318592548E-02 
756	 5.00654391944408E-02 
757	 5.01326359808445E-02 
758	 5.02083674073219E-02 
759	 5.02881519496441E-02 
760	 5.03645278513432E-02 
761	 5.04340715706348E-02 
762	 5.05255945026875E-02 
763	 5.06037399172783E-02 
764	 5.06748519837856E-02 
765	 5.07905073463917E-02 
766	 5.08913993835449E-02 
767	 5.09723648428917E-02 
768	 5.10503761470318E-02 
769	 5.11702224612236E-02 
770	 5.12701459228992E-02 
771	 5.13571314513683E-02 
772	 5.14580607414246E-02 
773	 5.15620522201061E-02 
774	 5.16610629856586E-02 
775	 5.17545118927956E-02 
776	 5.18493130803108E-02 
777	 5.19614331424236E-02 
778	 0.052081860601902 
779	 5.21951206028461E-02 
780	 5.22804744541645E-02 
781	 5.24063035845757E-02 
782	 5.25452047586441E-02 
783	 5.26583157479763E-02 
784	 5.27688823640347E-02 
785	 5.29086329042912E-02 
786	 5.30597195029259E-02 
787	 5.31788878142834E-02 
788	 5.32671362161636E-02 
789	 5.33905439078808E-02 
790	 5.35526908934116E-02 
791	 5.36797419190407E-02 
792	 5.38160316646099E-02 
793	 5.39566650986671E-02 
794	 5.40917478501797E-02 
795	 5.42207211256027E-02 
796	 0.054365623742342 
797	 5.45288287103176E-02 
798	 5.46939186751843E-02 
799	 5.47974370419979E-02 
800	 5.49275279045105E-02 
801	 5.50969392061234E-02 
802	 5.52557185292244E-02 
803	 0.055406715720892 
804	 5.55720590054989E-02 
805	 5.57481162250042E-02 
806	 5.58895692229271E-02 
807	 5.60432747006416E-02 
808	 5.62092401087284E-02 
809	 5.63771389424801E-02 
810	 5.65433241426945E-02 
811	 5.67179806530476E-02 
812	 5.68894259631634E-02 
813	 5.70463798940182E-02 
814	 5.72404600679874E-02 
815	 5.74170649051666E-02 
816	 5.75707703828812E-02 
817	 5.77455125749111E-02 
818	 5.79663403332233E-02 
819	 5.81516027450562E-02 
820	 5.82840405404568E-02 
821	 5.84756433963776E-02 
822	 5.86931668221951E-02 
823	 0.058899313211441 
824	 5.90742751955986E-02 
825	 5.92581033706665E-02 
826	 5.94566836953163E-02 
827	 5.96667639911175E-02 
828	 5.98776154220104E-02 
829	 0.060072660446167 
830	 6.02747276425362E-02 
831	 6.04801513254642E-02 
832	 6.06665015220642E-02 
833	 6.08990117907524E-02 
834	 6.11438453197479E-02 
835	 6.13674409687519E-02 
836	 6.15617632865906E-02 
837	 6.17936663329601E-02 
838	 6.20244741439819E-02 
839	 0.062222920358181 
840	 6.24573528766632E-02 
841	 6.27062246203423E-02 
842	 6.29271045327187E-02 
843	 6.30989670753479E-02 
844	 6.33463934063911E-02 
845	 6.35820552706718E-02 
846	 6.38067051768303E-02 
847	 0.064078688621521 
848	 6.43040761351585E-02 
849	 6.45187795162201E-02 
850	 6.47405982017517E-02 
851	 6.49475678801537E-02 
852	 6.52154311537743E-02 
853	 6.54990524053574E-02 
854	 6.57526776194572E-02 
855	 0.065984882414341 
856	 6.62256479263306E-02 
857	 6.64679184556007E-02 
858	 6.67019337415695E-02 
859	 6.69560804963112E-02 
860	 6.72274380922318E-02 
861	 6.75006061792374E-02 
862	 6.77587985992432E-02 
863	 6.80212825536728E-02 
864	 6.82756677269936E-02 
865	 6.85353130102158E-02 
866	 6.88275992870331E-02 
867	 6.90635591745377E-02 
868	 6.93339109420776E-02 
869	 6.96564316749573E-02 
870	 6.99202492833138E-02 
871	 7.02055692672729E-02 
872	 7.04755783081055E-02 
873	 7.07143768668175E-02 
874	 7.10043385624886E-02 
875	 7.13164880871773E-02 
876	 7.16297179460526E-02 
877	 7.19318687915802E-02 
878	 7.22380876541138E-02 
879	 7.25300759077072E-02 
880	 7.28330463171005E-02 
881	 7.31710717082024E-02 
882	 7.34429731965065E-02 
883	 7.37431198358536E-02 
884	 7.40688741207123E-02 
885	 7.43477120995522E-02 
886	 7.46460258960724E-02 
887	 7.49695301055908E-02 
888	 7.53088966012001E-02 
889	 7.56426900625229E-02 
890	 7.59165659546852E-02 
891	 7.61943757534027E-02 
892	 7.65033364295959E-02 
893	 7.67709612846375E-02 
894	 7.71001875400543E-02 
895	 7.74796828627586E-02 
896	 7.78567120432854E-02 
897	 7.81513899564743E-02 
898	 7.84821957349777E-02 
899	 7.88132473826408E-02 
900	 0.07909145206213 
901	 7.94085711240768E-02 
902	 7.97340348362923E-02 
903	 8.00533518195152E-02 
904	 8.03674608469009E-02 
905	 8.07065963745117E-02 
906	 8.10870230197906E-02 
907	 8.14532414078712E-02 
908	 8.17259177565575E-02 
909	 8.20297747850418E-02 
910	 0.08236925303936 
911	 8.27285796403885E-02 
912	 8.30842852592468E-02 
913	 8.34167525172234E-02 
914	 8.37642550468445E-02 
915	 0.084138847887516 
916	 8.45041498541832E-02 
917	 8.48371163010597E-02 
918	 8.51687341928482E-02 
919	 8.55290219187737E-02 
920	 8.59229415655136E-02 
921	 8.62573832273483E-02 
922	 8.65888372063637E-02 
923	 8.69703367352486E-02 
924	 8.73414725065231E-02 
925	 8.76993983983994E-02 
926	 8.80444943904877E-02 
927	 8.83945897221565E-02 
928	 0.088814914226532 
929	 8.92134308815002E-02 
930	 8.95623713731766E-02 
931	 8.98848697543144E-02 
932	 9.02742743492126E-02 
933	 9.06926169991493E-02 
934	 9.10982936620712E-02 
935	 9.14559662342072E-02 
936	 9.17438492178917E-02 
937	 9.21511054039001E-02 
938	 9.26182344555855E-02 
939	 0.092949666082859 
940	 9.33285057544708E-02 
941	 0.093764141201973 
942	 9.41871702671051E-02 
943	 9.45039466023445E-02 
944	 9.48864668607712E-02 
945	 9.52690690755844E-02 
946	 0.095666378736496 
947	 9.61724445223808E-02 
948	 9.64822396636009E-02 
949	 9.67726409435272E-02 
950	 9.71632599830627E-02 
951	 9.75964888930321E-02 
952	 9.79093909263611E-02 
953	 9.83313918113709E-02 
954	 9.88758876919746E-02 
955	 9.91645604372025E-02 
956	 9.95386093854904E-02 
957	 9.99583527445793E-02 
958	 0.100357562303543 
959	 0.100762113928795 
960	 0.101128078997135 
961	 0.101496323943138 
962	 0.101912416517735 
963	 0.102390088140965 
964	 0.102651789784431 
965	 0.102896094322205 
966	 0.103308111429214 
967	 0.103741720318794 
968	 0.10418414324522 
969	 0.104591406881809 
970	 0.10492780059576 
971	 0.105174817144871 
972	 0.105604164302349 
973	 0.106078237295151 
974	 0.106423854827881 
975	 0.106749214231968 
976	 0.107175476849079 
977	 0.107568927109241 
978	 0.107838556170464 
979	 0.108298324048519 
980	 0.108694911003113 
981	 0.109006933867931 
982	 0.109303914010525 
983	 0.109670393168926 
984	 0.110013402998447 
985	 0.110388919711113 
986	 0.110866464674473 
987	 0.111395120620728 
988	 0.111807160079479 
989	 0.112134203314781 
990	 0.112470157444477 
991	 0.112828053534031 
992	 0.113120011985302 
993	 0.113464124500751 
994	 0.113963156938553 
995	 0.114409424364567 
996	 0.114921160042286 
997	 0.115314230322838 
998	 0.115507744252682 
999	 0.116095185279846 
1000	 0.116677433252335 
1001	 0.115814529359341 
1002	 0.116210572421551 
1003	 0.116639532148838 
1004	 0.117043048143387 
1005	 0.117431342601776 
1006	 0.117848701775074 
1007	 0.118282869458199 
1008	 0.118698686361313 
1009	 0.119120739400387 
1010	 0.11953978985548 
1011	 0.119942516088486 
1012	 0.120346449315548 
1013	 0.120761409401894 
1014	 0.121172249317169 
1015	 0.121574476361275 
1016	 0.121978484094143 
1017	 0.122363395988941 
1018	 0.122753955423832 
1019	 0.123199909925461 
1020	 0.123617671430111 
1021	 0.124016739428043 
1022	 0.124423161149025 
1023	 0.124818705022335 
1024	 0.125175505876541 
1025	 0.125558421015739 
1026	 0.12596620619297 
1027	 0.12635301053524 
1028	 0.126731887459755 
1029	 0.12710827589035 
1030	 0.127486646175385 
1031	 0.127861320972443 
1032	 0.12821863591671 
1033	 0.128556340932846 
1034	 0.128917992115021 
1035	 0.12929467856884 
1036	 0.129643663764 
1037	 0.130010366439819 
1038	 0.130346924066544 
1039	 0.130631133913994 
1040	 0.130956396460533 
1041	 0.131286263465881 
1042	 0.131632119417191 
1043	 0.132003724575043 
1044	 0.132352620363235 
1045	 0.132708966732025 
1046	 0.133100986480713 
1047	 0.133449450135231 
1048	 0.133799165487289 
1049	 0.134156703948975 
1050	 0.134471207857132 
1051	 0.134802460670471 
1052	 0.135186716914177 
1053	 0.135566309094429 
1054	 0.135976046323776 
1055	 0.136349603533745 
1056	 0.136710301041603 
1057	 0.137068375945091 
1058	 0.137396767735481 
1059	 0.137747332453728 
1060	 0.138127595186234 
1061	 0.138512492179871 
1062	 0.138909846544266 
1063	 0.139331251382828 
1064	 0.139743596315384 
1065	 0.140139386057854 
1066	 0.140506938099861 
1067	 0.14087650179863 
1068	 0.141294151544571 
1069	 0.141687273979187 
1070	 0.142086118459702 
1071	 0.142498806118965 
1072	 0.142923921346664 
1073	 0.143309220671654 
1074	 0.143717020750046 
1075	 0.144118875265121 
1076	 0.144488975405693 
1077	 0.14487512409687 
1078	 0.145268931984901 
1079	 0.145678326487541 
1080	 0.146082893013954 
1081	 0.146442770957947 
1082	 0.146791934967041 
1083	 0.147159889340401 
1084	 0.147574603557587 
1085	 0.147993668913841 
1086	 0.148377984762192 
1087	 0.148752897977829 
1088	 0.149133175611496 
1089	 0.149504631757736 
1090	 0.149882152676582 
1091	 0.150277152657509 
1092	 0.150630831718445 
1093	 0.150961592793465 
1094	 0.151307210326195 
1095	 0.151638209819794 
1096	 0.151992559432983 
1097	 0.152363106608391 
1098	 0.152675867080688 
1099	 0.152999594807625 
1100	 0.153332471847534 
1101	 0.153632268309593 
1102	 0.15397971868515 
1103	 0.154322326183319 
1104	 0.154681012034416 
1105	 0.155024379491806 
1106	 0.155371949076653 
1107	 0.155659884214401 
1108	 0.155955240130425 
1109	 0.15628008544445 
1110	 0.156566649675369 
1111	 0.15687084197998 
1112	 0.157179072499275 
1113	 0.1574587225914 
1114	 0.157762557268143 
1115	 0.158073127269745 
1116	 0.158362954854965 
1117	 0.158638775348663 
1118	 0.158915191888809 
1119	 0.159183382987976 
1120	 0.159458890557289 
1121	 0.159733697772026 
1122	 0.160009324550629 
1123	 0.1603012830019 
1124	 0.160568505525589 
1125	 0.160824805498123 
1126	 0.16107951104641 
1127	 0.161316990852356 
1128	 0.161560162901878 
1129	 0.161801010370255 
1130	 0.162056460976601 
1131	 0.162316933274269 
1132	 0.162548214197159 
1133	 0.162767380475998 
1134	 0.162975743412971 
1135	 0.163200959563255 
1136	 0.163430705666542 
1137	 0.163653820753098 
1138	 0.163904875516891 
1139	 0.164126247167587 
1140	 0.164326593279839 
1141	 0.16450172662735 
1142	 0.164721995592117 
1143	 0.164894804358482 
1144	 0.165049463510513 
1145	 0.165261015295982 
1146	 0.165434926748276 
1147	 0.165613502264023 
1148	 0.165830194950104 
1149	 0.166007027029991 
1150	 0.166173532605171 
1151	 0.166327491402626 
1152	 0.166485533118248 
1153	 0.166636139154434 
1154	 0.166791751980782 
1155	 0.166955158114433 
1156	 0.167110756039619 
1157	 0.167261227965355 
1158	 0.16740021109581 
1159	 0.16753026843071 
1160	 0.167663380503654 
1161	 0.167786151170731 
1162	 0.167915150523186 
1163	 0.168052166700363 
1164	 0.168187856674194 
1165	 0.168318688869476 
1166	 0.168444767594337 
1167	 0.168566301465034 
1168	 0.16867071390152 
1169	 0.168797835707664 
1170	 0.168941929936409 
1171	 0.169074639678001 
1172	 0.169213309884071 
1173	 0.169351100921631 
1174	 0.169476017355919 
1175	 0.169605299830437 
1176	 0.169738262891769 
1177	 0.169881075620651 
1178	 0.170025765895844 
1179	 0.17017725110054 
1180	 0.170337587594986 
1181	 0.170490115880966 
1182	 0.170638784766197 
1183	 0.170798540115356 
1184	 0.170983240008354 
1185	 0.171169921755791 
1186	 0.171350255608559 
1187	 0.171533837914467 
1188	 0.171722128987312 
1189	 0.171909481287003 
1190	 0.172101154923439 
1191	 0.172303915023804 
1192	 0.172496795654297 
1193	 0.172677740454674 
1194	 0.172866895794868 
1195	 0.173059150576591 
1196	 0.173260912299156 
1197	 0.173472061753273 
1198	 0.173678547143936 
1199	 0.173899680376053 
1200	 0.174103692173958 
1201	 0.174306899309158 
1202	 0.174495667219162 
1203	 0.174678668379784 
1204	 0.174890249967575 
1205	 0.175110593438148 
1206	 0.175345614552498 
1207	 0.17559389770031 
1208	 0.175852283835411 
1209	 0.176119521260262 
1210	 0.176399081945419 
1211	 0.176691949367523 
1212	 0.176989033818245 
1213	 0.177318230271339 
1214	 0.177676171064377 
1215	 0.178037568926811 
1216	 0.178423121571541 
1217	 0.178805708885193 
1218	 0.179200679063797 
1219	 0.179588377475739 
1220	 0.179958015680313 
1221	 0.180365920066833 
1222	 0.180750325322151 
1223	 0.18112950026989 
1224	 0.181499779224396 
1225	 0.181859686970711 
1226	 0.182223916053772 
1227	 0.182589814066887 
1228	 0.182935878634453 
1229	 0.183274701237679 
1230	 0.183618769049644 
1231	 0.183952018618584 
1232	 0.184279158711433 
1233	 0.184619262814522 
1234	 0.184934765100479 
1235	 0.185216680169106 
1236	 0.185513868927956 
1237	 0.185802176594734 
1238	 0.18610443174839 
1239	 0.186422526836395 
1240	 0.186731144785881 
1241	 0.187055021524429 
1242	 0.187359482049942 
1243	 0.187654659152031 
1244	 0.187934830784798 
1245	 0.188224926590919 
1246	 0.188508257269859 
1247	 0.188795402646065 
1248	 0.189097583293915 
1249	 0.189375966787338 
1250	 0.189642429351807 
1251	 0.189903438091278 
1252	 0.190157666802406 
1253	 0.190398633480072 
1254	 0.19062827527523 
1255	 0.190857082605362 
1256	 0.19107212126255 
1257	 0.191289365291595 
1258	 0.19151583313942 
1259	 0.19172278046608 
1260	 0.1919085085392 
1261	 0.192104309797287 
1262	 0.192293778061867 
1263	 0.192491725087166 
1264	 0.192668586969376 
1265	 0.192845523357391 
1266	 0.193016648292542 
1267	 0.193163067102432 
1268	 0.193329527974129 
1269	 0.193506568670273 
1270	 0.193680822849274 
1271	 0.193854048848152 
1272	 0.194030746817589 
1273	 0.194215565919876 
1274	 0.194393932819366 
1275	 0.194563433527946 
1276	 0.194744274020195 
1277	 0.194919422268867 
1278	 0.195111721754074 
1279	 0.195332735776901 
1280	 0.195532292127609 
1281	 0.195711016654968 
1282	 0.195920065045357 
1283	 0.19613616168499 
1284	 0.196351811289787 
1285	 0.196577206254005 
1286	 0.196827858686447 
1287	 0.197071418166161 
1288	 0.197309345006943 
1289	 0.197549790143967 
1290	 0.197799369692802 
1291	 0.198052480816841 
1292	 0.198301821947098 
1293	 0.19855061173439 
1294	 0.198812007904053 
1295	 0.199064210057259 
1296	 0.199311152100563 
1297	 0.199547111988068 
1298	 0.199769854545593 
1299	 0.200009405612946 
1300	 0.200252383947372 
1301	 0.200482711195946 
1302	 0.200723484158516 
1303	 0.200954347848892 
1304	 0.201170474290848 
1305	 0.201378121972084 
1306	 0.201572820544243 
1307	 0.201780378818512 
1308	 0.201984077692032 
1309	 0.202188238501549 
1310	 0.202385127544403 
1311	 0.202600032091141 
1312	 0.202778786420822 
1313	 0.202930212020874 
1314	 0.203089818358421 
1315	 0.203246310353279 
1316	 0.20338748395443 
1317	 0.203514128923416 
1318	 0.203650057315826 
1319	 0.203774318099022 
1320	 0.20390859246254 
1321	 0.204065009951591 
1322	 0.204193294048309 
1323	 0.204317316412926 
1324	 0.204422011971474 
1325	 0.20449960231781 
1326	 0.204584747552872 
1327	 0.204660043120384 
1328	 0.204736679792404 
1329	 0.204825967550278 
1330	 0.204893946647644 
1331	 0.204951211810112 
1332	 0.204999729990959 
1333	 0.20502182841301 
1334	 0.205055966973305 
1335	 0.205092504620552 
1336	 0.205132141709328 
1337	 0.205159530043602 
1338	 0.205188244581223 
1339	 0.20521143078804 
1340	 0.205224454402924 
1341	 0.205236420035362 
1342	 0.205260008573532 
1343	 0.205251291394234 
1344	 0.205226689577103 
1345	 0.205189406871796 
1346	 0.205125704407692 
1347	 0.205072298645973 
1348	 0.205016553401947 
1349	 0.204951286315918 
1350	 0.20488366484642 
1351	 0.204809337854385 
1352	 0.204705819487572 
1353	 0.204634144902229 
1354	 0.204581558704376 
1355	 0.204520970582962 
1356	 0.204468727111816 
1357	 0.204421505331993 
1358	 0.204376354813576 
1359	 0.204324394464493 
1360	 0.20427605509758 
1361	 0.204232275485992 
1362	 0.204175114631653 
1363	 0.204109400510788 
1364	 0.204048722982407 
1365	 0.203988119959831 
1366	 0.203934714198112 
1367	 0.203880876302719 
1368	 0.203831180930138 
1369	 0.203798070549965 
1370	 0.203740239143372 
1371	 0.203675746917725 
1372	 0.203604385256767 
1373	 0.203518226742744 
1374	 0.203434213995934 
1375	 0.203344985842705 
1376	 0.203256085515022 
1377	 0.203162863850594 
1378	 0.203070759773254 
1379	 0.202980443835258 
1380	 0.202886313199997 
1381	 0.202789306640625 
1382	 0.202692002058029 
1383	 0.202585935592651 
1384	 0.202491194009781 
1385	 0.202397093176842 
1386	 0.202313438057899 
1387	 0.202240794897079 
1388	 0.20217302441597 
1389	 0.202113449573517 
1390	 0.202057525515556 
1391	 0.202014341950417 
1392	 0.201962977647781 
1393	 0.201914206147194 
1394	 0.201860964298248 
1395	 0.201789245009422 
1396	 0.201710551977158 
1397	 0.201609045267105 
1398	 0.201497808098793 
1399	 0.20135223865509 
1400	 0.201188445091248 
1401	 0.200989425182343 
1402	 0.200768768787384 
1403	 0.200499668717384 
1404	 0.200192928314209 
1405	 0.199858665466309 
1406	 0.199482634663582 
1407	 0.199084222316742 
1408	 0.198648512363434 
1409	 0.198209851980209 
1410	 0.197737112641335 
1411	 0.197273060679436 
1412	 0.196804508566856 
1413	 0.196336939930916 
1414	 0.195862844586372 
1415	 0.195392578840256 
1416	 0.194918811321259 
1417	 0.194453045725822 
1418	 0.193981721997261 
1419	 0.193528160452843 
1420	 0.193079948425293 
1421	 0.192652955651283 
1422	 0.192246437072754 
1423	 0.191848903894424 
1424	 0.191481500864029 
1425	 0.191096693277359 
1426	 0.190729558467865 
1427	 0.190347447991371 
1428	 0.189953401684761 
1429	 0.189576521515846 
1430	 0.189156293869019 
1431	 0.188727632164955 
1432	 0.188254997134209 
1433	 0.187746301293373 
1434	 0.187215745449066 
1435	 0.186653882265091 
1436	 0.186072260141373 
1437	 0.185457840561867 
1438	 0.184850662946701 
1439	 0.184203445911407 
1440	 0.183608084917068 
1441	 0.182983681559563 
1442	 0.182471603155136 
1443	 0.181984528899193 
1444	 0.181620955467224 
1445	 0.181325897574425 
1446	 0.181171476840973 
1447	 0.181115016341209 
1448	 0.181190252304077 
1449	 0.181422874331474 
1450	 0.181718915700912 
1451	 0.182150468230247 
1452	 0.182611152529716 
1453	 0.183185771107674 
1454	 0.183734804391861 
1455	 0.184332832694054 
1456	 0.184912800788879 
1457	 0.185501351952553 
1458	 0.186070755124092 
1459	 0.186642229557037 
1460	 0.187193930149078 
1461	 0.187722265720367 
1462	 0.188238933682442 
1463	 0.188746929168701 
1464	 0.189236953854561 
1465	 0.189692750573158 
1466	 0.190175905823708 
1467	 0.190612867474556 
1468	 0.191030591726303 
1469	 0.191462993621826 
1470	 0.191850617527962 
1471	 0.19224114716053 
1472	 0.192628756165504 
1473	 0.192997872829437 
1474	 0.193352907896042 
1475	 0.193684011697769 
1476	 0.194007501006126 
1477	 0.194295585155487 
1478	 0.194557070732117 
1479	 0.194782793521881 
1480	 0.194977968931198 
1481	 0.195151582360268 
1482	 0.195287972688675 
1483	 0.195413857698441 
1484	 0.195509999990463 
1485	 0.195616394281387 
1486	 0.195697918534279 
1487	 0.195802912116051 
1488	 0.195895448327065 
1489	 0.196045204997063 
1490	 0.196204215288162 
1491	 0.196423560380936 
1492	 0.196700319647789 
1493	 0.197006776928902 
1494	 0.197350963950157 
1495	 0.197731599211693 
1496	 0.198159620165825 
1497	 0.198604941368103 
1498	 0.199105069041252 
1499	 0.19958870112896 
1500	 0.200096786022186 
1501	 0.200586661696434 
1502	 0.201072230935097 
1503	 0.20154370367527 
1504	 0.202018022537231 
1505	 0.202460095286369 
1506	 0.202891483902931 
1507	 0.203288868069649 
1508	 0.203650459647179 
1509	 0.203995302319527 
1510	 0.204315230250359 
1511	 0.204610154032707 
1512	 0.204882323741913 
1513	 0.205134019255638 
1514	 0.205348491668701 
1515	 0.205561965703964 
1516	 0.20576100051403 
1517	 0.205951243638992 
1518	 0.20614492893219 
1519	 0.206310167908669 
1520	 0.206458330154419 
1521	 0.206582546234131 
1522	 0.20668338239193 
1523	 0.20678673684597 
1524	 0.206880897283554 
1525	 0.206966921687126 
1526	 0.20705235004425 
1527	 0.207131534814835 
1528	 0.207206875085831 
1529	 0.2072783857584 
1530	 0.207350865006447 
1531	 0.207418486475945 
1532	 0.207488104701042 
1533	 0.20755623281002 
1534	 0.207632556557655 
1535	 0.207702443003654 
1536	 0.207798019051552 
1537	 0.207898810505867 
1538	 0.208037033677101 
1539	 0.208192557096481 
1540	 0.208385929465294 
1541	 0.208622634410858 
1542	 0.208858042955399 
1543	 0.209118440747261 
1544	 0.209383949637413 
1545	 0.209644943475723 
1546	 0.209952190518379 
1547	 0.210300996899605 
1548	 0.210633412003517 
1549	 0.210989534854889 
1550	 0.211338385939598 
1551	 0.211675807833672 
1552	 0.212024614214897 
1553	 0.212382733821869 
1554	 0.212749749422073 
1555	 0.21312227845192 
1556	 0.213494569063187 
1557	 0.213892161846161 
1558	 0.214257016777992 
1559	 0.214604526758194 
1560	 0.2149488478899 
1561	 0.215268716216087 
1562	 0.215609341859818 
1563	 0.215965643525124 
1564	 0.216298878192902 
1565	 0.216636836528778 
1566	 0.216954097151756 
1567	 0.217248260974884 
1568	 0.217537045478821 
1569	 0.217812091112137 
1570	 0.218089431524277 
1571	 0.218359515070915 
1572	 0.218623220920563 
1573	 0.218879908323288 
1574	 0.219143450260162 
1575	 0.219398036599159 
1576	 0.219661608338356 
1577	 0.219941958785057 
1578	 0.220210611820221 
1579	 0.220474302768707 
1580	 0.220736786723137 
1581	 0.221003443002701 
1582	 0.221254050731659 
1583	 0.221495628356934 
1584	 0.221734166145325 
1585	 0.22194866836071 
1586	 0.222183987498283 
1587	 0.2224360704422 
1588	 0.22267359495163 
1589	 0.222908705472946 
1590	 0.223149329423904 
1591	 0.223385870456696 
1592	 0.223620697855949 
1593	 0.223863676190376 
1594	 0.224102169275284 
1595	 0.224328085780144 
1596	 0.224560111761093 
1597	 0.224801674485207 
1598	 0.225035667419434 
1599	 0.225261941552162 
1600	 0.225495636463165 
1601	 0.225728616118431 
1602	 0.225965619087219 
1603	 0.226213231682777 
1604	 0.226451262831688 
1605	 0.226689159870148 
1606	 0.226920083165169 
1607	 0.227148532867432 
1608	 0.227368772029877 
1609	 0.22757713496685 
1610	 0.227787896990776 
1611	 0.227995052933693 
1612	 0.228195130825043 
1613	 0.228390544652939 
1614	 0.228588178753853 
1615	 0.228792548179626 
1616	 0.228974685072899 
1617	 0.229140385985374 
1618	 0.229315757751465 
1619	 0.229478448629379 
1620	 0.229641258716583 
1621	 0.229820787906647 
1622	 0.229984968900681 
1623	 0.23013012111187 
1624	 0.230280205607414 
1625	 0.230435371398926 
1626	 0.230576932430267 
1627	 0.230710923671722 
1628	 0.230838850140572 
1629	 0.230944722890854 
1630	 0.231068834662437 
1631	 0.231202766299248 
1632	 0.231332466006279 
1633	 0.231456845998764 
1634	 0.231602117419243 
1635	 0.231758654117584 
1636	 0.231910824775696 
1637	 0.232083082199097 
1638	 0.23224450647831 
1639	 0.23239566385746 
1640	 0.232546448707581 
1641	 0.232701495289803 
1642	 0.232848539948463 
1643	 0.232991114258766 
1644	 0.233120754361153 
1645	 0.233250260353088 
1646	 0.233359813690186 
1647	 0.233456835150719 
1648	 0.233533218502998 
1649	 0.233570694923401 
1650	 0.233630865812302 
1651	 0.233699947595596 
1652	 0.233742043375969 
1653	 0.233790308237076 
1654	 0.233813911676407 
1655	 0.233793377876282 
1656	 0.23378974199295 
1657	 0.233799040317535 
1658	 0.23378299176693 
1659	 0.233765497803688 
1660	 0.233716160058975 
1661	 0.233638778328896 
1662	 0.233546078205109 
1663	 0.233428910374641 
1664	 0.23329621553421 
1665	 0.233160331845284 
1666	 0.232977405190468 
1667	 0.232767626643181 
1668	 0.232531115412712 
1669	 0.232247799634933 
1670	 0.231955260038376 
1671	 0.231647863984108 
1672	 0.23130264878273 
1673	 0.230940222740173 
1674	 0.230527341365814 
1675	 0.23006983101368 
1676	 0.229595616459846 
1677	 0.22908242046833 
1678	 0.228553801774979 
1679	 0.227995231747627 
1680	 0.227423056960106 
1681	 0.226836368441582 
1682	 0.226209759712219 
1683	 0.225556656718254 
1684	 0.22490182518959 
1685	 0.224215179681778 
1686	 0.223520442843437 
1687	 0.222817122936249 
1688	 0.222094282507896 
1689	 0.221339702606201 
1690	 0.220592647790909 
1691	 0.219858378171921 
1692	 0.219100847840309 
1693	 0.218328788876534 
1694	 0.217549264431 
1695	 0.216743379831314 
1696	 0.215944424271584 
1697	 0.215145722031593 
1698	 0.214323744177818 
1699	 0.2134989798069 
1700	 0.212669655680656 
1701	 0.2118149548769 
1702	 0.210993304848671 
1703	 0.210162132978439 
1704	 0.209372758865356 
1705	 0.208606138825417 
1706	 0.207834467291832 
1707	 0.207140624523163 
1708	 0.206459045410156 
1709	 0.205817803740501 
1710	 0.205220624804497 
1711	 0.204616159200668 
1712	 0.204048186540604 
1713	 0.203485041856766 
1714	 0.202937319874763 
1715	 0.202445775270462 
1716	 0.201956003904343 
1717	 0.201493665575981 
1718	 0.201053723692894 
1719	 0.200604751706123 
1720	 0.200175791978836 
1721	 0.199764475226402 
1722	 0.199397340416908 
1723	 0.199113458395004 
1724	 0.198889911174774 
1725	 0.198712080717087 
1726	 0.198593586683273 
1727	 0.198524385690689 
1728	 0.198518082499504 
1729	 0.198602169752121 
1730	 0.198749452829361 
1731	 0.198935821652412 
1732	 0.199172124266624 
1733	 0.199411973357201 
1734	 0.199671596288681 
1735	 0.199938803911209 
1736	 0.200182467699051 
1737	 0.200412064790726 
1738	 0.20057937502861 
1739	 0.200704351067543 
1740	 0.200782775878906 
1741	 0.200816631317139 
1742	 0.200811713933945 
1743	 0.200768023729324 
1744	 0.20063379406929 
1745	 0.200547531247139 
1746	 0.200443461537361 
1747	 0.200361728668213 
1748	 0.200292348861694 
1749	 0.200264111161232 
1750	 0.20024611055851 
1751	 0.200283497571945 
1752	 0.200382471084595 
1753	 0.20048314332962 
1754	 0.200585961341858 
1755	 0.200763657689095 
1756	 0.200974062085152 
1757	 0.201273038983345 
1758	 0.201642289757729 
1759	 0.202017724514008 
1760	 0.202425166964531 
1761	 0.202895388007164 
1762	 0.203371405601501 
1763	 0.203888222575188 
1764	 0.204458832740784 
1765	 0.205039635300636 
1766	 0.205654054880142 
1767	 0.206301257014275 
1768	 0.20698207616806 
1769	 0.207640513777733 
1770	 0.208246186375618 
1771	 0.208873197436333 
1772	 0.209455579519272 
1773	 0.210009828209877 
1774	 0.210597097873688 
1775	 0.211105197668076 
1776	 0.211607307195663 
1777	 0.212123602628708 
1778	 0.212583139538765 
1779	 0.213053002953529 
1780	 0.213490381836891 
1781	 0.213885515928268 
1782	 0.214304506778717 
1783	 0.214714869856834 
1784	 0.215115293860435 
1785	 0.215506538748741 
1786	 0.215897187590599 
1787	 0.216281548142433 
1788	 0.216668531298637 
1789	 0.217068955302238 
1790	 0.217451602220535 
1791	 0.217831879854202 
1792	 0.218187659978867 
1793	 0.218515247106552 
1794	 0.218823581933975 
1795	 0.219126746058464 
1796	 0.219414085149765 
1797	 0.219728916883469 
1798	 0.220028951764107 
1799	 0.220317587256432 
1800	 0.220590189099312 
1801	 0.221582025289536 
1802	 0.221858561038971 
1803	 0.222144886851311 
1804	 0.222425803542137 
1805	 0.222724989056587 
1806	 0.223012357950211 
1807	 0.223308309912682 
1808	 0.22359137237072 
1809	 0.223884060978889 
1810	 0.224139451980591 
1811	 0.224377319216728 
1812	 0.224607154726982 
1813	 0.224810898303986 
1814	 0.225007236003876 
1815	 0.225205793976784 
1816	 0.225425660610199 
1817	 0.225648418068886 
1818	 0.225880697369576 
1819	 0.226105853915215 
1820	 0.226342633366585 
1821	 0.226566225290298 
1822	 0.226770728826523 
1823	 0.227003812789917 
1824	 0.22722040116787 
1825	 0.227425813674927 
1826	 0.227629780769348 
1827	 0.227831542491913 
1828	 0.228013232350349 
1829	 0.228182062506676 
1830	 0.228354051709175 
1831	 0.22850775718689 
1832	 0.228678300976753 
1833	 0.228847101330757 
1834	 0.229016438126564 
1835	 0.229185700416565 
1836	 0.229324653744698 
1837	 0.22947184741497 
1838	 0.229616239666939 
1839	 0.229757934808731 
1840	 0.22990246117115 
1841	 0.230034738779068 
1842	 0.230159908533096 
1843	 0.230284795165062 
1844	 0.230396285653114 
1845	 0.230485141277313 
1846	 0.230571717023849 
1847	 0.230648964643478 
1848	 0.230701521039009 
1849	 0.23073622584343 
1850	 0.230755016207695 
1851	 0.230765283107758 
1852	 0.230738639831543 
1853	 0.230679884552956 
1854	 0.230614200234413 
1855	 0.230524018406868 
1856	 0.230396524071693 
1857	 0.230242028832436 
1858	 0.230046331882477 
1859	 0.229816973209381 
1860	 0.229550123214722 
1861	 0.229242831468582 
1862	 0.228891223669052 
1863	 0.228532418608665 
1864	 0.228132650256157 
1865	 0.227690652012825 
1866	 0.227219805121422 
1867	 0.226686120033264 
1868	 0.226120665669441 
1869	 0.225498333573341 
1870	 0.224845305085182 
1871	 0.224161744117737 
1872	 0.22346143424511 
1873	 0.22272552549839 
1874	 0.221976637840271 
1875	 0.221216395497322 
1876	 0.22036200761795 
1877	 0.219506099820137 
1878	 0.218590617179871 
1879	 0.21761117875576 
1880	 0.216665208339691 
1881	 0.215653717517853 
1882	 0.214581623673439 
1883	 0.213495135307312 
1884	 0.212361931800842 
1885	 0.211102589964867 
1886	 0.20984673500061 
1887	 0.208508908748627 
1888	 0.207115396857262 
1889	 0.205810606479645 
1890	 0.204428434371948 
1891	 0.203051209449768 
1892	 0.201700910925865 
1893	 0.200312107801437 
1894	 0.198860734701157 
1895	 0.197486996650696 
1896	 0.196104466915131 
1897	 0.194728136062622 
1898	 0.193457931280136 
1899	 0.192145645618439 
1900	 0.190884202718735 
1901	 0.189675480127335 
1902	 0.18839468061924 
1903	 0.187188684940338 
1904	 0.185998618602753 
1905	 0.184811636805534 
1906	 0.18363618850708 
1907	 0.182582899928093 
1908	 0.181519523262978 
1909	 0.180486142635345 
1910	 0.179502204060555 
1911	 0.178483963012695 
1912	 0.177514404058456 
1913	 0.176546081900597 
1914	 0.175572067499161 
1915	 0.174628913402557 
1916	 0.173726797103882 
1917	 0.17277917265892 
1918	 0.171868085861206 
1919	 0.170965045690536 
1920	 0.169990569353104 
1921	 0.169074013829231 
1922	 0.168126463890076 
1923	 0.167143389582634 
1924	 0.166251674294472 
1925	 0.165325194597244 
1926	 0.16442134976387 
1927	 0.16354563832283 
1928	 0.162676885724068 
1929	 0.16179059445858 
1930	 0.160964578390121 
1931	 0.160168200731277 
1932	 0.15939462184906 
1933	 0.158722713589668 
1934	 0.158093556761742 
1935	 0.157527923583984 
1936	 0.157061994075775 
1937	 0.156649231910706 
1938	 0.156299084424973 
1939	 0.156023919582367 
1940	 0.155821040272713 
1941	 0.155673056840897 
1942	 0.155603140592575 
1943	 0.155590936541557 
1944	 0.155647203326225 
1945	 0.155778825283051 
1946	 0.155978232622147 
1947	 0.156224071979523 
1948	 0.156560629606247 
1949	 0.156988769769669 
1950	 0.157472223043442 
1951	 0.15803337097168 
1952	 0.15867181122303 
1953	 0.159378692507744 
1954	 0.160145476460457 
1955	 0.161020219326019 
1956	 0.161912888288498 
1957	 0.16283854842186 
1958	 0.163783833384514 
1959	 0.164655417203903 
1960	 0.165519759058952 
1961	 0.166303068399429 
1962	 0.16702364385128 
1963	 0.167685851454735 
1964	 0.168303340673447 
1965	 0.168826162815094 
1966	 0.169275149703026 
1967	 0.169666647911072 
1968	 0.169979229569435 
1969	 0.170275017619133 
1970	 0.170541480183601 
1971	 0.17081293463707 
1972	 0.171111837029457 
1973	 0.171412199735641 
1974	 0.171742141246796 
1975	 0.172114059329033 
1976	 0.172481536865234 
1977	 0.172847241163254 
1978	 0.173249676823616 
1979	 0.173668667674065 
1980	 0.174104005098343 
1981	 0.174602255225182 
1982	 0.175112545490265 
1983	 0.175662338733673 
1984	 0.176259100437164 
1985	 0.176837891340256 
1986	 0.177454307675362 
1987	 0.178135842084885 
1988	 0.178813397884369 
1989	 0.179625123739243 
1990	 0.18053987622261 
1991	 0.181503891944885 
1992	 0.182547867298126 
1993	 0.183694019913673 
1994	 0.184811130166054 
1995	 0.186015993356705 
1996	 0.187269613146782 
1997	 0.188547074794769 
1998	 0.189889043569565 
1999	 0.191337078809738 
2000	 0.192708060145378 
2001	 0.194153532385826 
2002	 0.195467442274094 
2003	 0.196710094809532 
2004	 0.197937950491905 
2005	 0.199094280600548 
2006	 0.200235038995743 
2007	 0.201395943760872 
2008	 0.202441900968552 
2009	 0.203449353575706 
2010	 0.204428017139435 
2011	 0.205278605222702 
2012	 0.206115156412125 
2013	 0.206908255815506 
2014	 0.207627832889557 
2015	 0.208337187767029 
2016	 0.209031984210014 
2017	 0.209675639867783 
2018	 0.210294157266617 
2019	 0.210855484008789 
2020	 0.211358964443207 
2021	 0.211833328008652 
2022	 0.212262004613876 
2023	 0.212642595171928 
2024	 0.213035613298416 
2025	 0.213413298130035 
2026	 0.213760778307915 
2027	 0.214102119207382 
2028	 0.214399978518486 
2029	 0.214645147323608 
2030	 0.214893072843552 
2031	 0.215108260512352 
2032	 0.215329483151436 
2033	 0.215544208884239 
2034	 0.215754836797714 
2035	 0.215971365571022 
2036	 0.216165706515312 
2037	 0.216332957148552 
2038	 0.216509059071541 
2039	 0.216652691364288 
2040	 0.216751933097839 
2041	 0.216888442635536 
2042	 0.21701517701149 
2043	 0.217157125473022 
2044	 0.21733783185482 
2045	 0.217485979199409 
2046	 0.217625021934509 
2047	 0.217757776379585 
2048	 0.21786941587925 
2049	 0.217983216047287 
2050	 0.218095287680626 
2051	 0.218207314610481 
2052	 0.218306958675385 
2053	 0.218416929244995 
2054	 0.218506783246994 
2055	 0.218583390116692 
2056	 0.218660414218903 
2057	 0.218733206391335 
2058	 0.218789860606194 
2059	 0.218825846910477 
2060	 0.218881666660309 
2061	 0.21893322467804 
2062	 0.218987569212914 
2063	 0.219062075018883 
2064	 0.219124481081963 
2065	 0.219169646501541 
2066	 0.219221368432045 
2067	 0.219297766685486 
2068	 0.219370976090431 
2069	 0.219448164105415 
2070	 0.219544425606728 
2071	 0.219619154930115 
2072	 0.219671502709389 
2073	 0.219755187630653 
2074	 0.219849810004234 
2075	 0.219942793250084 
2076	 0.220072627067566 
2077	 0.220156311988831 
2078	 0.220219627022743 
2079	 0.220270067453384 
2080	 0.220281064510345 
2081	 0.220309227705002 
2082	 0.220344915986061 
2083	 0.220362335443497 
2084	 0.220379322767258 
2085	 0.220399022102356 
2086	 0.220411196351051 
2087	 0.220419570803642 
2088	 0.220411241054535 
2089	 0.22039969265461 
2090	 0.220369920134544 
2091	 0.220308393239975 
2092	 0.220261588692665 
2093	 0.220222949981689 
2094	 0.220167472958565 
2095	 0.220111653208733 
2096	 0.220038592815399 
2097	 0.219953581690788 
2098	 0.219838693737984 
2099	 0.219745114445686 
2100	 0.219653412699699 
2101	 0.219537451863289 
2102	 0.219416752457619 
2103	 0.219291165471077 
2104	 0.219136580824852 
2105	 0.218999102711678 
2106	 0.218889757990837 
2107	 0.218731209635735 
2108	 0.218548253178596 
2109	 0.2183678150177 
2110	 0.218142181634903 
2111	 0.217954322695732 
2112	 0.217798173427582 
2113	 0.217616900801659 
2114	 0.217446699738503 
2115	 0.217257708311081 
2116	 0.217033490538597 
2117	 0.216822221875191 
2118	 0.216625317931175 
2119	 0.21643491089344 
2120	 0.216238915920258 
2121	 0.216041296720505 
2122	 0.215871095657349 
2123	 0.215699419379234 
2124	 0.215550050139427 
2125	 0.215458527207375 
2126	 0.215318232774734 
2127	 0.215145066380501 
2128	 0.215004548430443 
2129	 0.214861541986465 
2130	 0.214725881814957 
2131	 0.214617341756821 
2132	 0.214502394199371 
2133	 0.214382708072662 
2134	 0.214262500405312 
2135	 0.214152365922928 
2136	 0.21404992043972 
2137	 0.213932976126671 
2138	 0.213805377483368 
2139	 0.213690459728241 
2140	 0.213580161333084 
2141	 0.213457360863686 
2142	 0.213333487510681 
2143	 0.213211938738823 
2144	 0.213078498840332 
2145	 0.212952300906181 
2146	 0.212831810116768 
2147	 0.21271675825119 
2148	 0.212600842118263 
2149	 0.212491318583488 
2150	 0.212406978011131 
2151	 0.212299928069115 
2152	 0.212184399366379 
2153	 0.212059900164604 
2154	 0.211930677294731 
2155	 0.211800783872604 
2156	 0.211672410368919 
2157	 0.211552858352661 
2158	 0.211414203047752 
2159	 0.211281999945641 
2160	 0.211100608110428 
2161	 0.210885629057884 
2162	 0.21067950129509 
2163	 0.21044234931469 
2164	 0.210215091705322 
2165	 0.209997326135635 
2166	 0.209767177700996 
2167	 0.209519594907761 
2168	 0.209279134869576 
2169	 0.209020107984543 
2170	 0.208797305822372 
2171	 0.208584234118462 
2172	 0.20838962495327 
2173	 0.208222523331642 
2174	 0.20807671546936 
2175	 0.207932025194168 
2176	 0.207773566246033 
2177	 0.2076475918293 
2178	 0.207537591457367 
2179	 0.207437202334404 
2180	 0.2073605209589 
2181	 0.207276195287704 
2182	 0.207205474376678 
2183	 0.207113474607468 
2184	 0.207023054361343 
2185	 0.206912755966187 
2186	 0.20677138864994 
2187	 0.206651985645294 
2188	 0.206523001194 
2189	 0.206412851810455 
2190	 0.206348299980164 
2191	 0.206229284405708 
2192	 0.206103026866913 
2193	 0.205950513482094 
2194	 0.205738708376884 
2195	 0.205549865961075 
2196	 0.205376252532005 
2197	 0.205170869827271 
2198	 0.204958215355873 
2199	 0.204722985625267 
2200	 0.204467564821243 
2201	 0.204173803329468 
2202	 0.203890293836594 
2203	 0.203600779175758 
2204	 0.203302621841431 
2205	 0.20298758149147 
2206	 0.20267927646637 
2207	 0.20236149430275 
2208	 0.202056586742401 
2209	 0.201763808727264 
2210	 0.201459661126137 
2211	 0.201141610741615 
2212	 0.200853198766708 
2213	 0.200548693537712 
2214	 0.200298517942429 
2215	 0.200088694691658 
2216	 0.199898958206177 
2217	 0.199738681316376 
2218	 0.199604600667953 
2219	 0.199495211243629 
2220	 0.199420556426048 
2221	 0.199386358261108 
2222	 0.199369296431541 
2223	 0.199379742145538 
2224	 0.199399366974831 
2225	 0.19942407310009 
2226	 0.199420422315598 
2227	 0.199385553598404 
2228	 0.199338153004646 
2229	 0.199248224496841 
2230	 0.199137583374977 
2231	 0.198954895138741 
2232	 0.198731452226639 
2233	 0.198441028594971 
2234	 0.19809764623642 
2235	 0.197667896747589 
2236	 0.197180107235909 
2237	 0.196607545018196 
2238	 0.195918723940849 
2239	 0.195208266377449 
2240	 0.19445276260376 
2241	 0.193613991141319 
2242	 0.192742347717285 
2243	 0.191752150654793 
2244	 0.190641105175018 
2245	 0.189490884542465 
2246	 0.188192322850227 
2247	 0.186932146549225 
2248	 0.185663610696793 
2249	 0.184348031878471 
2250	 0.183018654584885 
2251	 0.181684300303459 
2252	 0.180194780230522 
2253	 0.178749859333038 
2254	 0.177277684211731 
2255	 0.175791725516319 
2256	 0.174462467432022 
2257	 0.173100024461746 
2258	 0.17177914083004 
2259	 0.170532673597336 
2260	 0.169234663248062 
2261	 0.167895674705505 
2262	 0.166653603315353 
2263	 0.165403246879578 
2264	 0.164264604449272 
2265	 0.16323433816433 
2266	 0.162195980548859 
2267	 0.161220997571945 
2268	 0.160251632332802 
2269	 0.159271374344826 
2270	 0.158391356468201 
2271	 0.157570198178291 
2272	 0.156785801053047 
2273	 0.156109437346458 
2274	 0.155392199754715 
2275	 0.154724642634392 
2276	 0.153991997241974 
2277	 0.153240472078323 
2278	 0.15246419608593 
2279	 0.151616588234901 
2280	 0.150787085294724 
2281	 0.149997934699059 
2282	 0.149113044142723 
2283	 0.148181840777397 
2284	 0.147245302796364 
2285	 0.146155923604965 
2286	 0.145089343190193 
2287	 0.143967598676682 
2288	 0.142789706587791 
2289	 0.141661196947098 
2290	 0.140447229146957 
2291	 0.139238655567169 
2292	 0.138047069311142 
2293	 0.136786505579948 
2294	 0.135555192828178 
2295	 0.134323492646217 
2296	 0.133082568645477 
2297	 0.131990775465965 
2298	 0.130947068333626 
2299	 0.130051746964455 
2300	 0.129289016127586 
2301	 0.128650307655334 
2302	 0.12809656560421 
2303	 0.127762243151665 
2304	 0.127587139606476 
2305	 0.127592504024506 
2306	 0.127811923623085 
2307	 0.128164127469063 
2308	 0.128664910793304 
2309	 0.129384323954582 
2310	 0.130343854427338 
2311	 0.13136713206768 
2312	 0.132670119404793 
2313	 0.133881866931915 
2314	 0.135177031159401 
2315	 0.136413618922234 
2316	 0.137675613164902 
2317	 0.13882677257061 
2318	 0.139946028590202 
2319	 0.140939354896545 
2320	 0.141883760690689 
2321	 0.14265775680542 
2322	 0.143277540802956 
2323	 0.143812760710716 
2324	 0.144162714481354 
2325	 0.144480466842651 
2326	 0.144753381609917 
2327	 0.144907355308533 
2328	 0.144971996545792 
2329	 0.144934952259064 
2330	 0.144765511155128 
2331	 0.144504964351654 
2332	 0.144224524497986 
2333	 0.143821820616722 
2334	 0.143309623003006 
2335	 0.1427381336689 
2336	 0.142031714320183 
2337	 0.141233757138252 
2338	 0.140438005328178 
2339	 0.139606952667236 
2340	 0.138825878500938 
2341	 0.138090565800667 
2342	 0.137379333376884 
2343	 0.136763662099838 
2344	 0.136192440986633 
2345	 0.135743260383606 
2346	 0.135501980781555 
2347	 0.135429039597511 
2348	 0.135515600442886 
2349	 0.135852634906769 
2350	 0.136290967464447 
2351	 0.136836349964142 
2352	 0.13756437599659 
2353	 0.138312608003616 
2354	 0.139051526784897 
2355	 0.139821529388428 
2356	 0.140502735972404 
2357	 0.141051024198532 
2358	 0.141559824347496 
2359	 0.1419498026371 
2360	 0.14221203327179 
2361	 0.14240737259388 
2362	 0.142537280917168 
2363	 0.142572745680809 
2364	 0.142528519034386 
2365	 0.142450973391533 
2366	 0.142324000597 
2367	 0.142164707183838 
2368	 0.141983732581139 
2369	 0.141805022954941 
2370	 0.141648501157761 
2371	 0.141453444957733 
2372	 0.141269147396088 
2373	 0.141095489263535 
2374	 0.140852347016335 
2375	 0.140642389655113 
2376	 0.14049306511879 
2377	 0.140332460403442 
2378	 0.140143662691116 
2379	 0.139916211366653 
2380	 0.139669194817543 
2381	 0.139402344822884 
2382	 0.139176860451698 
2383	 0.139015853404999 
2384	 0.138810738921165 
2385	 0.138601005077362 
2386	 0.138357371091843 
2387	 0.138085216283798 
2388	 0.137801676988602 
2389	 0.137491852045059 
2390	 0.137211605906487 
2391	 0.13691546022892 
2392	 0.136628180742264 
2393	 0.136368185281754 
2394	 0.136101707816124 
2395	 0.135847479104996 
2396	 0.135570287704468 
2397	 0.135287031531334 
2398	 0.134964555501938 
2399	 0.134589016437531 
2400	 0.134275987744331 
2401	 0.133949220180511 
2402	 0.13373526930809 
2403	 0.13354180753231 
2404	 0.133333057165146 
2405	 0.133071705698967 
2406	 0.132780462503433 
2407	 0.132493868470192 
2408	 0.13213986158371 
2409	 0.131812661886215 
2410	 0.131643891334534 
2411	 0.131467998027802 
2412	 0.131262913346291 
2413	 0.131115302443504 
2414	 0.130884632468224 
2415	 0.130643665790558 
2416	 0.130478590726852 
2417	 0.130218729376793 
2418	 0.129923984408379 
2419	 0.129665657877922 
2420	 0.129435941576958 
2421	 0.129344865679741 
2422	 0.129275918006897 
2423	 0.129133358597755 
2424	 0.128978848457336 
2425	 0.128765076398849 
2426	 0.128583401441574 
2427	 0.128442406654358 
2428	 0.128245696425438 
2429	 0.128096178174019 
2430	 0.127968356013298 
2431	 0.12789461016655 
2432	 0.127811178565025 
2433	 0.127639085054398 
2434	 0.127446040511131 
2435	 0.12721286714077 
2436	 0.127059563994408 
2437	 0.126899048686028 
2438	 0.126747772097588 
2439	 0.126607999205589 
2440	 0.126310810446739 
2441	 0.126186937093735 
2442	 0.126183271408081 
2443	 0.12599141895771 
2444	 0.125927090644836 
2445	 0.125865787267685 
2446	 0.125712096691132 
2447	 0.125761151313782 
2448	 0.12568935751915 
2449	 0.125534862279892 
2450	 0.125376835465431 
2451	 0.12518273293972 
2452	 0.125349938869476 
2453	 0.125515654683113 
2454	 0.125538393855095 
2455	 0.125568106770515 
2456	 0.12525475025177 
2457	 0.125012561678886 
2458	 0.125043705105782 
2459	 0.125023558735847 
2460	 0.125075966119766 
2461	 0.125125586986542 
2462	 0.125095829367638 
2463	 0.125237226486206 
2464	 0.125490114092827 
2465	 0.125674247741699 
2466	 0.125894755125046 
2467	 0.125982031226158 
2468	 0.125946119427681 
2469	 0.12596620619297 
2470	 0.125961512327194 
2471	 0.125919818878174 
2472	 0.125983089208603 
2473	 0.126214206218719 
2474	 0.126436039805412 
2475	 0.126701608300209 
2476	 0.126869276165962 
2477	 0.126979529857635 
2478	 0.127220779657364 
2479	 0.127402052283287 
2480	 0.127720445394516 
2481	 0.127826914191246 
2482	 0.127619206905365 
2483	 0.127870321273804 
2484	 0.128073588013649 
2485	 0.12833996117115 
2486	 0.12873387336731 
2487	 0.129000097513199 
2488	 0.129336789250374 
2489	 0.129707023501396 
2490	 0.129805743694305 
2491	 0.129896715283394 
2492	 0.130100578069687 
2493	 0.130529835820198 
2494	 0.131058812141418 
2495	 0.131528049707413 
2496	 0.132073238492012 
2497	 0.132306307554245 
2498	 0.132611155509949 
2499	 0.133131995797157 
2500	 0.13314326107502 
