Wavelength	Y7.020
350	 9.75536108016968E-02 
351	 9.05208215117455E-02 
352	 8.59864205121994E-02 
353	 8.63788425922394E-02 
354	 8.67429003119469E-02 
355	 8.68758857250214E-02 
356	 8.46494883298874E-02 
357	 7.94289633631706E-02 
358	 7.47616663575172E-02 
359	 7.29716196656227E-02 
360	 7.32243582606316E-02 
361	 7.30844587087631E-02 
362	 7.29836225509644E-02 
363	 0.070671446621418 
364	 6.71211928129196E-02 
365	 6.75423145294189E-02 
366	 6.88229352235794E-02 
367	 6.83639422059059E-02 
368	 6.54788911342621E-02 
369	 6.46376758813858E-02 
370	 6.59281089901924E-02 
371	 6.69319182634354E-02 
372	 6.45664408802986E-02 
373	 6.28164783120155E-02 
374	 0.062162559479475 
375	 6.23448304831982E-02 
376	 0.062685489654541 
377	 6.31799697875977E-02 
378	 6.25675991177559E-02 
379	 6.03722296655178E-02 
380	 0.05947170779109 
381	 5.94772361218929E-02 
382	 5.92709630727768E-02 
383	 5.77540174126625E-02 
384	 5.81391640007496E-02 
385	 5.81854991614819E-02 
386	 5.69602623581886E-02 
387	 5.64016923308373E-02 
388	 5.52629753947258E-02 
389	 5.41029870510101E-02 
390	 5.36732785403728E-02 
391	 5.37150651216507E-02 
392	 0.054021954536438 
393	 5.43484054505825E-02 
394	 5.44059686362743E-02 
395	 5.35031892359257E-02 
396	 5.31114488840103E-02 
397	 0.053578145802021 
398	 5.30400834977627E-02 
399	 5.19172511994839E-02 
400	 5.08922450244427E-02 
401	 5.04964217543602E-02 
402	 5.01502007246017E-02 
403	 5.05693964660168E-02 
404	 5.09975031018257E-02 
405	 4.98318523168564E-02 
406	 4.95500266551971E-02 
407	 0.049305371940136 
408	 4.86097261309624E-02 
409	 4.86586168408394E-02 
410	 4.85139340162277E-02 
411	 4.81589660048485E-02 
412	 4.78625372052193E-02 
413	 4.77755963802338E-02 
414	 4.72489595413208E-02 
415	 4.66466173529625E-02 
416	 4.71463203430176E-02 
417	 4.67858910560608E-02 
418	 4.65859547257423E-02 
419	 4.70925308763981E-02 
420	 0.046452134847641 
421	 4.61871512234211E-02 
422	 4.63068634271622E-02 
423	 4.62576597929001E-02 
424	 4.62391451001167E-02 
425	 4.60519641637802E-02 
426	 4.57767695188522E-02 
427	 0.045828852802515 
428	 4.53344993293285E-02 
429	 4.49279062449932E-02 
430	 4.51160110533237E-02 
431	 4.49830032885075E-02 
432	 4.50417511165142E-02 
433	 4.50818203389645E-02 
434	 4.46183420717716E-02 
435	 4.46084588766098E-02 
436	 4.45979461073875E-02 
437	 0.044321209192276 
438	 0.044040858745575 
439	 4.39278446137905E-02 
440	 0.043946597725153 
441	 0.043981309980154 
442	 4.38878498971462E-02 
443	 4.40689586102962E-02 
444	 4.43159826099873E-02 
445	 4.39962297677994E-02 
446	 4.39412407577038E-02 
447	 4.39231880009174E-02 
448	 4.37544137239456E-02 
449	 4.37376201152802E-02 
450	 4.35716696083546E-02 
451	 4.34214770793915E-02 
452	 4.35233563184738E-02 
453	 4.33750711381435E-02 
454	 4.33818139135838E-02 
455	 4.35731746256351E-02 
456	 4.35079596936703E-02 
457	 0.043507169932127 
458	 4.34407033026218E-02 
459	 4.32325713336468E-02 
460	 4.32695895433426E-02 
461	 4.32132557034492E-02 
462	 4.29967232048512E-02 
463	 4.27555665373802E-02 
464	 0.042934987694025 
465	 4.30286340415478E-02 
466	 4.28215935826302E-02 
467	 4.27047312259674E-02 
468	 0.042695052921772 
469	 4.26637344062328E-02 
470	 4.25384491682053E-02 
471	 4.27502952516079E-02 
472	 4.26874794065952E-02 
473	 4.23795208334923E-02 
474	 4.23677489161491E-02 
475	 4.24699038267136E-02 
476	 4.25076819956303E-02 
477	 4.24159467220306E-02 
478	 4.23934794962406E-02 
479	 4.22116704285145E-02 
480	 4.20398414134979E-02 
481	 4.21126671135426E-02 
482	 4.20189052820206E-02 
483	 4.20688390731812E-02 
484	 4.22274544835091E-02 
485	 4.20239865779877E-02 
486	 4.20399941504002E-02 
487	 4.20458354055882E-02 
488	 4.18134704232216E-02 
489	 4.16856184601784E-02 
490	 4.17339093983173E-02 
491	 4.18490171432495E-02 
492	 4.18295972049236E-02 
493	 4.17450778186321E-02 
494	 4.17323596775532E-02 
495	 4.18021567165852E-02 
496	 4.17502857744694E-02 
497	 4.15908545255661E-02 
498	 0.041477557271719 
499	 4.15383316576481E-02 
500	 4.15806844830513E-02 
501	 4.15073074400425E-02 
502	 4.13575060665607E-02 
503	 0.041279673576355 
504	 4.12058793008327E-02 
505	 4.11215238273144E-02 
506	 4.10642214119434E-02 
507	 4.12158854305744E-02 
508	 4.11288142204285E-02 
509	 4.09399047493935E-02 
510	 4.09883186221123E-02 
511	 4.10001277923584E-02 
512	 4.09649387001991E-02 
513	 4.09290678799152E-02 
514	 4.09843847155571E-02 
515	 0.040833592414856 
516	 4.06656414270401E-02 
517	 4.06763106584549E-02 
518	 4.06134277582169E-02 
519	 4.05951738357544E-02 
520	 4.06168699264526E-02 
521	 4.05889824032784E-02 
522	 4.05263639986515E-02 
523	 4.04350645840168E-02 
524	 4.03530970215797E-02 
525	 4.03973273932934E-02 
526	 4.03438657522202E-02 
527	 4.02749367058277E-02 
528	 4.03259173035622E-02 
529	 4.02590073645115E-02 
530	 4.02071624994278E-02 
531	 4.02134656906128E-02 
532	 4.02021519839764E-02 
533	 4.01507019996643E-02 
534	 4.01091352105141E-02 
535	 4.01045195758343E-02 
536	 4.00447696447372E-02 
537	 0.039992842823267 
538	 3.99624034762383E-02 
539	 3.99360433220863E-02 
540	 3.98815162479877E-02 
541	 0.039865504950285 
542	 3.98952625691891E-02 
543	 3.98654527962208E-02 
544	 0.039837222546339 
545	 3.98002713918686E-02 
546	 3.97419333457947E-02 
547	 3.97295020520687E-02 
548	 3.97442951798439E-02 
549	 3.97603698074818E-02 
550	 3.97498272359371E-02 
551	 3.97130958735943E-02 
552	 3.96776236593723E-02 
553	 3.96666377782822E-02 
554	 3.96807864308357E-02 
555	 3.97067405283451E-02 
556	 3.97133976221085E-02 
557	 3.96702513098717E-02 
558	 3.96062731742859E-02 
559	 3.95987033843994E-02 
560	 0.039628978818655 
561	 3.95425073802471E-02 
562	 3.95119786262512E-02 
563	 3.95197905600071E-02 
564	 3.95193509757519E-02 
565	 3.95756624639034E-02 
566	 3.95456105470657E-02 
567	 3.94630134105682E-02 
568	 3.94828543066978E-02 
569	 3.94768267869949E-02 
570	 3.94692830741405E-02 
571	 3.94841358065605E-02 
572	 3.94934304058552E-02 
573	 3.95346954464912E-02 
574	 3.95639650523663E-02 
575	 3.95263135433197E-02 
576	 3.95061746239662E-02 
577	 3.94777059555054E-02 
578	 3.94388139247894E-02 
579	 3.94225530326366E-02 
580	 3.94381172955036E-02 
581	 3.94624024629593E-02 
582	 3.94666492938995E-02 
583	 3.94252650439739E-02 
584	 3.94213944673538E-02 
585	 3.94500158727169E-02 
586	 3.94528098404408E-02 
587	 0.039412222802639 
588	 3.93959172070026E-02 
589	 3.94194759428501E-02 
590	 3.93977053463459E-02 
591	 3.93779948353767E-02 
592	 3.93759086728096E-02 
593	 3.93907390534878E-02 
594	 3.93949300050735E-02 
595	 3.93796861171722E-02 
596	 3.93673814833164E-02 
597	 3.94002683460712E-02 
598	 3.93785648047924E-02 
599	 3.93564775586128E-02 
600	 3.93749177455902E-02 
601	 3.93713265657425E-02 
602	 3.93992140889168E-02 
603	 0.039435837417841 
604	 0.039431169629097 
605	 3.93919907510281E-02 
606	 0.039361447095871 
607	 0.03935956209898 
608	 0.039373692125082 
609	 3.93627695739269E-02 
610	 3.93554233014584E-02 
611	 3.93813289701939E-02 
612	 3.94136942923069E-02 
613	 3.94258946180344E-02 
614	 3.94223295152187E-02 
615	 3.94244715571404E-02 
616	 3.93899790942669E-02 
617	 3.93887087702751E-02 
618	 3.94386388361454E-02 
619	 3.94399762153625E-02 
620	 3.94682474434376E-02 
621	 3.94837111234665E-02 
622	 3.94411757588387E-02 
623	 3.94539684057236E-02 
624	 3.94661165773869E-02 
625	 3.94652783870697E-02 
626	 3.94848622381687E-02 
627	 3.95056344568729E-02 
628	 3.95081080496311E-02 
629	 3.94939109683037E-02 
630	 3.95183078944683E-02 
631	 3.95281463861465E-02 
632	 3.95548343658447E-02 
633	 3.96378599107265E-02 
634	 3.95959354937077E-02 
635	 0.03960095718503 
636	 3.96868921816349E-02 
637	 3.96818816661835E-02 
638	 3.96774969995022E-02 
639	 3.96916531026363E-02 
640	 3.97173464298248E-02 
641	 3.97207923233509E-02 
642	 3.97409088909626E-02 
643	 3.97708863019943E-02 
644	 3.97800207138062E-02 
645	 0.039802648127079 
646	 3.98228280246258E-02 
647	 3.98374125361443E-02 
648	 0.039874654263258 
649	 3.99036593735218E-02 
650	 3.99354137480259E-02 
651	 3.99782955646515E-02 
652	 3.99707965552807E-02 
653	 3.99760454893112E-02 
654	 4.00101318955421E-02 
655	 4.00476865470409E-02 
656	 4.00945954024792E-02 
657	 4.01211343705654E-02 
658	 4.01270464062691E-02 
659	 4.01883237063885E-02 
660	 4.02199141681194E-02 
661	 4.02385070919991E-02 
662	 4.02853414416313E-02 
663	 4.03150990605354E-02 
664	 4.03331480920315E-02 
665	 4.03662584722042E-02 
666	 4.04538288712502E-02 
667	 4.04780134558678E-02 
668	 0.040509931743145 
669	 0.040598887950182 
670	 4.06350530683994E-02 
671	 4.06952314078808E-02 
672	 4.07611019909382E-02 
673	 4.07885238528252E-02 
674	 4.08656485378742E-02 
675	 4.09650579094887E-02 
676	 4.10513579845428E-02 
677	 4.10935096442699E-02 
678	 4.11449559032917E-02 
679	 4.12314273416996E-02 
680	 4.13528122007847E-02 
681	 4.14588712155819E-02 
682	 4.15598452091217E-02 
683	 4.16678451001644E-02 
684	 4.17903587222099E-02 
685	 4.18813191354275E-02 
686	 4.19854260981083E-02 
687	 0.042132094502449 
688	 4.23167869448662E-02 
689	 4.24779616296291E-02 
690	 4.26305532455444E-02 
691	 4.28094081580639E-02 
692	 4.30400222539902E-02 
693	 4.32504937052727E-02 
694	 0.043471772223711 
695	 4.37823832035065E-02 
696	 4.40462045371532E-02 
697	 4.43115122616291E-02 
698	 4.46278341114521E-02 
699	 4.50111739337444E-02 
700	 4.54209521412849E-02 
701	 4.58452887833118E-02 
702	 4.62900698184967E-02 
703	 0.046784270554781 
704	 0.047349039465189 
705	 4.79621775448322E-02 
706	 4.85816672444344E-02 
707	 4.92900386452675E-02 
708	 5.00679910182953E-02 
709	 5.09053505957127E-02 
710	 5.18291480839252E-02 
711	 5.28581440448761E-02 
712	 5.39585538208485E-02 
713	 5.51148802042007E-02 
714	 5.64498566091061E-02 
715	 5.78980483114719E-02 
716	 5.94462789595127E-02 
717	 6.11277148127556E-02 
718	 0.062973640859127 
719	 6.49721920490265E-02 
720	 6.71175494790077E-02 
721	 6.94298297166824E-02 
722	 7.19622895121574E-02 
723	 7.46912211179733E-02 
724	 7.75862187147141E-02 
725	 8.07106867432594E-02 
726	 8.40403214097023E-02 
727	 8.75944197177887E-02 
728	 9.14162844419479E-02 
729	 9.54267680644989E-02 
730	 9.96416285634041E-02 
731	 0.104081027209759 
732	 0.108753830194473 
733	 0.113645650446415 
734	 0.118731312453747 
735	 0.124003253877163 
736	 0.129474669694901 
737	 0.135122552514076 
738	 0.140925884246826 
739	 0.146860972046852 
740	 0.152914553880692 
741	 0.159060180187225 
742	 0.165278032422066 
743	 0.171585500240326 
744	 0.177954122424126 
745	 0.184370636940002 
746	 0.190816789865494 
747	 0.197242945432663 
748	 0.203630313277245 
749	 0.210000440478325 
750	 0.216386020183563 
751	 0.222691103816032 
752	 0.228909805417061 
753	 0.23503640294075 
754	 0.24105878174305 
755	 0.247034847736359 
756	 0.252894371747971 
757	 0.258589863777161 
758	 0.264213293790817 
759	 0.269730657339096 
760	 0.275146245956421 
761	 0.280467301607132 
762	 0.285625427961349 
763	 0.290625661611557 
764	 0.295512706041336 
765	 0.300373554229736 
766	 0.305068820714951 
767	 0.309614628553391 
768	 0.314058184623718 
769	 0.318446338176727 
770	 0.322670459747314 
771	 0.326772332191467 
772	 0.330823838710785 
773	 0.334749788045883 
774	 0.338567674160004 
775	 0.342292428016663 
776	 0.34593454003334 
777	 0.349488019943237 
778	 0.352972745895386 
779	 0.356390982866287 
780	 0.359704464673996 
781	 0.362910836935043 
782	 0.36605241894722 
783	 0.36916720867157 
784	 0.372228443622589 
785	 0.375218898057938 
786	 0.378128975629807 
787	 0.380957633256912 
788	 0.38374051451683 
789	 0.386470198631287 
790	 0.389133244752884 
791	 0.391721993684769 
792	 0.394358783960342 
793	 0.396927505731583 
794	 0.399356037378311 
795	 0.401802361011505 
796	 0.404207438230515 
797	 0.406594902276993 
798	 0.408985286951065 
799	 0.411251991987228 
800	 0.413489609956741 
801	 0.415717542171478 
802	 0.417895764112473 
803	 0.420102298259735 
804	 0.422297894954681 
805	 0.424429178237915 
806	 0.426448702812195 
807	 0.42852845788002 
808	 0.430605322122574 
809	 0.432595998048782 
810	 0.434546530246735 
811	 0.436503529548645 
812	 0.438471406698227 
813	 0.440420269966125 
814	 0.442269116640091 
815	 0.444113701581955 
816	 0.445957094430923 
817	 0.447722882032394 
818	 0.449563950300217 
819	 0.451384335756302 
820	 0.453113168478012 
821	 0.454782068729401 
822	 0.456501305103302 
823	 0.458225190639496 
824	 0.459895104169846 
825	 0.461567640304565 
826	 0.463187783956528 
827	 0.464784651994705 
828	 0.466399788856506 
829	 0.467902570962906 
830	 0.469492733478546 
831	 0.471142649650574 
832	 0.472629874944687 
833	 0.474081784486771 
834	 0.475561171770096 
835	 0.477081030607224 
836	 0.478595018386841 
837	 0.480068355798721 
838	 0.481502115726471 
839	 0.482929557561874 
840	 0.484462082386017 
841	 0.485822856426239 
842	 0.487105995416641 
843	 0.488514065742493 
844	 0.489948332309723 
845	 0.491349369287491 
846	 0.492698282003403 
847	 0.494015038013458 
848	 0.495352357625961 
849	 0.496714979410172 
850	 0.498079508543015 
851	 0.49939888715744 
852	 0.500767886638641 
853	 0.502128839492798 
854	 0.503440320491791 
855	 0.504765152931213 
856	 0.506071805953979 
857	 0.507380843162537 
858	 0.508705139160156 
859	 0.50998467206955 
860	 0.51123183965683 
861	 0.512535154819489 
862	 0.513947486877441 
863	 0.515102744102478 
864	 0.516278803348541 
865	 0.517557144165039 
866	 0.518811464309692 
867	 0.520024061203003 
868	 0.52123761177063 
869	 0.522496402263641 
870	 0.523823738098145 
871	 0.5250004529953 
872	 0.526159465312958 
873	 0.527406752109528 
874	 0.528614640235901 
875	 0.529755115509033 
876	 0.530876636505127 
877	 0.532039344310761 
878	 0.533231794834137 
879	 0.534432113170624 
880	 0.535608410835266 
881	 0.536730766296387 
882	 0.53779137134552 
883	 0.538917660713196 
884	 0.540096521377563 
885	 0.541212379932404 
886	 0.542291522026062 
887	 0.543354272842407 
888	 0.544427156448364 
889	 0.545530378818512 
890	 0.54655647277832 
891	 0.547534704208374 
892	 0.548524916172028 
893	 0.549587249755859 
894	 0.550723969936371 
895	 0.551762521266937 
896	 0.552638113498688 
897	 0.55366313457489 
898	 0.554723501205444 
899	 0.555743873119354 
900	 0.556679725646973 
901	 0.557554364204407 
902	 0.55848628282547 
903	 0.559471011161804 
904	 0.560434699058533 
905	 0.561333298683167 
906	 0.562219679355621 
907	 0.563111960887909 
908	 0.56399130821228 
909	 0.564792096614838 
910	 0.565628111362457 
911	 0.566548705101013 
912	 0.567508697509766 
913	 0.56838983297348 
914	 0.569258093833923 
915	 0.570143938064575 
916	 0.570990025997162 
917	 0.571863830089569 
918	 0.572713732719421 
919	 0.573507308959961 
920	 0.574291825294495 
921	 0.575066983699799 
922	 0.575863838195801 
923	 0.576696813106537 
924	 0.577530562877655 
925	 0.578293323516846 
926	 0.579083323478699 
927	 0.579965353012085 
928	 0.580688238143921 
929	 0.581482768058777 
930	 0.582290291786194 
931	 0.582998156547546 
932	 0.583838403224945 
933	 0.584606647491455 
934	 0.585293233394623 
935	 0.586009979248047 
936	 0.586845695972443 
937	 0.587640047073364 
938	 0.588379085063934 
939	 0.589155733585358 
940	 0.589970648288727 
941	 0.590689778327942 
942	 0.591322064399719 
943	 0.592002093791962 
944	 0.592726290225983 
945	 0.593412756919861 
946	 0.594045639038086 
947	 0.594690322875977 
948	 0.595390796661377 
949	 0.596049547195435 
950	 0.596632480621338 
951	 0.597204566001892 
952	 0.597629904747009 
953	 0.598108470439911 
954	 0.598718702793121 
955	 0.59928172826767 
956	 0.599958598613739 
957	 0.600566029548645 
958	 0.601033627986908 
959	 0.601592898368835 
960	 0.602057456970215 
961	 0.602493047714233 
962	 0.602977991104126 
963	 0.603494048118591 
964	 0.60402899980545 
965	 0.604502499103546 
966	 0.604875683784485 
967	 0.605230212211609 
968	 0.605718672275543 
969	 0.606300234794617 
970	 0.606816589832306 
971	 0.606977701187134 
972	 0.607436656951904 
973	 0.607996582984924 
974	 0.608356535434723 
975	 0.608709335327148 
976	 0.609208881855011 
977	 0.609710335731506 
978	 0.610038578510284 
979	 0.610247731208801 
980	 0.610583543777466 
981	 0.610982716083527 
982	 0.611338257789612 
983	 0.611794173717499 
984	 0.612291574478149 
985	 0.612707495689392 
986	 0.612997710704803 
987	 0.613440096378326 
988	 0.613821744918823 
989	 0.614175200462341 
990	 0.614582777023315 
991	 0.614981234073639 
992	 0.615351915359497 
993	 0.615743637084961 
994	 0.61620020866394 
995	 0.616661548614502 
996	 0.617118716239929 
997	 0.617501258850098 
998	 0.617821395397186 
999	 0.618413031101227 
1000	 0.61896800994873 
1001	 0.617005348205566 
1002	 0.617427587509155 
1003	 0.617830693721771 
1004	 0.61826890707016 
1005	 0.618763387203217 
1006	 0.619206488132477 
1007	 0.619632363319397 
1008	 0.620066046714783 
1009	 0.620493590831757 
1010	 0.620899319648743 
1011	 0.621319532394409 
1012	 0.621705293655396 
1013	 0.622029781341553 
1014	 0.622394800186157 
1015	 0.622757017612457 
1016	 0.623117625713348 
1017	 0.623526871204376 
1018	 0.623968183994293 
1019	 0.624382138252258 
1020	 0.624773263931274 
1021	 0.625186443328857 
1022	 0.625606834888458 
1023	 0.626004278659821 
1024	 0.62640243768692 
1025	 0.626813352108002 
1026	 0.627203583717346 
1027	 0.627583861351013 
1028	 0.62798810005188 
1029	 0.62838876247406 
1030	 0.628693997859955 
1031	 0.62905889749527 
1032	 0.629432260990143 
1033	 0.629772067070007 
1034	 0.630156219005585 
1035	 0.630512595176697 
1036	 0.630849242210388 
1037	 0.631184279918671 
1038	 0.63149231672287 
1039	 0.631755471229553 
1040	 0.632048845291138 
1041	 0.63232034444809 
1042	 0.632622122764587 
1043	 0.632963299751282 
1044	 0.633279144763947 
1045	 0.633555769920349 
1046	 0.633857071399689 
1047	 0.634134292602539 
1048	 0.63441264629364 
1049	 0.634698092937469 
1050	 0.634974598884583 
1051	 0.635235190391541 
1052	 0.635483801364899 
1053	 0.635739207267761 
1054	 0.636005640029907 
1055	 0.636255919933319 
1056	 0.636507332324982 
1057	 0.63675194978714 
1058	 0.636982023715973 
1059	 0.637214481830597 
1060	 0.637475192546844 
1061	 0.637718915939331 
1062	 0.637992858886719 
1063	 0.638267755508423 
1064	 0.638505637645721 
1065	 0.638722956180573 
1066	 0.63893860578537 
1067	 0.639197289943695 
1068	 0.639489948749542 
1069	 0.639763474464417 
1070	 0.639997184276581 
1071	 0.640203356742859 
1072	 0.640397191047668 
1073	 0.640590608119965 
1074	 0.640825152397156 
1075	 0.641076564788818 
1076	 0.641301929950714 
1077	 0.641567528247833 
1078	 0.641804695129395 
1079	 0.642048895359039 
1080	 0.64232736825943 
1081	 0.642557680606842 
1082	 0.642767667770386 
1083	 0.642962694168091 
1084	 0.643181502819061 
1085	 0.643402218818665 
1086	 0.643625020980835 
1087	 0.643848538398743 
1088	 0.644111633300781 
1089	 0.644358575344086 
1090	 0.644565641880035 
1091	 0.644771277904511 
1092	 0.644980430603027 
1093	 0.645155608654022 
1094	 0.645357251167297 
1095	 0.645574808120728 
1096	 0.645739078521729 
1097	 0.645911335945129 
1098	 0.64608371257782 
1099	 0.646208584308624 
1100	 0.646365225315094 
1101	 0.646543920040131 
1102	 0.646682798862457 
1103	 0.646842420101166 
1104	 0.647031962871552 
1105	 0.647197842597961 
1106	 0.647332310676575 
1107	 0.647499740123749 
1108	 0.647636592388153 
1109	 0.647783100605011 
1110	 0.647917032241821 
1111	 0.648019373416901 
1112	 0.648145437240601 
1113	 0.648253619670868 
1114	 0.648373067378998 
1115	 0.648500561714172 
1116	 0.648609161376953 
1117	 0.648719549179077 
1118	 0.648825466632843 
1119	 0.64894425868988 
1120	 0.649023413658142 
1121	 0.64908891916275 
1122	 0.649136185646057 
1123	 0.649142980575562 
1124	 0.649129390716553 
1125	 0.649156212806702 
1126	 0.64915007352829 
1127	 0.649135529994965 
1128	 0.649119317531586 
1129	 0.649036407470703 
1130	 0.648940682411194 
1131	 0.648825645446777 
1132	 0.648694276809692 
1133	 0.64857280254364 
1134	 0.64844024181366 
1135	 0.648296713829041 
1136	 0.648144662380219 
1137	 0.647992789745331 
1138	 0.64782440662384 
1139	 0.647654473781586 
1140	 0.647479712963104 
1141	 0.647324800491333 
1142	 0.647158980369568 
1143	 0.64701235294342 
1144	 0.64685320854187 
1145	 0.646648228168488 
1146	 0.646440804004669 
1147	 0.646214604377747 
1148	 0.645960688591003 
1149	 0.645709335803986 
1150	 0.645413875579834 
1151	 0.645109057426453 
1152	 0.644798636436462 
1153	 0.644493043422699 
1154	 0.644145250320435 
1155	 0.643795967102051 
1156	 0.643382489681244 
1157	 0.642919898033142 
1158	 0.64245218038559 
1159	 0.641937553882599 
1160	 0.641426563262939 
1161	 0.640906155109406 
1162	 0.640335738658905 
1163	 0.639815807342529 
1164	 0.639273107051849 
1165	 0.638733327388763 
1166	 0.638251066207886 
1167	 0.637739241123199 
1168	 0.63724422454834 
1169	 0.636768698692322 
1170	 0.636314928531647 
1171	 0.635866284370422 
1172	 0.63543689250946 
1173	 0.634996235370636 
1174	 0.634557962417603 
1175	 0.634137451648712 
1176	 0.633725225925446 
1177	 0.633310735225677 
1178	 0.632930934429169 
1179	 0.632495701313019 
1180	 0.632063090801239 
1181	 0.631626009941101 
1182	 0.63115382194519 
1183	 0.630739212036133 
1184	 0.630342364311218 
1185	 0.629973113536835 
1186	 0.629614949226379 
1187	 0.629290461540222 
1188	 0.628963708877563 
1189	 0.628632545471191 
1190	 0.628329455852509 
1191	 0.628063142299652 
1192	 0.627791345119476 
1193	 0.627517938613892 
1194	 0.62726902961731 
1195	 0.627025365829468 
1196	 0.626797556877136 
1197	 0.626582801342011 
1198	 0.626403212547302 
1199	 0.626213252544403 
1200	 0.626069247722626 
1201	 0.625963568687439 
1202	 0.62584787607193 
1203	 0.625754237174988 
1204	 0.625711441040039 
1205	 0.625739932060242 
1206	 0.625805556774139 
1207	 0.625954329967499 
1208	 0.626173257827759 
1209	 0.626462519168854 
1210	 0.62679249048233 
1211	 0.627235472202301 
1212	 0.627770781517029 
1213	 0.62839663028717 
1214	 0.629131734371185 
1215	 0.629924654960632 
1216	 0.630828142166138 
1217	 0.6317418217659 
1218	 0.632729053497314 
1219	 0.633723020553589 
1220	 0.634717643260956 
1221	 0.635793387889862 
1222	 0.636817097663879 
1223	 0.637838959693909 
1224	 0.638819813728333 
1225	 0.639771103858948 
1226	 0.640691637992859 
1227	 0.641591310501099 
1228	 0.642451167106628 
1229	 0.643292129039764 
1230	 0.644076406955719 
1231	 0.64480996131897 
1232	 0.645521521568298 
1233	 0.646187305450439 
1234	 0.646820306777954 
1235	 0.647409379482269 
1236	 0.647995471954346 
1237	 0.648551285266876 
1238	 0.649096608161926 
1239	 0.649636209011078 
1240	 0.650156915187836 
1241	 0.650658786296844 
1242	 0.651128709316254 
1243	 0.651598930358887 
1244	 0.652062952518463 
1245	 0.652500987052917 
1246	 0.652917206287384 
1247	 0.653335392475128 
1248	 0.653733551502228 
1249	 0.654142737388611 
1250	 0.654572069644928 
1251	 0.654954314231873 
1252	 0.655322432518005 
1253	 0.655670464038849 
1254	 0.655992865562439 
1255	 0.656294941902161 
1256	 0.656579196453094 
1257	 0.656848013401031 
1258	 0.657098412513733 
1259	 0.657319962978363 
1260	 0.657503485679626 
1261	 0.657699763774872 
1262	 0.65787947177887 
1263	 0.658054530620575 
1264	 0.658219754695892 
1265	 0.658402562141418 
1266	 0.658542335033417 
1267	 0.65864497423172 
1268	 0.658754348754883 
1269	 0.658842444419861 
1270	 0.658947587013245 
1271	 0.659062147140503 
1272	 0.659156203269959 
1273	 0.659245669841766 
1274	 0.65933483839035 
1275	 0.659396171569824 
1276	 0.659482181072235 
1277	 0.659582912921906 
1278	 0.659686148166656 
1279	 0.659812748432159 
1280	 0.65991473197937 
1281	 0.660010933876038 
1282	 0.660101175308228 
1283	 0.660150349140167 
1284	 0.660234093666077 
1285	 0.660331964492798 
1286	 0.66044294834137 
1287	 0.660555303096771 
1288	 0.660701632499695 
1289	 0.66079568862915 
1290	 0.660858690738678 
1291	 0.66095107793808 
1292	 0.66103607416153 
1293	 0.661120891571045 
1294	 0.661232113838196 
1295	 0.661312580108643 
1296	 0.661367058753967 
1297	 0.661425590515137 
1298	 0.661490559577942 
1299	 0.661530196666718 
1300	 0.661539494991302 
1301	 0.661568582057953 
1302	 0.66159576177597 
1303	 0.661617398262024 
1304	 0.661658406257629 
1305	 0.661677002906799 
1306	 0.661673903465271 
1307	 0.66166877746582 
1308	 0.661654710769653 
1309	 0.661639332771301 
1310	 0.661611437797546 
1311	 0.661580622196198 
1312	 0.661527574062347 
1313	 0.661459028720856 
1314	 0.661385416984558 
1315	 0.661300718784332 
1316	 0.661202073097229 
1317	 0.661088168621063 
1318	 0.660981178283691 
1319	 0.660881459712982 
1320	 0.660740375518799 
1321	 0.660588562488556 
1322	 0.660422086715698 
1323	 0.660205721855164 
1324	 0.660015106201172 
1325	 0.659856081008911 
1326	 0.659651041030884 
1327	 0.659445703029633 
1328	 0.659195721149445 
1329	 0.658895909786224 
1330	 0.658592879772186 
1331	 0.658259868621826 
1332	 0.657923936843872 
1333	 0.657585561275482 
1334	 0.657226204872131 
1335	 0.656866848468781 
1336	 0.65650087594986 
1337	 0.656121134757996 
1338	 0.655736446380615 
1339	 0.655332446098328 
1340	 0.654913425445557 
1341	 0.654484689235687 
1342	 0.654045581817627 
1343	 0.65358966588974 
1344	 0.653129756450653 
1345	 0.652631819248199 
1346	 0.652112305164337 
1347	 0.651570022106171 
1348	 0.650989830493927 
1349	 0.650411665439606 
1350	 0.64980947971344 
1351	 0.649212241172791 
1352	 0.648612260818481 
1353	 0.648002147674561 
1354	 0.647375822067261 
1355	 0.64676558971405 
1356	 0.646145403385162 
1357	 0.645542025566101 
1358	 0.644971311092377 
1359	 0.644376754760742 
1360	 0.643777370452881 
1361	 0.643176138401031 
1362	 0.642550349235535 
1363	 0.641943514347076 
1364	 0.641330420970917 
1365	 0.64072972536087 
1366	 0.640099585056305 
1367	 0.639469742774963 
1368	 0.638802349567413 
1369	 0.638114333152771 
1370	 0.637399852275848 
1371	 0.636660814285278 
1372	 0.63590544462204 
1373	 0.635134398937225 
1374	 0.634328603744507 
1375	 0.633488237857819 
1376	 0.632635295391083 
1377	 0.63175493478775 
1378	 0.630846202373505 
1379	 0.629909634590149 
1380	 0.628965377807617 
1381	 0.627978622913361 
1382	 0.627003133296967 
1383	 0.626020789146423 
1384	 0.625045597553253 
1385	 0.62406724691391 
1386	 0.623106479644775 
1387	 0.622143983840942 
1388	 0.621226072311401 
1389	 0.620340645313263 
1390	 0.619465172290802 
1391	 0.618641674518585 
1392	 0.617783546447754 
1393	 0.6169673204422 
1394	 0.616124093532562 
1395	 0.615252077579498 
1396	 0.614393532276154 
1397	 0.613451063632965 
1398	 0.612484633922577 
1399	 0.611403524875641 
1400	 0.61027979850769 
1401	 0.609007775783539 
1402	 0.607631385326386 
1403	 0.606138050556183 
1404	 0.604516208171844 
1405	 0.602837741374969 
1406	 0.601058483123779 
1407	 0.599208533763886 
1408	 0.597246050834656 
1409	 0.595280468463898 
1410	 0.593231499195099 
1411	 0.591186463832855 
1412	 0.589095592498779 
1413	 0.587065398693085 
1414	 0.585013389587402 
1415	 0.583015024662018 
1416	 0.581041097640991 
1417	 0.579130470752716 
1418	 0.577273070812225 
1419	 0.575430274009705 
1420	 0.573625445365906 
1421	 0.571883380413055 
1422	 0.570166051387787 
1423	 0.568491041660309 
1424	 0.56692361831665 
1425	 0.565303444862366 
1426	 0.563777208328247 
1427	 0.562243938446045 
1428	 0.560675501823425 
1429	 0.559206128120422 
1430	 0.557633876800537 
1431	 0.556028962135315 
1432	 0.554367005825043 
1433	 0.552665293216705 
1434	 0.550914704799652 
1435	 0.54910683631897 
1436	 0.547252297401428 
1437	 0.545341551303864 
1438	 0.543445289134979 
1439	 0.541463792324066 
1440	 0.539584994316101 
1441	 0.537647008895874 
1442	 0.535944283008575 
1443	 0.53423410654068 
1444	 0.532895505428314 
1445	 0.531715154647827 
1446	 0.530940651893616 
1447	 0.530448794364929 
1448	 0.530320405960083 
1449	 0.530604720115662 
1450	 0.531101107597351 
1451	 0.531983852386475 
1452	 0.532977640628815 
1453	 0.534297645092011 
1454	 0.535593032836914 
1455	 0.537077724933624 
1456	 0.538511872291565 
1457	 0.539999306201935 
1458	 0.541448295116425 
1459	 0.54290384054184 
1460	 0.544326663017273 
1461	 0.545736014842987 
1462	 0.547089338302612 
1463	 0.54841160774231 
1464	 0.549694955348969 
1465	 0.550896227359772 
1466	 0.552132248878479 
1467	 0.553293883800507 
1468	 0.554430305957794 
1469	 0.55555647611618 
1470	 0.556580245494843 
1471	 0.557591140270233 
1472	 0.558565139770508 
1473	 0.559503674507141 
1474	 0.560407519340515 
1475	 0.561254978179932 
1476	 0.562080085277557 
1477	 0.562811732292175 
1478	 0.563476383686066 
1479	 0.564060926437378 
1480	 0.564582288265228 
1481	 0.565006375312805 
1482	 0.565336048603058 
1483	 0.565611839294434 
1484	 0.565772354602814 
1485	 0.56595379114151 
1486	 0.566053211688995 
1487	 0.566228568553925 
1488	 0.566365480422974 
1489	 0.566635191440582 
1490	 0.566959977149963 
1491	 0.567379534244537 
1492	 0.567869603633881 
1493	 0.568488299846649 
1494	 0.569215774536133 
1495	 0.570013463497162 
1496	 0.570949792861938 
1497	 0.571911871433258 
1498	 0.572954177856445 
1499	 0.574010074138641 
1500	 0.575155317783356 
1501	 0.576257348060608 
1502	 0.577389895915985 
1503	 0.578457295894623 
1504	 0.579522907733917 
1505	 0.580505788326263 
1506	 0.58144336938858 
1507	 0.582302033901215 
1508	 0.583082735538483 
1509	 0.583806335926056 
1510	 0.584447801113129 
1511	 0.585046768188477 
1512	 0.585586190223694 
1513	 0.586081743240356 
1514	 0.586527228355408 
1515	 0.586928367614746 
1516	 0.587273240089417 
1517	 0.587586581707001 
1518	 0.587854087352753 
1519	 0.588088512420654 
1520	 0.58828741312027 
1521	 0.588451445102692 
1522	 0.588585436344147 
1523	 0.588689208030701 
1524	 0.588774263858795 
1525	 0.588832199573517 
1526	 0.588878512382507 
1527	 0.588902115821838 
1528	 0.588913261890411 
1529	 0.588907361030579 
1530	 0.588891863822937 
1531	 0.5888512134552 
1532	 0.588832497596741 
1533	 0.588795125484467 
1534	 0.588814258575439 
1535	 0.588844656944275 
1536	 0.588935732841492 
1537	 0.58906102180481 
1538	 0.589253127574921 
1539	 0.589491307735443 
1540	 0.589798033237457 
1541	 0.590165615081787 
1542	 0.590598702430725 
1543	 0.591098845005035 
1544	 0.591649234294891 
1545	 0.592274188995361 
1546	 0.592922866344452 
1547	 0.593626499176025 
1548	 0.594347834587097 
1549	 0.595119118690491 
1550	 0.595879793167114 
1551	 0.596672177314758 
1552	 0.597439289093018 
1553	 0.598195552825928 
1554	 0.59896320104599 
1555	 0.599740326404572 
1556	 0.600494384765625 
1557	 0.601260244846344 
1558	 0.601985633373261 
1559	 0.602668344974518 
1560	 0.603363037109375 
1561	 0.604039251804352 
1562	 0.604724943637848 
1563	 0.605441808700562 
1564	 0.606094658374786 
1565	 0.606726050376892 
1566	 0.607329547405243 
1567	 0.607871174812317 
1568	 0.608431994915009 
1569	 0.608994245529175 
1570	 0.609535098075867 
1571	 0.610066711902618 
1572	 0.610581040382385 
1573	 0.611058056354523 
1574	 0.611561417579651 
1575	 0.612069964408875 
1576	 0.612571954727173 
1577	 0.613088190555573 
1578	 0.613588631153107 
1579	 0.614078760147095 
1580	 0.614557147026062 
1581	 0.615023851394653 
1582	 0.615491151809692 
1583	 0.615945041179657 
1584	 0.616401672363281 
1585	 0.616865217685699 
1586	 0.617318332195282 
1587	 0.617764890193939 
1588	 0.618204355239868 
1589	 0.6186164021492 
1590	 0.619063794612885 
1591	 0.619539618492126 
1592	 0.61998975276947 
1593	 0.620449304580688 
1594	 0.620902240276337 
1595	 0.621326327323914 
1596	 0.621759951114655 
1597	 0.62221771478653 
1598	 0.622649788856506 
1599	 0.6230588555336 
1600	 0.623476564884186 
1601	 0.623880982398987 
1602	 0.624298572540283 
1603	 0.624736607074738 
1604	 0.625151097774506 
1605	 0.625576376914978 
1606	 0.625965654850006 
1607	 0.626331865787506 
1608	 0.626676857471466 
1609	 0.626982510089874 
1610	 0.627293467521667 
1611	 0.627593815326691 
1612	 0.627880215644836 
1613	 0.628172159194946 
1614	 0.62843245267868 
1615	 0.628680288791656 
1616	 0.628887891769409 
1617	 0.629052817821503 
1618	 0.629209816455841 
1619	 0.629343152046204 
1620	 0.629449009895325 
1621	 0.629541218280792 
1622	 0.629606962203979 
1623	 0.629612565040588 
1624	 0.629644513130188 
1625	 0.629679679870605 
1626	 0.629704058170319 
1627	 0.62973952293396 
1628	 0.62975400686264 
1629	 0.62974601984024 
1630	 0.629737436771393 
1631	 0.629691302776337 
1632	 0.629695177078247 
1633	 0.62971568107605 
1634	 0.629750609397888 
1635	 0.62982565164566 
1636	 0.629902005195618 
1637	 0.630004048347473 
1638	 0.630075991153717 
1639	 0.630148947238922 
1640	 0.630212485790253 
1641	 0.630257248878479 
1642	 0.630287408828735 
1643	 0.630356013774872 
1644	 0.630330622196198 
1645	 0.630271315574646 
1646	 0.630125761032104 
1647	 0.629902243614197 
1648	 0.629609704017639 
1649	 0.629269897937775 
1650	 0.628810286521912 
1651	 0.628246068954468 
1652	 0.627617359161377 
1653	 0.626870334148407 
1654	 0.626085340976715 
1655	 0.625215411186218 
1656	 0.624334633350372 
1657	 0.623406887054443 
1658	 0.622434854507446 
1659	 0.62143611907959 
1660	 0.620411992073059 
1661	 0.619355976581573 
1662	 0.618240177631378 
1663	 0.617096841335297 
1664	 0.61587256193161 
1665	 0.614577353000641 
1666	 0.613210499286652 
1667	 0.611765205860138 
1668	 0.610311210155487 
1669	 0.608763933181763 
1670	 0.607250332832336 
1671	 0.605705320835114 
1672	 0.60420423746109 
1673	 0.602727830410004 
1674	 0.601256370544434 
1675	 0.599827826023102 
1676	 0.598403334617615 
1677	 0.596998751163483 
1678	 0.595556020736694 
1679	 0.594116806983948 
1680	 0.592637360095978 
1681	 0.591124296188354 
1682	 0.589568495750427 
1683	 0.588009417057037 
1684	 0.586393654346466 
1685	 0.584752559661865 
1686	 0.583008468151093 
1687	 0.581178307533264 
1688	 0.579281568527222 
1689	 0.577301979064941 
1690	 0.575231552124023 
1691	 0.5731121301651 
1692	 0.570931613445282 
1693	 0.568670988082886 
1694	 0.566309928894043 
1695	 0.563873827457428 
1696	 0.561305642127991 
1697	 0.558602094650269 
1698	 0.555813074111938 
1699	 0.552918136119843 
1700	 0.550035238265991 
1701	 0.547038555145264 
1702	 0.544121742248535 
1703	 0.541134417057037 
1704	 0.538327991962433 
1705	 0.535563349723816 
1706	 0.532871305942535 
1707	 0.530528604984283 
1708	 0.528233647346497 
1709	 0.526056528091431 
1710	 0.524089336395264 
1711	 0.522083878517151 
1712	 0.520209908485413 
1713	 0.518405854701996 
1714	 0.516584575176239 
1715	 0.514905691146851 
1716	 0.513226449489594 
1717	 0.511612951755524 
1718	 0.510128676891327 
1719	 0.508672118186951 
1720	 0.507327198982239 
1721	 0.506082952022552 
1722	 0.504943132400513 
1723	 0.503992974758148 
1724	 0.503221988677979 
1725	 0.502644240856171 
1726	 0.502272009849548 
1727	 0.502144336700439 
1728	 0.502252995967865 
1729	 0.502572238445282 
1730	 0.503161251544952 
1731	 0.503902494907379 
1732	 0.504784643650055 
1733	 0.505774319171906 
1734	 0.506865441799164 
1735	 0.508012533187866 
1736	 0.509095251560211 
1737	 0.510089933872223 
1738	 0.510880827903748 
1739	 0.511477112770081 
1740	 0.511934101581573 
1741	 0.51216995716095 
1742	 0.512151539325714 
1743	 0.512056171894073 
1744	 0.511718928813934 
1745	 0.511407613754272 
1746	 0.510991632938385 
1747	 0.510622382164001 
1748	 0.510212600231171 
1749	 0.509870052337646 
1750	 0.509517967700958 
1751	 0.509294092655182 
1752	 0.509113490581512 
1753	 0.509083390235901 
1754	 0.509167850017548 
1755	 0.509377419948578 
1756	 0.509687125682831 
1757	 0.510169565677643 
1758	 0.510838866233826 
1759	 0.511621475219727 
1760	 0.512580692768097 
1761	 0.513706207275391 
1762	 0.514894366264343 
1763	 0.516290128231049 
1764	 0.517818093299866 
1765	 0.519408941268921 
1766	 0.521191000938416 
1767	 0.522983133792877 
1768	 0.524807631969452 
1769	 0.526657044887543 
1770	 0.528347313404083 
1771	 0.530023336410522 
1772	 0.531639993190765 
1773	 0.533150553703308 
1774	 0.534660577774048 
1775	 0.536034524440765 
1776	 0.537336468696594 
1777	 0.538590252399445 
1778	 0.539709031581879 
1779	 0.540808379650116 
1780	 0.54184228181839 
1781	 0.542795598506927 
1782	 0.543780624866486 
1783	 0.544715642929077 
1784	 0.545612156391144 
1785	 0.546432316303253 
1786	 0.547215402126312 
1787	 0.547963201999664 
1788	 0.548654198646545 
1789	 0.549297392368317 
1790	 0.549951374530792 
1791	 0.550551950931549 
1792	 0.551174938678741 
1793	 0.551809787750244 
1794	 0.552391171455383 
1795	 0.552944302558899 
1796	 0.553454339504242 
1797	 0.553992331027985 
1798	 0.55450052022934 
1799	 0.555001616477966 
1800	 0.555513858795166 
1801	 0.552244424819946 
1802	 0.552788734436035 
1803	 0.553309142589569 
1804	 0.553810775279999 
1805	 0.554310441017151 
1806	 0.55481892824173 
1807	 0.555340766906738 
1808	 0.555832982063293 
1809	 0.556344747543335 
1810	 0.55680650472641 
1811	 0.557228326797485 
1812	 0.557642042636871 
1813	 0.558011651039124 
1814	 0.558412075042725 
1815	 0.558786153793335 
1816	 0.559191644191742 
1817	 0.559625208377838 
1818	 0.56009703874588 
1819	 0.560535550117493 
1820	 0.560989737510681 
1821	 0.561436891555786 
1822	 0.56185507774353 
1823	 0.562313318252563 
1824	 0.562755763530731 
1825	 0.563187062740326 
1826	 0.563608169555664 
1827	 0.564011573791504 
1828	 0.564403116703033 
1829	 0.564797461032867 
1830	 0.56516820192337 
1831	 0.565519511699677 
1832	 0.56585967540741 
1833	 0.566173851490021 
1834	 0.566489338874817 
1835	 0.566786766052246 
1836	 0.567041456699371 
1837	 0.567308962345123 
1838	 0.56756865978241 
1839	 0.56782203912735 
1840	 0.568079054355621 
1841	 0.568318665027618 
1842	 0.56854385137558 
1843	 0.568766355514526 
1844	 0.5689896941185 
1845	 0.569169044494629 
1846	 0.569343626499176 
1847	 0.569492042064667 
1848	 0.569583117961884 
1849	 0.569641292095184 
1850	 0.569643318653107 
1851	 0.569615185260773 
1852	 0.569502949714661 
1853	 0.569309532642365 
1854	 0.569076001644135 
1855	 0.568748354911804 
1856	 0.568378388881683 
1857	 0.567964434623718 
1858	 0.567432880401611 
1859	 0.566848039627075 
1860	 0.566205203533173 
1861	 0.565466105937958 
1862	 0.564631342887878 
1863	 0.563783407211304 
1864	 0.562814891338348 
1865	 0.56177020072937 
1866	 0.560636460781097 
1867	 0.559333145618439 
1868	 0.55800199508667 
1869	 0.556540489196777 
1870	 0.555000901222229 
1871	 0.55340838432312 
1872	 0.551742255687714 
1873	 0.549985826015472 
1874	 0.548174619674683 
1875	 0.54630434513092 
1876	 0.544199049472809 
1877	 0.542095541954041 
1878	 0.539824724197388 
1879	 0.537358164787292 
1880	 0.534968852996826 
1881	 0.532391786575317 
1882	 0.529636800289154 
1883	 0.526822566986084 
1884	 0.523914754390717 
1885	 0.520634651184082 
1886	 0.517313420772552 
1887	 0.513773620128632 
1888	 0.51001650094986 
1889	 0.506464183330536 
1890	 0.502720892429352 
1891	 0.498956382274628 
1892	 0.495253205299377 
1893	 0.491412490606308 
1894	 0.48738494515419 
1895	 0.483512997627258 
1896	 0.479589492082596 
1897	 0.475618243217468 
1898	 0.471966326236725 
1899	 0.4682497382164 
1900	 0.464646995067596 
1901	 0.461235105991364 
1902	 0.457643181085587 
1903	 0.454236090183258 
1904	 0.450922518968582 
1905	 0.447650074958801 
1906	 0.444459825754166 
1907	 0.441653847694397 
1908	 0.438862651586533 
1909	 0.436200588941574 
1910	 0.433716386556625 
1911	 0.431125044822693 
1912	 0.428706347942352 
1913	 0.426358759403229 
1914	 0.424016416072845 
1915	 0.421838521957397 
1916	 0.419843405485153 
1917	 0.417808473110199 
1918	 0.415850758552551 
1919	 0.41397899389267 
1920	 0.412000507116318 
1921	 0.410155087709427 
1922	 0.408325910568237 
1923	 0.406500905752182 
1924	 0.404896706342697 
1925	 0.403267621994019 
1926	 0.401694566011429 
1927	 0.400216788053513 
1928	 0.398750811815262 
1929	 0.397261738777161 
1930	 0.395905822515488 
1931	 0.394639402627945 
1932	 0.393425673246384 
1933	 0.39241299033165 
1934	 0.391497552394867 
1935	 0.390672236680985 
1936	 0.39002189040184 
1937	 0.389473557472229 
1938	 0.38901874423027 
1939	 0.388723731040955 
1940	 0.388563632965088 
1941	 0.388550341129303 
1942	 0.388648480176926 
1943	 0.388862550258636 
1944	 0.389167577028275 
1945	 0.389563590288162 
1946	 0.390116274356842 
1947	 0.390749961137772 
1948	 0.391518861055374 
1949	 0.392423629760742 
1950	 0.393400967121124 
1951	 0.394472628831863 
1952	 0.395665675401688 
1953	 0.396951824426651 
1954	 0.398352682590485 
1955	 0.39992567896843 
1956	 0.401514291763306 
1957	 0.403167009353638 
1958	 0.404858589172363 
1959	 0.406405985355377 
1960	 0.40791529417038 
1961	 0.409315824508667 
1962	 0.410625427961349 
1963	 0.411826074123383 
1964	 0.41293877363205 
1965	 0.413939654827118 
1966	 0.414838075637817 
1967	 0.415638476610184 
1968	 0.416323900222778 
1969	 0.416973441839218 
1970	 0.417567312717438 
1971	 0.418182462453842 
1972	 0.418838948011398 
1973	 0.419499605894089 
1974	 0.420212268829346 
1975	 0.420989274978638 
1976	 0.421749085187912 
1977	 0.422517508268356 
1978	 0.423334062099457 
1979	 0.424169927835464 
1980	 0.425012022256851 
1981	 0.425954759120941 
1982	 0.426893204450607 
1983	 0.427863150835037 
1984	 0.428873866796494 
1985	 0.429859071969986 
1986	 0.430909156799316 
1987	 0.432036161422729 
1988	 0.43314653635025 
1989	 0.434462279081345 
1990	 0.435904234647751 
1991	 0.437441736459732 
1992	 0.439111024141312 
1993	 0.440948009490967 
1994	 0.44272056221962 
1995	 0.444648802280426 
1996	 0.446627825498581 
1997	 0.448614090681076 
1998	 0.450698465108871 
1999	 0.452936261892319 
2000	 0.455028235912323 
2001	 0.457226902246475 
2002	 0.459204792976379 
2003	 0.461040735244751 
2004	 0.462852150201797 
2005	 0.464543789625168 
2006	 0.466194719076157 
2007	 0.46785581111908 
2008	 0.469343155622482 
2009	 0.470765054225922 
2010	 0.47213751077652 
2011	 0.473290652036667 
2012	 0.474411755800247 
2013	 0.475440442562103 
2014	 0.476332157850266 
2015	 0.47719144821167 
2016	 0.478013694286346 
2017	 0.478728890419006 
2018	 0.47938072681427 
2019	 0.479915887117386 
2020	 0.480326801538467 
2021	 0.480685234069824 
2022	 0.480960935354233 
2023	 0.481165945529938 
2024	 0.481340616941452 
2025	 0.481452107429504 
2026	 0.481499791145325 
2027	 0.481466203927994 
2028	 0.481408685445786 
2029	 0.481300443410873 
2030	 0.481147050857544 
2031	 0.480944097042084 
2032	 0.480703920125961 
2033	 0.480408579111099 
2034	 0.480085134506226 
2035	 0.479706943035126 
2036	 0.479322344064713 
2037	 0.478938370943069 
2038	 0.478520303964615 
2039	 0.478142470121384 
2040	 0.477788954973221 
2041	 0.477436721324921 
2042	 0.477095037698746 
2043	 0.476758003234863 
2044	 0.476414382457733 
2045	 0.476099044084549 
2046	 0.475791215896606 
2047	 0.475508153438568 
2048	 0.475267499685287 
2049	 0.475020498037338 
2050	 0.474783569574356 
2051	 0.474553167819977 
2052	 0.474316120147705 
2053	 0.474089384078979 
2054	 0.473902463912964 
2055	 0.473728954792023 
2056	 0.473592698574066 
2057	 0.47349551320076 
2058	 0.473420202732086 
2059	 0.473358601331711 
2060	 0.473350942134857 
2061	 0.473395854234695 
2062	 0.473448097705841 
2063	 0.473538100719452 
2064	 0.473642259836197 
2065	 0.473750531673431 
2066	 0.473897278308868 
2067	 0.474085032939911 
2068	 0.474294126033783 
2069	 0.474520772695541 
2070	 0.474790990352631 
2071	 0.475039094686508 
2072	 0.475309580564499 
2073	 0.475549101829529 
2074	 0.475781500339508 
2075	 0.475992321968079 
2076	 0.476202130317688 
2077	 0.47636291384697 
2078	 0.476509869098663 
2079	 0.476605117321014 
2080	 0.476651579141617 
2081	 0.476663559675217 
2082	 0.476625621318817 
2083	 0.476566135883331 
2084	 0.476486444473267 
2085	 0.476362377405167 
2086	 0.476212203502655 
2087	 0.476038336753845 
2088	 0.475826144218445 
2089	 0.475569933652878 
2090	 0.475296407938004 
2091	 0.47501614689827 
2092	 0.474666833877563 
2093	 0.474247962236404 
2094	 0.473839908838272 
2095	 0.47337406873703 
2096	 0.47292223572731 
2097	 0.47249236702919 
2098	 0.472034215927124 
2099	 0.47155573964119 
2100	 0.471052706241608 
2101	 0.470525562763214 
2102	 0.469969123601913 
2103	 0.469419687986374 
2104	 0.468841344118118 
2105	 0.468278050422668 
2106	 0.467741847038269 
2107	 0.467145174741745 
2108	 0.466556012630463 
2109	 0.465890824794769 
2110	 0.465141981840134 
2111	 0.464407593011856 
2112	 0.463613778352737 
2113	 0.46284282207489 
2114	 0.462112784385681 
2115	 0.461326390504837 
2116	 0.460522264242172 
2117	 0.45969757437706 
2118	 0.458813816308975 
2119	 0.457860738039017 
2120	 0.456938147544861 
2121	 0.455970466136932 
2122	 0.45504704117775 
2123	 0.454153180122375 
2124	 0.453230857849121 
2125	 0.452324986457825 
2126	 0.451381623744965 
2127	 0.450399577617645 
2128	 0.449439167976379 
2129	 0.448450922966003 
2130	 0.44749253988266 
2131	 0.446573793888092 
2132	 0.445622116327286 
2133	 0.444657057523727 
2134	 0.443711906671524 
2135	 0.442702770233154 
2136	 0.441782265901566 
2137	 0.440894424915314 
2138	 0.440019816160202 
2139	 0.439238280057907 
2140	 0.438527435064316 
2141	 0.437855631113052 
2142	 0.437265813350677 
2143	 0.436685234308243 
2144	 0.436123728752136 
2145	 0.435634076595306 
2146	 0.435183078050613 
2147	 0.434788852930069 
2148	 0.434503346681595 
2149	 0.434187203645706 
2150	 0.433893233537674 
2151	 0.433621048927307 
2152	 0.433344542980194 
2153	 0.433100372552872 
2154	 0.43290439248085 
2155	 0.432734847068787 
2156	 0.432604968547821 
2157	 0.432504147291183 
2158	 0.432453870773315 
2159	 0.43245267868042 
2160	 0.432476311922073 
2161	 0.432549983263016 
2162	 0.432634353637695 
2163	 0.432760953903198 
2164	 0.432870298624039 
2165	 0.433001816272736 
2166	 0.433119654655457 
2167	 0.433237820863724 
2168	 0.433340668678284 
2169	 0.433419942855835 
2170	 0.433520674705505 
2171	 0.433601170778275 
2172	 0.433717012405396 
2173	 0.433835834264755 
2174	 0.434016168117523 
2175	 0.43423119187355 
2176	 0.43446272611618 
2177	 0.434727132320404 
2178	 0.4350605905056 
2179	 0.435333281755447 
2180	 0.435616761445999 
2181	 0.435859352350235 
2182	 0.436094433069229 
2183	 0.43625745177269 
2184	 0.436389237642288 
2185	 0.436463385820389 
2186	 0.436469793319702 
2187	 0.436440229415894 
2188	 0.436356663703918 
2189	 0.436256378889084 
2190	 0.436110764741898 
2191	 0.435938358306885 
2192	 0.435752838850021 
2193	 0.4355209171772 
2194	 0.435242921113968 
2195	 0.434935182332993 
2196	 0.434594929218292 
2197	 0.434206873178482 
2198	 0.433817774057388 
2199	 0.433369278907776 
2200	 0.432875961065292 
2201	 0.432359546422958 
2202	 0.431753754615784 
2203	 0.431042075157166 
2204	 0.430382281541824 
2205	 0.429654568433762 
2206	 0.428998500108719 
2207	 0.428380250930786 
2208	 0.427767634391785 
2209	 0.427144825458527 
2210	 0.426600128412247 
2211	 0.426097422838211 
2212	 0.425632774829865 
2213	 0.42523980140686 
2214	 0.424853950738907 
2215	 0.424503982067108 
2216	 0.424151092767715 
2217	 0.423844277858734 
2218	 0.423505336046219 
2219	 0.423149347305298 
2220	 0.422802090644836 
2221	 0.422455549240112 
2222	 0.422091990709305 
2223	 0.421748638153076 
2224	 0.421362400054932 
2225	 0.420964658260345 
2226	 0.420508742332459 
2227	 0.419954270124435 
2228	 0.419343322515488 
2229	 0.418649464845657 
2230	 0.417850404977798 
2231	 0.41700080037117 
2232	 0.416111558675766 
2233	 0.415080487728119 
2234	 0.41398698091507 
2235	 0.412715524435043 
2236	 0.411285310983658 
2237	 0.409781277179718 
2238	 0.408110797405243 
2239	 0.406393557786942 
2240	 0.404615938663483 
2241	 0.402704328298569 
2242	 0.400748610496521 
2243	 0.398585170507431 
2244	 0.396224528551102 
2245	 0.393808007240295 
2246	 0.391137272119522 
2247	 0.388524204492569 
2248	 0.385905295610428 
2249	 0.383210301399231 
2250	 0.380475074052811 
2251	 0.377756029367447 
2252	 0.374755829572678 
2253	 0.371848344802856 
2254	 0.368873178958893 
2255	 0.365818172693253 
2256	 0.363065451383591 
2257	 0.360276579856873 
2258	 0.357548832893372 
2259	 0.354960769414902 
2260	 0.352270841598511 
2261	 0.349511593580246 
2262	 0.346890956163406 
2263	 0.344234019517899 
2264	 0.341772735118866 
2265	 0.339477717876434 
2266	 0.337172389030457 
2267	 0.33500474691391 
2268	 0.33279213309288 
2269	 0.330554455518723 
2270	 0.328428208827972 
2271	 0.326309442520142 
2272	 0.324315369129181 
2273	 0.322467118501663 
2274	 0.320595473051071 
2275	 0.318856745958328 
2276	 0.317017644643784 
2277	 0.315167427062988 
2278	 0.313289880752563 
2279	 0.311326771974564 
2280	 0.309388279914856 
2281	 0.307488560676575 
2282	 0.305495470762253 
2283	 0.303493678569794 
2284	 0.30144876241684 
2285	 0.299120277166367 
2286	 0.296822279691696 
2287	 0.294396936893463 
2288	 0.291848719120026 
2289	 0.289529770612717 
2290	 0.287077158689499 
2291	 0.284565627574921 
2292	 0.282085567712784 
2293	 0.279393583536148 
2294	 0.27674126625061 
2295	 0.274148017168045 
2296	 0.271600037813187 
2297	 0.269364982843399 
2298	 0.267283201217651 
2299	 0.265492975711823 
2300	 0.263971447944641 
2301	 0.262734621763229 
2302	 0.261701107025146 
2303	 0.261129349470139 
2304	 0.260916292667389 
2305	 0.261054784059525 
2306	 0.261647075414658 
2307	 0.2624891102314 
2308	 0.263652920722961 
2309	 0.265174180269241 
2310	 0.26710233092308 
2311	 0.269230246543884 
2312	 0.271904796361923 
2313	 0.274394035339355 
2314	 0.277079999446869 
2315	 0.27967756986618 
2316	 0.282289683818817 
2317	 0.284743696451187 
2318	 0.28728660941124 
2319	 0.289446413516998 
2320	 0.291431933641434 
2321	 0.293106257915497 
2322	 0.294457167387009 
2323	 0.295592218637466 
2324	 0.29639858007431 
2325	 0.297034680843353 
2326	 0.297446310520172 
2327	 0.297643661499023 
2328	 0.297596424818039 
2329	 0.297372102737427 
2330	 0.296916246414185 
2331	 0.296252548694611 
2332	 0.295429736375809 
2333	 0.294414967298508 
2334	 0.293149024248123 
2335	 0.291782796382904 
2336	 0.290190845727921 
2337	 0.288427323102951 
2338	 0.286733090877533 
2339	 0.284898668527603 
2340	 0.28314134478569 
2341	 0.281520873308182 
2342	 0.279836654663086 
2343	 0.27831557393074 
2344	 0.277010828256607 
2345	 0.275972992181778 
2346	 0.275396823883057 
2347	 0.275222569704056 
2348	 0.275338858366013 
2349	 0.275910466909409 
2350	 0.27676710486412 
2351	 0.277888655662537 
2352	 0.279372274875641 
2353	 0.281069368124008 
2354	 0.282698035240173 
2355	 0.284339487552643 
2356	 0.285907626152039 
2357	 0.287207692861557 
2358	 0.288435906171799 
2359	 0.289352566003799 
2360	 0.289963811635971 
2361	 0.290396124124527 
2362	 0.290595948696136 
2363	 0.290643274784088 
2364	 0.290615081787109 
2365	 0.290446519851685 
2366	 0.290184319019318 
2367	 0.289929002523422 
2368	 0.289566874504089 
2369	 0.289162933826447 
2370	 0.288778364658356 
2371	 0.288360685110092 
2372	 0.288015902042389 
2373	 0.287723213434219 
2374	 0.287411391735077 
2375	 0.287146955728531 
2376	 0.286832004785538 
2377	 0.286446183919907 
2378	 0.286157369613647 
2379	 0.285851448774338 
2380	 0.285532355308533 
2381	 0.285327881574631 
2382	 0.285106599330902 
2383	 0.284864097833633 
2384	 0.284659922122955 
2385	 0.284531235694885 
2386	 0.284323036670685 
2387	 0.284066081047058 
2388	 0.28386515378952 
2389	 0.283697366714478 
2390	 0.283423572778702 
2391	 0.283151984214783 
2392	 0.2828429043293 
2393	 0.282416045665741 
2394	 0.282044738531113 
2395	 0.281703859567642 
2396	 0.281286597251892 
2397	 0.280830323696136 
2398	 0.280355781316757 
2399	 0.279901266098022 
2400	 0.27935516834259 
2401	 0.278684616088867 
2402	 0.278135627508163 
2403	 0.277437835931778 
2404	 0.276762098073959 
2405	 0.276280522346497 
2406	 0.27569904923439 
2407	 0.275210797786713 
2408	 0.27489697933197 
2409	 0.27451890707016 
2410	 0.274281829595566 
2411	 0.274174600839615 
2412	 0.274065166711807 
2413	 0.274071395397186 
2414	 0.274005949497223 
2415	 0.273943930864334 
2416	 0.273859977722168 
2417	 0.273690909147263 
2418	 0.273538529872894 
2419	 0.273340046405792 
2420	 0.273095339536667 
2421	 0.272689908742905 
2422	 0.272316724061966 
2423	 0.271933734416962 
2424	 0.271420478820801 
2425	 0.271076798439026 
2426	 0.270801872014999 
2427	 0.270396560430527 
2428	 0.270059883594513 
2429	 0.269778311252594 
2430	 0.26932281255722 
2431	 0.268975645303726 
2432	 0.26861983537674 
2433	 0.268026858568192 
2434	 0.267573416233063 
2435	 0.267140120267868 
2436	 0.266708731651306 
2437	 0.266396313905716 
2438	 0.26592743396759 
2439	 0.265370070934296 
2440	 0.26497158408165 
2441	 0.264548987150192 
2442	 0.264036118984222 
2443	 0.26356652379036 
2444	 0.263010650873184 
2445	 0.262549847364426 
2446	 0.262348085641861 
2447	 0.262120991945267 
2448	 0.261841356754303 
2449	 0.261636853218079 
2450	 0.261243164539337 
2451	 0.260817766189575 
2452	 0.260590463876724 
2453	 0.260171115398407 
2454	 0.259774416685104 
2455	 0.259718239307404 
2456	 0.259686350822449 
2457	 0.259538561105728 
2458	 0.25949040055275 
2459	 0.259492307901382 
2460	 0.259321242570877 
2461	 0.259214043617249 
2462	 0.259191066026688 
2463	 0.259072095155716 
2464	 0.259026825428009 
2465	 0.259120464324951 
2466	 0.259259194135666 
2467	 0.259406954050064 
2468	 0.259569108486176 
2469	 0.259789973497391 
2470	 0.260005414485931 
2471	 0.260072737932205 
2472	 0.260115683078766 
2473	 0.260160326957703 
2474	 0.260183185338974 
2475	 0.260409861803055 
2476	 0.26076528429985 
2477	 0.260870009660721 
2478	 0.261004209518433 
2479	 0.261232882738113 
2480	 0.261370003223419 
2481	 0.261616855859756 
2482	 0.261824607849121 
2483	 0.26232323050499 
2484	 0.262538701295853 
2485	 0.262901693582535 
2486	 0.26335945725441 
2487	 0.263479053974152 
2488	 0.263874351978302 
2489	 0.264262437820435 
2490	 0.264614641666412 
2491	 0.265371948480606 
2492	 0.266079217195511 
2493	 0.266655176877975 
2494	 0.267207026481628 
2495	 0.267591536045074 
2496	 0.267730951309204 
2497	 0.267872333526611 
2498	 0.268424987792969 
2499	 0.268856972455978 
2500	 0.269402652978897 
