Wavelength	Y7.001
350	 8.01010131835938E-02 
351	 7.55098313093185E-02 
352	 7.16559737920761E-02 
353	 7.06262066960335E-02 
354	 7.32762813568115E-02 
355	 7.52439871430397E-02 
356	 0.073266513645649 
357	 6.73252791166306E-02 
358	 6.46115988492966E-02 
359	 6.38926774263382E-02 
360	 6.31693825125694E-02 
361	 6.09761625528336E-02 
362	 6.40799626708031E-02 
363	 6.37314990162849E-02 
364	 5.86122572422028E-02 
365	 5.85840120911598E-02 
366	 5.96982277929783E-02 
367	 5.92408627271652E-02 
368	 5.65093569457531E-02 
369	 0.0562734156847 
370	 5.60303181409836E-02 
371	 5.58738335967064E-02 
372	 5.69518990814686E-02 
373	 5.58787062764168E-02 
374	 5.55805712938309E-02 
375	 5.68355619907379E-02 
376	 5.65440729260445E-02 
377	 5.53462542593479E-02 
378	 5.49607276916504E-02 
379	 5.58459535241127E-02 
380	 5.27777783572674E-02 
381	 0.053079005330801 
382	 5.48111125826836E-02 
383	 5.16522005200386E-02 
384	 5.29607199132442E-02 
385	 5.39998486638069E-02 
386	 5.25320805609226E-02 
387	 5.24423271417618E-02 
388	 5.10069690644741E-02 
389	 5.00049069523811E-02 
390	 5.09137213230133E-02 
391	 4.97653745114803E-02 
392	 4.93969134986401E-02 
393	 5.03293536603451E-02 
394	 5.13332523405552E-02 
395	 5.09473048150539E-02 
396	 5.00821322202683E-02 
397	 0.049417570233345 
398	 4.86122369766235E-02 
399	 4.90522123873234E-02 
400	 4.96858209371567E-02 
401	 4.91878762841225E-02 
402	 4.80392538011074E-02 
403	 4.82355542480946E-02 
404	 0.049067210406065 
405	 4.80940379202366E-02 
406	 4.83008585870266E-02 
407	 4.82799895107746E-02 
408	 4.75201867520809E-02 
409	 4.86592128872871E-02 
410	 4.82345670461655E-02 
411	 0.046951811760664 
412	 4.65990528464317E-02 
413	 4.69930619001389E-02 
414	 4.69675473868847E-02 
415	 4.65884245932102E-02 
416	 4.69859652221203E-02 
417	 4.69992235302925E-02 
418	 4.69800904393196E-02 
419	 4.72462438046932E-02 
420	 4.74524646997452E-02 
421	 4.73490729928017E-02 
422	 4.72536385059357E-02 
423	 4.75756675004959E-02 
424	 4.76647429168224E-02 
425	 4.76149879395962E-02 
426	 4.76031228899956E-02 
427	 4.78210896253586E-02 
428	 4.78929057717323E-02 
429	 4.79905344545841E-02 
430	 4.82545718550682E-02 
431	 4.83330152928829E-02 
432	 4.85568940639496E-02 
433	 4.88708950579166E-02 
434	 4.90395426750183E-02 
435	 4.93401065468788E-02 
436	 4.96328808367252E-02 
437	 0.049820601940155 
438	 4.99239601194859E-02 
439	 5.03131002187729E-02 
440	 0.050719391554594 
441	 0.050889115780592 
442	 5.15176467597485E-02 
443	 5.18830306828022E-02 
444	 5.19705675542355E-02 
445	 5.23224957287312E-02 
446	 5.24412654340267E-02 
447	 5.24398423731327E-02 
448	 5.25234751403332E-02 
449	 5.29260188341141E-02 
450	 5.31210042536259E-02 
451	 5.32022826373577E-02 
452	 5.34267462790012E-02 
453	 5.33931665122509E-02 
454	 5.35553395748138E-02 
455	 5.38618937134743E-02 
456	 0.053665604442358 
457	 5.36476820707321E-02 
458	 5.36865182220936E-02 
459	 5.36358468234539E-02 
460	 5.38555979728699E-02 
461	 5.39215169847012E-02 
462	 5.38120269775391E-02 
463	 5.37415258586407E-02 
464	 5.38080334663391E-02 
465	 5.38331493735313E-02 
466	 5.37284985184669E-02 
467	 5.35811595618725E-02 
468	 5.36925941705704E-02 
469	 5.39188794791698E-02 
470	 5.40379099547863E-02 
471	 5.41554354131222E-02 
472	 5.41085079312325E-02 
473	 5.40214404463768E-02 
474	 5.42143359780312E-02 
475	 5.43021038174629E-02 
476	 5.43103516101837E-02 
477	 5.43203875422478E-02 
478	 5.43701499700546E-02 
479	 5.45244887471199E-02 
480	 5.47271706163883E-02 
481	 5.48854283988476E-02 
482	 5.50281815230846E-02 
483	 5.52241392433643E-02 
484	 5.54780848324299E-02 
485	 5.57194724678993E-02 
486	 5.59756681323051E-02 
487	 5.61863854527473E-02 
488	 5.63528575003147E-02 
489	 0.056718859821558 
490	 5.71179203689098E-02 
491	 5.74929229915142E-02 
492	 0.057845450937748 
493	 5.80399110913277E-02 
494	 5.83422593772411E-02 
495	 5.88594116270542E-02 
496	 5.93734383583069E-02 
497	 5.97761534154415E-02 
498	 6.02198243141174E-02 
499	 6.08645901083946E-02 
500	 6.14979304373264E-02 
501	 6.20399601757526E-02 
502	 0.06249925121665 
503	 6.29667937755585E-02 
504	 6.36872723698616E-02 
505	 6.44101276993752E-02 
506	 0.06501255184412 
507	 6.59212023019791E-02 
508	 6.67703449726105E-02 
509	 6.75187483429909E-02 
510	 6.82813674211502E-02 
511	 6.91507458686829E-02 
512	 7.01165646314621E-02 
513	 7.11460784077644E-02 
514	 7.22031742334366E-02 
515	 7.30431899428368E-02 
516	 0.07398521900177 
517	 7.52756372094154E-02 
518	 7.63721317052841E-02 
519	 7.75077119469643E-02 
520	 7.87969827651978E-02 
521	 8.02381932735443E-02 
522	 8.16060900688171E-02 
523	 8.30125287175179E-02 
524	 8.45386758446693E-02 
525	 8.61153155565262E-02 
526	 8.77092480659485E-02 
527	 8.93793925642967E-02 
528	 9.11963731050491E-02 
529	 9.30771455168724E-02 
530	 9.50123891234398E-02 
531	 9.70231965184212E-02 
532	 0.099152185022831 
533	 0.101389996707439 
534	 0.103743806481361 
535	 0.106207318603992 
536	 0.108739726245403 
537	 0.111330933868885 
538	 0.113994739949703 
539	 0.116761669516563 
540	 0.11961667984724 
541	 0.122584380209446 
542	 0.125641271471977 
543	 0.128673404455185 
544	 0.131810054183006 
545	 0.13500802218914 
546	 0.13819894194603 
547	 0.141465917229652 
548	 0.1447624117136 
549	 0.148086458444595 
550	 0.151472538709641 
551	 0.154957368969917 
552	 0.158459469676018 
553	 0.161935523152351 
554	 0.165488749742508 
555	 0.169093400239944 
556	 0.172709465026855 
557	 0.176290884613991 
558	 0.179835751652718 
559	 0.183400735259056 
560	 0.186954915523529 
561	 0.190353915095329 
562	 0.193661630153656 
563	 0.196945413947105 
564	 0.200238958001137 
565	 0.203482672572136 
566	 0.206608772277832 
567	 0.209611415863037 
568	 0.212531819939613 
569	 0.215331628918648 
570	 0.218045279383659 
571	 0.220711454749107 
572	 0.223353415727615 
573	 0.225935310125351 
574	 0.228383660316467 
575	 0.230650216341019 
576	 0.232877641916275 
577	 0.234889194369316 
578	 0.236692160367966 
579	 0.238516733050346 
580	 0.240275517106056 
581	 0.241875246167183 
582	 0.243292346596718 
583	 0.244717836380005 
584	 0.246059373021126 
585	 0.247315660119057 
586	 0.24853441119194 
587	 0.249708622694016 
588	 0.250745207071304 
589	 0.251616150140762 
590	 0.252409964799881 
591	 0.253113359212875 
592	 0.253778368234634 
593	 0.254436850547791 
594	 0.254963874816895 
595	 0.255363702774048 
596	 0.255650281906128 
597	 0.255848199129105 
598	 0.25608029961586 
599	 0.256261944770813 
600	 0.256325572729111 
601	 0.256336152553558 
602	 0.256314635276794 
603	 0.256246447563171 
604	 0.256107807159424 
605	 0.25594773888588 
606	 0.255725026130676 
607	 0.255442470312119 
608	 0.255164802074432 
609	 0.254884481430054 
610	 0.254576921463013 
611	 0.25422415137291 
612	 0.253846406936646 
613	 0.253481686115265 
614	 0.25311204791069 
615	 0.25268879532814 
616	 0.252252459526062 
617	 0.251873254776001 
618	 0.251541495323181 
619	 0.251098245382309 
620	 0.250659883022308 
621	 0.250256061553955 
622	 0.249874204397202 
623	 0.249441549181938 
624	 0.249026700854301 
625	 0.248647660017014 
626	 0.248270556330681 
627	 0.24792954325676 
628	 0.247542053461075 
629	 0.247090339660645 
630	 0.246774196624756 
631	 0.246444910764694 
632	 0.246119260787964 
633	 0.245865240693092 
634	 0.245579570531845 
635	 0.245265826582909 
636	 0.244970545172691 
637	 0.244779795408249 
638	 0.244535624980927 
639	 0.244285255670547 
640	 0.244092807173729 
641	 0.243898808956146 
642	 0.243736296892166 
643	 0.24360628426075 
644	 0.243484601378441 
645	 0.243311896920204 
646	 0.243183195590973 
647	 0.243144854903221 
648	 0.243137612938881 
649	 0.243082031607628 
650	 0.24301590025425 
651	 0.243003070354462 
652	 0.243037670850754 
653	 0.24306133389473 
654	 0.243095278739929 
655	 0.243217095732689 
656	 0.243331521749496 
657	 0.243433624505997 
658	 0.243550434708595 
659	 0.243745654821396 
660	 0.243963807821274 
661	 0.244190901517868 
662	 0.244423970580101 
663	 0.244631484150887 
664	 0.244877234101295 
665	 0.245175212621689 
666	 0.245485424995422 
667	 0.245840802788734 
668	 0.246227756142616 
669	 0.246628880500793 
670	 0.247043684124947 
671	 0.247482553124428 
672	 0.247940182685852 
673	 0.248410403728485 
674	 0.248943090438843 
675	 0.249457865953445 
676	 0.249963417649269 
677	 0.250583380460739 
678	 0.251169711351395 
679	 0.251786947250366 
680	 0.252488613128662 
681	 0.253138244152069 
682	 0.253813683986664 
683	 0.254542320966721 
684	 0.255313485860825 
685	 0.256048858165741 
686	 0.256826162338257 
687	 0.257681488990784 
688	 0.258571594953537 
689	 0.259441256523132 
690	 0.260304003953934 
691	 0.261196672916412 
692	 0.262155413627625 
693	 0.26312130689621 
694	 0.264101386070251 
695	 0.265133708715439 
696	 0.266120672225952 
697	 0.267137587070465 
698	 0.268227487802505 
699	 0.269354224205017 
700	 0.270478129386902 
701	 0.271616339683533 
702	 0.272785514593124 
703	 0.273916870355606 
704	 0.275123953819275 
705	 0.276377588510513 
706	 0.277563244104385 
707	 0.278804987668991 
708	 0.280070543289185 
709	 0.281336754560471 
710	 0.282628268003464 
711	 0.283981144428253 
712	 0.285319745540619 
713	 0.286591023206711 
714	 0.287977129220963 
715	 0.28934583067894 
716	 0.29068249464035 
717	 0.292060881853104 
718	 0.293462455272675 
719	 0.294818848371506 
720	 0.296133488416672 
721	 0.297545611858368 
722	 0.298978358507156 
723	 0.300358146429062 
724	 0.301655828952789 
725	 0.30301970243454 
726	 0.304384797811508 
727	 0.305735617876053 
728	 0.307092130184174 
729	 0.308417797088623 
730	 0.309717506170273 
731	 0.31100258231163 
732	 0.312287181615829 
733	 0.313523977994919 
734	 0.314742028713226 
735	 0.315976172685623 
736	 0.317185908555985 
737	 0.318326413631439 
738	 0.319411545991898 
739	 0.320487409830093 
740	 0.321511387825012 
741	 0.322482168674469 
742	 0.323411405086517 
743	 0.324326008558273 
744	 0.325208872556686 
745	 0.326071262359619 
746	 0.326913744211197 
747	 0.327681005001068 
748	 0.328377813100815 
749	 0.329032331705093 
750	 0.329677730798721 
751	 0.330272525548935 
752	 0.33079206943512 
753	 0.331247359514236 
754	 0.331690967082977 
755	 0.3320651948452 
756	 0.332364499568939 
757	 0.332606434822083 
758	 0.332833290100098 
759	 0.333032876253128 
760	 0.333180963993073 
761	 0.333253502845764 
762	 0.333267599344254 
763	 0.333253502845764 
764	 0.333198994398117 
765	 0.333049118518829 
766	 0.332829177379608 
767	 0.332555502653122 
768	 0.332250088453293 
769	 0.331953257322311 
770	 0.331615954637527 
771	 0.331220716238022 
772	 0.330768436193466 
773	 0.330288827419281 
774	 0.32974100112915 
775	 0.329123735427856 
776	 0.328475594520569 
777	 0.327878773212433 
778	 0.32722795009613 
779	 0.32647380232811 
780	 0.325710415840149 
781	 0.324874609708786 
782	 0.324016898870468 
783	 0.323181182146072 
784	 0.3222736120224 
785	 0.321372896432877 
786	 0.320462971925735 
787	 0.31948059797287 
788	 0.318445384502411 
789	 0.317412376403809 
790	 0.316389530897141 
791	 0.315326571464539 
792	 0.314296513795853 
793	 0.313225597143173 
794	 0.31207337975502 
795	 0.310950458049774 
796	 0.309812813997269 
797	 0.308665424585342 
798	 0.307520002126694 
799	 0.306342005729675 
800	 0.305154591798782 
801	 0.303966760635376 
802	 0.302776783704758 
803	 0.301600098609924 
804	 0.300413608551025 
805	 0.299215376377106 
806	 0.298042088747025 
807	 0.296814054250717 
808	 0.295585483312607 
809	 0.294405162334442 
810	 0.2931969165802 
811	 0.292022734880447 
812	 0.290849059820175 
813	 0.289625346660614 
814	 0.288465231657028 
815	 0.287277668714523 
816	 0.286051005125046 
817	 0.284856498241425 
818	 0.283731639385223 
819	 0.282584309577942 
820	 0.281379759311676 
821	 0.280209511518478 
822	 0.279078751802444 
823	 0.277949780225754 
824	 0.276795357465744 
825	 0.275660693645477 
826	 0.274537652730942 
827	 0.273446351289749 
828	 0.272396147251129 
829	 0.271259218454361 
830	 0.270179212093353 
831	 0.269170761108398 
832	 0.268126636743546 
833	 0.267058044672012 
834	 0.266029417514801 
835	 0.265051513910294 
836	 0.264039218425751 
837	 0.263051509857178 
838	 0.262073397636414 
839	 0.261091351509094 
840	 0.260144621133804 
841	 0.25919246673584 
842	 0.258245348930359 
843	 0.257329493761063 
844	 0.256436556577683 
845	 0.255581676959991 
846	 0.254738539457321 
847	 0.253865480422974 
848	 0.253072023391724 
849	 0.252247542142868 
850	 0.251375764608383 
851	 0.250586658716202 
852	 0.24985159933567 
853	 0.249130919575691 
854	 0.248401671648026 
855	 0.24768653512001 
856	 0.246950149536133 
857	 0.246205180883408 
858	 0.245494142174721 
859	 0.244909346103668 
860	 0.244253471493721 
861	 0.243558496236801 
862	 0.242947861552238 
863	 0.242278024554253 
864	 0.2416752576828 
865	 0.241134345531464 
866	 0.240532115101814 
867	 0.23991422355175 
868	 0.239344492554665 
869	 0.238832667469978 
870	 0.238312572240829 
871	 0.237811520695686 
872	 0.23731592297554 
873	 0.236816182732582 
874	 0.23632475733757 
875	 0.23589026927948 
876	 0.23546513915062 
877	 0.235002547502518 
878	 0.234573200345039 
879	 0.234191820025444 
880	 0.23381207883358 
881	 0.233385860919952 
882	 0.23302598297596 
883	 0.232675537467003 
884	 0.232311457395554 
885	 0.231947749853134 
886	 0.231616288423538 
887	 0.231301531195641 
888	 0.231001943349838 
889	 0.230737373232841 
890	 0.230483815073967 
891	 0.230209097266197 
892	 0.229920327663422 
893	 0.229689374566078 
894	 0.229469403624535 
895	 0.2292809933424 
896	 0.229129523038864 
897	 0.228939831256866 
898	 0.228776291012764 
899	 0.228605940937996 
900	 0.228400260210037 
901	 0.228277415037155 
902	 0.228121221065521 
903	 0.227980718016624 
904	 0.227944329380989 
905	 0.227839544415474 
906	 0.227698445320129 
907	 0.227583467960358 
908	 0.227551192045212 
909	 0.227510467171669 
910	 0.22749687731266 
911	 0.227496266365051 
912	 0.227444007992744 
913	 0.227427244186401 
914	 0.227422699332237 
915	 0.227411985397339 
916	 0.227407410740852 
917	 0.227427512407303 
918	 0.227442249655724 
919	 0.227451905608177 
920	 0.227530032396317 
921	 0.227541133761406 
922	 0.227529749274254 
923	 0.227573782205582 
924	 0.227712035179138 
925	 0.227783620357513 
926	 0.227872669696808 
927	 0.228057771921158 
928	 0.228105038404465 
929	 0.228221550583839 
930	 0.228354200720787 
931	 0.228398501873016 
932	 0.228531733155251 
933	 0.228708237409592 
934	 0.228851333260536 
935	 0.228920340538025 
936	 0.229129031300545 
937	 0.229359179735184 
938	 0.229526534676552 
939	 0.229624047875404 
940	 0.22986812889576 
941	 0.230097517371178 
942	 0.230296611785889 
943	 0.230580165982246 
944	 0.230794474482536 
945	 0.23097363114357 
946	 0.231195539236069 
947	 0.231527030467987 
948	 0.231680616736412 
949	 0.231872096657753 
950	 0.23219221830368 
951	 0.232481092214584 
952	 0.232702776789665 
953	 0.232965335249901 
954	 0.233294740319252 
955	 0.23356220126152 
956	 0.233849629759789 
957	 0.234163030982018 
958	 0.234480813145638 
959	 0.234764218330383 
960	 0.235134080052376 
961	 0.235500454902649 
962	 0.235794648528099 
963	 0.236090824007988 
964	 0.236370652914047 
965	 0.236707210540771 
966	 0.237133353948593 
967	 0.237549185752869 
968	 0.237963303923607 
969	 0.238371640443802 
970	 0.238757610321045 
971	 0.239068984985352 
972	 0.239492237567902 
973	 0.239929333329201 
974	 0.240289613604546 
975	 0.240762859582901 
976	 0.241242781281471 
977	 0.241741940379143 
978	 0.242227703332901 
979	 0.242400050163269 
980	 0.242818489670753 
981	 0.24336776137352 
982	 0.243783846497536 
983	 0.244125947356224 
984	 0.244687080383301 
985	 0.245309144258499 
986	 0.24579319357872 
987	 0.246402934193611 
988	 0.246944218873978 
989	 0.247442215681076 
990	 0.24796961247921 
991	 0.248470649123192 
992	 0.248991698026657 
993	 0.249561548233032 
994	 0.250185132026672 
995	 0.250825315713882 
996	 0.251460701227188 
997	 0.251933604478836 
998	 0.25225043296814 
999	 0.253079533576965 
1000	 0.253832906484604 
1001	 0.253670573234558 
1002	 0.254280209541321 
1003	 0.254929214715958 
1004	 0.255559265613556 
1005	 0.256213694810867 
1006	 0.256871432065964 
1007	 0.257512986660004 
1008	 0.258171856403351 
1009	 0.258848398923874 
1010	 0.259525805711746 
1011	 0.26022207736969 
1012	 0.26090082526207 
1013	 0.261571198701859 
1014	 0.262255609035492 
1015	 0.262917816638947 
1016	 0.263582408428192 
1017	 0.264372915029526 
1018	 0.265141308307648 
1019	 0.265913188457489 
1020	 0.266740739345551 
1021	 0.267511308193207 
1022	 0.268224209547043 
1023	 0.268994152545929 
1024	 0.269744724035263 
1025	 0.270574897527695 
1026	 0.271460920572281 
1027	 0.272325038909912 
1028	 0.273219257593155 
1029	 0.274161577224731 
1030	 0.275002121925354 
1031	 0.275926202535629 
1032	 0.276850879192352 
1033	 0.277655929327011 
1034	 0.27852988243103 
1035	 0.279428482055664 
1036	 0.280350536108017 
1037	 0.281341820955276 
1038	 0.282292097806931 
1039	 0.283227026462555 
1040	 0.28417757153511 
1041	 0.285093247890472 
1042	 0.286082327365875 
1043	 0.287133365869522 
1044	 0.288162797689438 
1045	 0.289202928543091 
1046	 0.290226459503174 
1047	 0.29117226600647 
1048	 0.292176991701126 
1049	 0.293215453624725 
1050	 0.294255942106247 
1051	 0.295372724533081 
1052	 0.296466618776321 
1053	 0.297573208808899 
1054	 0.298723071813583 
1055	 0.299837052822113 
1056	 0.300911456346512 
1057	 0.302037984132767 
1058	 0.303158760070801 
1059	 0.304296880960464 
1060	 0.305559039115906 
1061	 0.306769222021103 
1062	 0.308002233505249 
1063	 0.309262961149216 
1064	 0.310410648584366 
1065	 0.31163415312767 
1066	 0.312857866287231 
1067	 0.314046859741211 
1068	 0.31538388133049 
1069	 0.316694349050522 
1070	 0.318013727664948 
1071	 0.319360792636871 
1072	 0.320759952068329 
1073	 0.322055906057358 
1074	 0.323398888111115 
1075	 0.324737697839737 
1076	 0.326074779033661 
1077	 0.327499389648438 
1078	 0.328848093748093 
1079	 0.330269575119019 
1080	 0.331727385520935 
1081	 0.333060503005981 
1082	 0.334476977586746 
1083	 0.335882276296616 
1084	 0.337288200855255 
1085	 0.338815450668335 
1086	 0.340285032987595 
1087	 0.341734200716019 
1088	 0.343242675065994 
1089	 0.344763845205307 
1090	 0.346188843250275 
1091	 0.347723007202148 
1092	 0.34922793507576 
1093	 0.350705027580261 
1094	 0.35228106379509 
1095	 0.353794008493423 
1096	 0.355378299951553 
1097	 0.357012301683426 
1098	 0.358523696660995 
1099	 0.360114485025406 
1100	 0.361700832843781 
1101	 0.363248407840729 
1102	 0.364918678998947 
1103	 0.366549164056778 
1104	 0.368178278207779 
1105	 0.369829654693604 
1106	 0.371499717235565 
1107	 0.373079985380173 
1108	 0.37473601102829 
1109	 0.376384764909744 
1110	 0.378039658069611 
1111	 0.379805475473404 
1112	 0.381493300199509 
1113	 0.383207052946091 
1114	 0.384966731071472 
1115	 0.386633217334747 
1116	 0.388381272554398 
1117	 0.390117883682251 
1118	 0.391846388578415 
1119	 0.39358726143837 
1120	 0.39531672000885 
1121	 0.397010415792465 
1122	 0.398769468069077 
1123	 0.400558710098267 
1124	 0.402229905128479 
1125	 0.403978914022446 
1126	 0.405685126781464 
1127	 0.407347083091736 
1128	 0.409132808446884 
1129	 0.410844832658768 
1130	 0.412587940692902 
1131	 0.414391398429871 
1132	 0.416059464216232 
1133	 0.417761027812958 
1134	 0.419449299573898 
1135	 0.421148866415024 
1136	 0.422849535942078 
1137	 0.424553275108337 
1138	 0.426292896270752 
1139	 0.427994936704636 
1140	 0.429697692394257 
1141	 0.43127977848053 
1142	 0.432931989431381 
1143	 0.434520035982132 
1144	 0.436085075139999 
1145	 0.437741219997406 
1146	 0.439300000667572 
1147	 0.440895587205887 
1148	 0.442499697208405 
1149	 0.443964958190918 
1150	 0.445470839738846 
1151	 0.446931302547455 
1152	 0.448390007019043 
1153	 0.449847400188446 
1154	 0.451297968626022 
1155	 0.452736169099808 
1156	 0.454163908958435 
1157	 0.455585122108459 
1158	 0.456945806741714 
1159	 0.458283394575119 
1160	 0.459594577550888 
1161	 0.460857212543488 
1162	 0.462184399366379 
1163	 0.463453829288483 
1164	 0.464731752872467 
1165	 0.466042459011078 
1166	 0.467256665229797 
1167	 0.468510270118713 
1168	 0.469752907752991 
1169	 0.470972001552582 
1170	 0.472171872854233 
1171	 0.473370015621185 
1172	 0.474552750587463 
1173	 0.475740224123001 
1174	 0.476917028427124 
1175	 0.478063970804214 
1176	 0.479207247495651 
1177	 0.480326771736145 
1178	 0.481392294168472 
1179	 0.482531547546387 
1180	 0.483595132827759 
1181	 0.484673023223877 
1182	 0.485780030488968 
1183	 0.486788213253021 
1184	 0.487825483083725 
1185	 0.488854289054871 
1186	 0.489875763654709 
1187	 0.490895628929138 
1188	 0.491889953613281 
1189	 0.492871850728989 
1190	 0.493849605321884 
1191	 0.494798332452774 
1192	 0.495730489492416 
1193	 0.496660500764847 
1194	 0.497581332921982 
1195	 0.498484820127487 
1196	 0.499386548995972 
1197	 0.500273525714874 
1198	 0.501180946826935 
1199	 0.502107381820679 
1200	 0.502971470355988 
1201	 0.503852784633636 
1202	 0.504722118377686 
1203	 0.505570530891418 
1204	 0.506464242935181 
1205	 0.507362306118011 
1206	 0.508278727531433 
1207	 0.509227156639099 
1208	 0.510171890258789 
1209	 0.51116681098938 
1210	 0.512201726436615 
1211	 0.513270378112793 
1212	 0.514379322528839 
1213	 0.515525341033936 
1214	 0.516707897186279 
1215	 0.517932176589966 
1216	 0.519225537776947 
1217	 0.520480513572693 
1218	 0.521760821342468 
1219	 0.523033440113068 
1220	 0.52426290512085 
1221	 0.525573313236237 
1222	 0.526846945285797 
1223	 0.52810263633728 
1224	 0.529329478740692 
1225	 0.530526638031006 
1226	 0.531686365604401 
1227	 0.532822847366333 
1228	 0.533933699131012 
1229	 0.53502231836319 
1230	 0.536063730716705 
1231	 0.53707218170166 
1232	 0.53805547952652 
1233	 0.538992702960968 
1234	 0.539893567562103 
1235	 0.540754318237305 
1236	 0.54161673784256 
1237	 0.542447209358215 
1238	 0.543265759944916 
1239	 0.54408997297287 
1240	 0.544883608818054 
1241	 0.545657515525818 
1242	 0.54638409614563 
1243	 0.54711240530014 
1244	 0.547829926013947 
1245	 0.548522770404816 
1246	 0.549190640449524 
1247	 0.549857616424561 
1248	 0.550523519515991 
1249	 0.551154971122742 
1250	 0.551771581172943 
1251	 0.552360653877258 
1252	 0.552901446819305 
1253	 0.55345743894577 
1254	 0.554014623165131 
1255	 0.554555654525757 
1256	 0.55510801076889 
1257	 0.55561888217926 
1258	 0.556112110614777 
1259	 0.556565880775452 
1260	 0.556962847709656 
1261	 0.557368099689484 
1262	 0.55775249004364 
1263	 0.558132171630859 
1264	 0.558484673500061 
1265	 0.558834850788116 
1266	 0.559154510498047 
1267	 0.559433937072754 
1268	 0.559719264507294 
1269	 0.559987127780914 
1270	 0.560265600681305 
1271	 0.560543656349182 
1272	 0.560807168483734 
1273	 0.561069488525391 
1274	 0.561327159404755 
1275	 0.56156462430954 
1276	 0.561809062957764 
1277	 0.562067627906799 
1278	 0.562305331230164 
1279	 0.562537610530853 
1280	 0.562751412391663 
1281	 0.562938630580902 
1282	 0.563132405281067 
1283	 0.563311636447906 
1284	 0.563494503498077 
1285	 0.563678741455078 
1286	 0.563874483108521 
1287	 0.564043879508972 
1288	 0.564205229282379 
1289	 0.564355432987213 
1290	 0.564481496810913 
1291	 0.564626276493073 
1292	 0.564780950546265 
1293	 0.56491082906723 
1294	 0.565040409564972 
1295	 0.565153360366821 
1296	 0.56523996591568 
1297	 0.565331935882568 
1298	 0.565425336360931 
1299	 0.565505564212799 
1300	 0.565578937530518 
1301	 0.565640866756439 
1302	 0.565680086612701 
1303	 0.565733551979065 
1304	 0.565797865390778 
1305	 0.565841138362885 
1306	 0.565890371799469 
1307	 0.565919816493988 
1308	 0.565922260284424 
1309	 0.565918207168579 
1310	 0.565912067890167 
1311	 0.565899789333344 
1312	 0.565883278846741 
1313	 0.565859913825989 
1314	 0.565837442874908 
1315	 0.565815210342407 
1316	 0.565781652927399 
1317	 0.565751314163208 
1318	 0.565696716308594 
1319	 0.565623342990875 
1320	 0.565549075603485 
1321	 0.565456748008728 
1322	 0.565372586250305 
1323	 0.565305888652802 
1324	 0.565203189849854 
1325	 0.565087139606476 
1326	 0.564958572387695 
1327	 0.564802944660187 
1328	 0.564644277095795 
1329	 0.564494967460632 
1330	 0.564312100410461 
1331	 0.564103960990906 
1332	 0.563885509967804 
1333	 0.563635468482971 
1334	 0.563387155532837 
1335	 0.56314218044281 
1336	 0.562899231910706 
1337	 0.562635898590088 
1338	 0.562370359897614 
1339	 0.562090694904327 
1340	 0.561798691749573 
1341	 0.561487972736359 
1342	 0.561170399188995 
1343	 0.560829818248749 
1344	 0.560469508171082 
1345	 0.560087263584137 
1346	 0.559687733650208 
1347	 0.559274256229401 
1348	 0.558831453323364 
1349	 0.558388411998749 
1350	 0.557939469814301 
1351	 0.557473421096802 
1352	 0.556988775730133 
1353	 0.5565025806427 
1354	 0.555989384651184 
1355	 0.555501461029053 
1356	 0.555020987987518 
1357	 0.554543435573578 
1358	 0.554077684879303 
1359	 0.553612530231476 
1360	 0.553154349327087 
1361	 0.552695095539093 
1362	 0.552201569080353 
1363	 0.551732838153839 
1364	 0.551248848438263 
1365	 0.550757706165314 
1366	 0.55024266242981 
1367	 0.549735069274902 
1368	 0.549182653427124 
1369	 0.548596978187561 
1370	 0.547991096973419 
1371	 0.547360777854919 
1372	 0.546725630760193 
1373	 0.54607218503952 
1374	 0.545395970344543 
1375	 0.544706106185913 
1376	 0.543994605541229 
1377	 0.543244421482086 
1378	 0.542491495609283 
1379	 0.541725814342499 
1380	 0.540950059890747 
1381	 0.540148377418518 
1382	 0.539357841014862 
1383	 0.538546323776245 
1384	 0.537766098976135 
1385	 0.537025213241577 
1386	 0.536259233951569 
1387	 0.535518109798431 
1388	 0.534754157066345 
1389	 0.533967196941376 
1390	 0.533168196678162 
1391	 0.532384037971497 
1392	 0.531529724597931 
1393	 0.530681908130646 
1394	 0.529820442199707 
1395	 0.528930008411407 
1396	 0.528001964092255 
1397	 0.527120411396027 
1398	 0.52622652053833 
1399	 0.525359869003296 
1400	 0.524540483951569 
1401	 0.52367639541626 
1402	 0.522851705551147 
1403	 0.521887004375458 
1404	 0.520916700363159 
1405	 0.519780874252319 
1406	 0.518538892269135 
1407	 0.517163813114166 
1408	 0.515636682510376 
1409	 0.514061987400055 
1410	 0.512348115444183 
1411	 0.5106201171875 
1412	 0.508766651153564 
1413	 0.507029116153717 
1414	 0.505198001861572 
1415	 0.503566741943359 
1416	 0.502010047435761 
1417	 0.50062084197998 
1418	 0.499388992786407 
1419	 0.498254597187042 
1420	 0.49731233716011 
1421	 0.496394366025925 
1422	 0.495620310306549 
1423	 0.494795352220535 
1424	 0.49404501914978 
1425	 0.493201285600662 
1426	 0.492332577705383 
1427	 0.49140191078186 
1428	 0.490361273288727 
1429	 0.489318400621414 
1430	 0.488158166408539 
1431	 0.486904084682465 
1432	 0.485612839460373 
1433	 0.484218448400497 
1434	 0.482859760522842 
1435	 0.481454879045486 
1436	 0.480075031518936 
1437	 0.478681802749634 
1438	 0.477351248264313 
1439	 0.476021409034729 
1440	 0.474755167961121 
1441	 0.473520010709763 
1442	 0.472366720438004 
1443	 0.471199631690979 
1444	 0.470240265130997 
1445	 0.469312787055969 
1446	 0.468707472085953 
1447	 0.468251079320908 
1448	 0.46812117099762 
1449	 0.468309670686722 
1450	 0.46867898106575 
1451	 0.469394683837891 
1452	 0.470145463943481 
1453	 0.471165895462036 
1454	 0.472099155187607 
1455	 0.473149716854095 
1456	 0.474090814590454 
1457	 0.474994570016861 
1458	 0.475854337215424 
1459	 0.476594775915146 
1460	 0.477407068014145 
1461	 0.478179603815079 
1462	 0.479023337364197 
1463	 0.47995263338089 
1464	 0.480878949165344 
1465	 0.481826901435852 
1466	 0.482837051153183 
1467	 0.483778178691864 
1468	 0.484701097011566 
1469	 0.485581874847412 
1470	 0.486360639333725 
1471	 0.487083047628403 
1472	 0.487741857767105 
1473	 0.488341778516769 
1474	 0.488869488239288 
1475	 0.489345043897629 
1476	 0.489762276411057 
1477	 0.490132570266724 
1478	 0.4904405772686 
1479	 0.490695685148239 
1480	 0.490918785333633 
1481	 0.491047322750092 
1482	 0.491071045398712 
1483	 0.491107106208801 
1484	 0.491070419549942 
1485	 0.491058826446533 
1486	 0.491033941507339 
1487	 0.491028130054474 
1488	 0.49097752571106 
1489	 0.491028487682343 
1490	 0.49110534787178 
1491	 0.491270154714584 
1492	 0.4914910197258 
1493	 0.49181467294693 
1494	 0.492229253053665 
1495	 0.492701053619385 
1496	 0.493292659521103 
1497	 0.493885725736618 
1498	 0.494546473026276 
1499	 0.495193868875504 
1500	 0.495888561010361 
1501	 0.496542096138 
1502	 0.497211545705795 
1503	 0.497811615467072 
1504	 0.498375833034515 
1505	 0.498897790908813 
1506	 0.499375700950623 
1507	 0.499804019927979 
1508	 0.50019383430481 
1509	 0.500533103942871 
1510	 0.500811398029327 
1511	 0.501049399375916 
1512	 0.501230359077454 
1513	 0.501391589641571 
1514	 0.501499593257904 
1515	 0.501602053642273 
1516	 0.501679658889771 
1517	 0.501752376556396 
1518	 0.501802980899811 
1519	 0.501858472824097 
1520	 0.501923322677612 
1521	 0.5019690990448 
1522	 0.501996755599976 
1523	 0.502014696598053 
1524	 0.502005398273468 
1525	 0.501964926719666 
1526	 0.50192254781723 
1527	 0.501871645450592 
1528	 0.501793444156647 
1529	 0.501700222492218 
1530	 0.501577377319336 
1531	 0.501419067382813 
1532	 0.501273095607758 
1533	 0.501101016998291 
1534	 0.500960409641266 
1535	 0.50081467628479 
1536	 0.50072318315506 
1537	 0.5006502866745 
1538	 0.500622749328613 
1539	 0.500640034675598 
1540	 0.500685334205627 
1541	 0.500747978687286 
1542	 0.500883281230927 
1543	 0.501073002815247 
1544	 0.501294791698456 
1545	 0.501574397087097 
1546	 0.501878559589386 
1547	 0.50220912694931 
1548	 0.502586901187897 
1549	 0.503012776374817 
1550	 0.503465473651886 
1551	 0.50397002696991 
1552	 0.504468023777008 
1553	 0.504989385604858 
1554	 0.50552237033844 
1555	 0.506081581115723 
1556	 0.506613314151764 
1557	 0.507168292999268 
1558	 0.507676661014557 
1559	 0.508141756057739 
1560	 0.508614182472229 
1561	 0.509073078632355 
1562	 0.509524703025818 
1563	 0.509972035884857 
1564	 0.510405242443085 
1565	 0.5108243227005 
1566	 0.511236608028412 
1567	 0.511656820774078 
1568	 0.512030303478241 
1569	 0.512380182743073 
1570	 0.512708187103271 
1571	 0.512996196746826 
1572	 0.513275027275085 
1573	 0.513525485992432 
1574	 0.513788461685181 
1575	 0.514031529426575 
1576	 0.514290511608124 
1577	 0.514587640762329 
1578	 0.514835178852081 
1579	 0.515052437782288 
1580	 0.515279650688171 
1581	 0.515491127967834 
1582	 0.515692114830017 
1583	 0.515888690948486 
1584	 0.516092419624329 
1585	 0.516274809837341 
1586	 0.516472935676575 
1587	 0.516703069210052 
1588	 0.516907691955566 
1589	 0.517092645168304 
1590	 0.517289698123932 
1591	 0.517484307289124 
1592	 0.517680168151855 
1593	 0.517880618572235 
1594	 0.518083512783051 
1595	 0.518301129341125 
1596	 0.518491089344025 
1597	 0.518670558929443 
1598	 0.518846690654755 
1599	 0.518998563289642 
1600	 0.5191530585289 
1601	 0.519307851791382 
1602	 0.519466578960419 
1603	 0.519632279872894 
1604	 0.519776344299316 
1605	 0.519929051399231 
1606	 0.520050704479218 
1607	 0.5201296210289 
1608	 0.520220279693604 
1609	 0.520304024219513 
1610	 0.520378232002258 
1611	 0.520453274250031 
1612	 0.520515143871307 
1613	 0.520561695098877 
1614	 0.520604372024536 
1615	 0.520649671554565 
1616	 0.520670771598816 
1617	 0.520674049854279 
1618	 0.52066832780838 
1619	 0.5206458568573 
1620	 0.520610392093658 
1621	 0.520556628704071 
1622	 0.520506739616394 
1623	 0.520438253879547 
1624	 0.520380616188049 
1625	 0.520347774028778 
1626	 0.520284235477448 
1627	 0.520208597183228 
1628	 0.520124316215515 
1629	 0.520006537437439 
1630	 0.51990807056427 
1631	 0.51980859041214 
1632	 0.519722878932953 
1633	 0.519655108451843 
1634	 0.519577383995056 
1635	 0.519507169723511 
1636	 0.519431412220001 
1637	 0.51935476064682 
1638	 0.519266188144684 
1639	 0.519166111946106 
1640	 0.519071519374847 
1641	 0.518968999385834 
1642	 0.518868803977966 
1643	 0.518794000148773 
1644	 0.518682241439819 
1645	 0.518549025058746 
1646	 0.518404960632324 
1647	 0.518241584300995 
1648	 0.518059909343719 
1649	 0.517873048782349 
1650	 0.517658174037933 
1651	 0.517408728599548 
1652	 0.517154932022095 
1653	 0.516884028911591 
1654	 0.516601800918579 
1655	 0.516312181949615 
1656	 0.516002178192139 
1657	 0.515686869621277 
1658	 0.515329539775848 
1659	 0.514951348304749 
1660	 0.514540135860443 
1661	 0.514093279838562 
1662	 0.513609647750854 
1663	 0.513100802898407 
1664	 0.512534856796265 
1665	 0.511934399604797 
1666	 0.511265933513641 
1667	 0.510523855686188 
1668	 0.509772658348084 
1669	 0.508981108665466 
1670	 0.508142709732056 
1671	 0.507288217544556 
1672	 0.50635176897049 
1673	 0.505340933799744 
1674	 0.504286348819733 
1675	 0.503189861774445 
1676	 0.502040028572083 
1677	 0.500848054885864 
1678	 0.499576598405838 
1679	 0.498204559087753 
1680	 0.496818363666534 
1681	 0.495383769273758 
1682	 0.493895530700684 
1683	 0.492384493350983 
1684	 0.490824162960052 
1685	 0.489194065332413 
1686	 0.487528860569 
1687	 0.485815525054932 
1688	 0.48405995965004 
1689	 0.482252508401871 
1690	 0.48040035367012 
1691	 0.478515177965164 
1692	 0.476617604494095 
1693	 0.474673748016357 
1694	 0.472713500261307 
1695	 0.470740646123886 
1696	 0.468690037727356 
1697	 0.466579467058182 
1698	 0.464442253112793 
1699	 0.462248116731644 
1700	 0.460110157728195 
1701	 0.457952469587326 
1702	 0.455843925476074 
1703	 0.453709840774536 
1704	 0.45170459151268 
1705	 0.449738055467606 
1706	 0.447867512702942 
1707	 0.446222364902496 
1708	 0.444612443447113 
1709	 0.443107008934021 
1710	 0.441717773675919 
1711	 0.440307527780533 
1712	 0.43903324007988 
1713	 0.43776872754097 
1714	 0.436506807804108 
1715	 0.435395389795303 
1716	 0.434262305498123 
1717	 0.433179467916489 
1718	 0.432182967662811 
1719	 0.431180477142334 
1720	 0.430239826440811 
1721	 0.429338157176971 
1722	 0.428487837314606 
1723	 0.427759557962418 
1724	 0.427130043506622 
1725	 0.42662250995636 
1726	 0.426242530345917 
1727	 0.425987631082535 
1728	 0.425879865884781 
1729	 0.42590793967247 
1730	 0.426106154918671 
1731	 0.426405996084213 
1732	 0.4267737865448 
1733	 0.427189111709595 
1734	 0.427648782730103 
1735	 0.428117990493774 
1736	 0.428546905517578 
1737	 0.428928047418594 
1738	 0.429176270961761 
1739	 0.429316014051437 
1740	 0.429356634616852 
1741	 0.429287374019623 
1742	 0.429081827402115 
1743	 0.428835302591324 
1744	 0.428453356027603 
1745	 0.428104043006897 
1746	 0.42770704627037 
1747	 0.427348047494888 
1748	 0.426969319581985 
1749	 0.426659822463989 
1750	 0.426350474357605 
1751	 0.426156312227249 
1752	 0.426035106182098 
1753	 0.425994992256165 
1754	 0.426048517227173 
1755	 0.426180332899094 
1756	 0.426372915506363 
1757	 0.426696598529816 
1758	 0.427130997180939 
1759	 0.427626967430115 
1760	 0.428197234869003 
1761	 0.42887219786644 
1762	 0.42961061000824 
1763	 0.43046447634697 
1764	 0.431415408849716 
1765	 0.432415246963501 
1766	 0.433481484651566 
1767	 0.434531211853027 
1768	 0.43563038110733 
1769	 0.436743974685669 
1770	 0.437737554311752 
1771	 0.438738375902176 
1772	 0.439679026603699 
1773	 0.440516412258148 
1774	 0.441397070884705 
1775	 0.442185461521149 
1776	 0.442916691303253 
1777	 0.443662405014038 
1778	 0.44430273771286 
1779	 0.444932878017426 
1780	 0.445568650960922 
1781	 0.446146935224533 
1782	 0.446732729673386 
1783	 0.447297811508179 
1784	 0.447830885648727 
1785	 0.448304742574692 
1786	 0.44877216219902 
1787	 0.449228197336197 
1788	 0.449654221534729 
1789	 0.450054079294205 
1790	 0.450458377599716 
1791	 0.450837075710297 
1792	 0.451243489980698 
1793	 0.451676070690155 
1794	 0.452051728963852 
1795	 0.452394604682922 
1796	 0.452688902616501 
1797	 0.452993959188461 
1798	 0.453313887119293 
1799	 0.453625917434692 
1800	 0.453955233097076 
1801	 0.45353576540947 
1802	 0.453810930252075 
1803	 0.45412278175354 
1804	 0.454438477754593 
1805	 0.45475697517395 
1806	 0.455067843198776 
1807	 0.455411106348038 
1808	 0.455709755420685 
1809	 0.455992102622986 
1810	 0.456250548362732 
1811	 0.456471681594849 
1812	 0.456709831953049 
1813	 0.456929832696915 
1814	 0.457161396741867 
1815	 0.457381188869476 
1816	 0.457636624574661 
1817	 0.457904815673828 
1818	 0.458174288272858 
1819	 0.458460092544556 
1820	 0.458794057369232 
1821	 0.459094613790512 
1822	 0.459377557039261 
1823	 0.459685236215591 
1824	 0.459982752799988 
1825	 0.46026536822319 
1826	 0.460522204637527 
1827	 0.460761040449142 
1828	 0.460994720458984 
1829	 0.461198538541794 
1830	 0.461415320634842 
1831	 0.461640805006027 
1832	 0.461856245994568 
1833	 0.462044984102249 
1834	 0.462234735488892 
1835	 0.462424039840698 
1836	 0.462584525346756 
1837	 0.462734133005142 
1838	 0.462867707014084 
1839	 0.463003188371658 
1840	 0.463136434555054 
1841	 0.463245928287506 
1842	 0.463347584009171 
1843	 0.463440269231796 
1844	 0.463513374328613 
1845	 0.46356013417244 
1846	 0.46362316608429 
1847	 0.463680058717728 
1848	 0.463681370019913 
1849	 0.4636589884758 
1850	 0.463594228029251 
1851	 0.463502407073975 
1852	 0.463336288928986 
1853	 0.463131934404373 
1854	 0.462915271520615 
1855	 0.462638109922409 
1856	 0.462326198816299 
1857	 0.461975663900375 
1858	 0.461537837982178 
1859	 0.461066395044327 
1860	 0.460544675588608 
1861	 0.459968715906143 
1862	 0.459338009357452 
1863	 0.458686918020248 
1864	 0.457965880632401 
1865	 0.457196742296219 
1866	 0.45637509226799 
1867	 0.455452352762222 
1868	 0.454486399888992 
1869	 0.453415721654892 
1870	 0.45228573679924 
1871	 0.45109948515892 
1872	 0.449862748384476 
1873	 0.448550254106522 
1874	 0.447230845689774 
1875	 0.445848375558853 
1876	 0.444314301013947 
1877	 0.442803770303726 
1878	 0.441166162490845 
1879	 0.439419478178024 
1880	 0.437760561704636 
1881	 0.435980290174484 
1882	 0.434098333120346 
1883	 0.432168781757355 
1884	 0.430187433958054 
1885	 0.427983194589615 
1886	 0.425781577825546 
1887	 0.42346653342247 
1888	 0.421032607555389 
1889	 0.418742269277573 
1890	 0.416309833526611 
1891	 0.413891315460205 
1892	 0.411547750234604 
1893	 0.409112930297852 
1894	 0.406563460826874 
1895	 0.40413910150528 
1896	 0.401698619127274 
1897	 0.399244993925095 
1898	 0.397022873163223 
1899	 0.394778937101364 
1900	 0.392598897218704 
1901	 0.390534311532974 
1902	 0.388372540473938 
1903	 0.386318802833557 
1904	 0.384326547384262 
1905	 0.382370293140411 
1906	 0.380459994077683 
1907	 0.378764867782593 
1908	 0.377076536417007 
1909	 0.375447422266006 
1910	 0.373912453651428 
1911	 0.37231120467186 
1912	 0.370817720890045 
1913	 0.369362413883209 
1914	 0.367884904146194 
1915	 0.366503119468689 
1916	 0.365223109722137 
1917	 0.363901495933533 
1918	 0.362618505954742 
1919	 0.361408650875092 
1920	 0.360120475292206 
1921	 0.358886182308197 
1922	 0.357648760080338 
1923	 0.35639014840126 
1924	 0.355236172676086 
1925	 0.354063123464584 
1926	 0.352932453155518 
1927	 0.35185381770134 
1928	 0.350784927606583 
1929	 0.349711686372757 
1930	 0.348710179328918 
1931	 0.34774249792099 
1932	 0.346831142902374 
1933	 0.346045613288879 
1934	 0.3453389108181 
1935	 0.344734966754913 
1936	 0.344219416379929 
1937	 0.34375262260437 
1938	 0.343350440263748 
1939	 0.343033462762833 
1940	 0.342776030302048 
1941	 0.342601537704468 
1942	 0.342535436153412 
1943	 0.342539370059967 
1944	 0.34261479973793 
1945	 0.342767149209976 
1946	 0.342990785837173 
1947	 0.343251466751099 
1948	 0.343616038560867 
1949	 0.344070732593536 
1950	 0.344585597515106 
1951	 0.345178812742233 
1952	 0.345863729715347 
1953	 0.346612870693207 
1954	 0.347452402114868 
1955	 0.348420143127441 
1956	 0.349431812763214 
1957	 0.350487887859344 
1958	 0.35156461596489 
1959	 0.352548032999039 
1960	 0.353493392467499 
1961	 0.354361236095428 
1962	 0.355146497488022 
1963	 0.355874836444855 
1964	 0.35657462477684 
1965	 0.357151508331299 
1966	 0.35762944817543 
1967	 0.358049392700195 
1968	 0.358404666185379 
1969	 0.358734250068665 
1970	 0.359050154685974 
1971	 0.359382927417755 
1972	 0.359722584486008 
1973	 0.360049396753311 
1974	 0.360430687665939 
1975	 0.360865980386734 
1976	 0.361296147108078 
1977	 0.361743777990341 
1978	 0.362223953008652 
1979	 0.362719833850861 
1980	 0.363225728273392 
1981	 0.363808631896973 
1982	 0.364381581544876 
1983	 0.364990472793579 
1984	 0.365635544061661 
1985	 0.366266399621964 
1986	 0.366949826478958 
1987	 0.36771085858345 
1988	 0.368476688861847 
1989	 0.369403123855591 
1990	 0.37043696641922 
1991	 0.371551513671875 
1992	 0.372776627540588 
1993	 0.374119311571121 
1994	 0.375441610813141 
1995	 0.376908719539642 
1996	 0.378415316343308 
1997	 0.379952222108841 
1998	 0.381561279296875 
1999	 0.383283197879791 
2000	 0.384924560785294 
2001	 0.386663168668747 
2002	 0.388245314359665 
2003	 0.389763355255127 
2004	 0.391231447458267 
2005	 0.392585247755051 
2006	 0.39393413066864 
2007	 0.39528426527977 
2008	 0.396535128355026 
2009	 0.397737562656403 
2010	 0.398882329463959 
2011	 0.399879515171051 
2012	 0.400839179754257 
2013	 0.401739537715912 
2014	 0.40254607796669 
2015	 0.403348505496979 
2016	 0.404125988483429 
2017	 0.404831945896149 
2018	 0.405513316392899 
2019	 0.406113803386688 
2020	 0.406627744436264 
2021	 0.407095074653625 
2022	 0.407538384199142 
2023	 0.407932162284851 
2024	 0.408300697803497 
2025	 0.40863162279129 
2026	 0.408915966749191 
2027	 0.409145444631577 
2028	 0.409346729516983 
2029	 0.409487694501877 
2030	 0.409646302461624 
2031	 0.40978130698204 
2032	 0.409903526306152 
2033	 0.410031765699387 
2034	 0.410124719142914 
2035	 0.41017884016037 
2036	 0.410227596759796 
2037	 0.410265505313873 
2038	 0.410301595926285 
2039	 0.41033735871315 
2040	 0.4103644490242 
2041	 0.410406678915024 
2042	 0.410442382097244 
2043	 0.410506188869476 
2044	 0.410610139369965 
2045	 0.410677373409271 
2046	 0.410740196704865 
2047	 0.410803973674774 
2048	 0.410851120948792 
2049	 0.410897314548492 
2050	 0.410958588123322 
2051	 0.411006599664688 
2052	 0.41101861000061 
2053	 0.411026984453201 
2054	 0.411031872034073 
2055	 0.411023527383804 
2056	 0.411016196012497 
2057	 0.411018878221512 
2058	 0.410984575748444 
2059	 0.410913437604904 
2060	 0.410872220993042 
2061	 0.410819053649902 
2062	 0.410780847072601 
2063	 0.410771042108536 
2064	 0.410747468471527 
2065	 0.41072490811348 
2066	 0.410684615373611 
2067	 0.410654246807098 
2068	 0.410621464252472 
2069	 0.410588771104813 
2070	 0.410553723573685 
2071	 0.410520136356354 
2072	 0.41048875451088 
2073	 0.410458713769913 
2074	 0.410421639680862 
2075	 0.410395056009293 
2076	 0.410388737916946 
2077	 0.410356462001801 
2078	 0.410339593887329 
2079	 0.410281211137772 
2080	 0.41018271446228 
2081	 0.410082787275314 
2082	 0.409969121217728 
2083	 0.409828037023544 
2084	 0.409675717353821 
2085	 0.409538477659225 
2086	 0.409381479024887 
2087	 0.409201204776764 
2088	 0.409033983945847 
2089	 0.408865571022034 
2090	 0.408696383237839 
2091	 0.408552080392838 
2092	 0.408357441425323 
2093	 0.408135652542114 
2094	 0.407915651798248 
2095	 0.407661229372025 
2096	 0.407409310340881 
2097	 0.407172054052353 
2098	 0.406915217638016 
2099	 0.406626999378204 
2100	 0.406320035457611 
2101	 0.406005382537842 
2102	 0.40567147731781 
2103	 0.405337184667587 
2104	 0.404987990856171 
2105	 0.404645353555679 
2106	 0.404309451580048 
2107	 0.403942853212357 
2108	 0.403570562601089 
2109	 0.40318563580513 
2110	 0.402766436338425 
2111	 0.40235835313797 
2112	 0.40196031332016 
2113	 0.401535183191299 
2114	 0.401101648807526 
2115	 0.400650411844254 
2116	 0.400174111127853 
2117	 0.399698078632355 
2118	 0.399196028709412 
2119	 0.398662447929382 
2120	 0.398164331912994 
2121	 0.397647947072983 
2122	 0.397166937589645 
2123	 0.396721690893173 
2124	 0.396269768476486 
2125	 0.395827949047089 
2126	 0.395387440919876 
2127	 0.394941210746765 
2128	 0.394525796175003 
2129	 0.394117087125778 
2130	 0.393731355667114 
2131	 0.393393158912659 
2132	 0.393034607172012 
2133	 0.392658710479736 
2134	 0.392327636480331 
2135	 0.391985476016998 
2136	 0.391655772924423 
2137	 0.391327351331711 
2138	 0.391019403934479 
2139	 0.390691429376602 
2140	 0.390348106622696 
2141	 0.390025109052658 
2142	 0.389721095561981 
2143	 0.389387458562851 
2144	 0.389058142900467 
2145	 0.388709366321564 
2146	 0.388319104909897 
2147	 0.3879514336586 
2148	 0.387586027383804 
2149	 0.387224555015564 
2150	 0.386887788772583 
2151	 0.386522442102432 
2152	 0.386146694421768 
2153	 0.385766506195068 
2154	 0.385354191064835 
2155	 0.384929448366165 
2156	 0.384513765573502 
2157	 0.384104937314987 
2158	 0.383658081293106 
2159	 0.383214384317398 
2160	 0.382718116044998 
2161	 0.382158726453781 
2162	 0.381637990474701 
2163	 0.381096094846725 
2164	 0.380572289228439 
2165	 0.380079478025436 
2166	 0.379558384418488 
2167	 0.379026293754578 
2168	 0.378490030765533 
2169	 0.377932131290436 
2170	 0.377393931150436 
2171	 0.37683317065239 
2172	 0.376316577196121 
2173	 0.375835537910461 
2174	 0.375356316566467 
2175	 0.374899357557297 
2176	 0.374482482671738 
2177	 0.374063611030579 
2178	 0.373649179935455 
2179	 0.37326967716217 
2180	 0.372905135154724 
2181	 0.372579216957092 
2182	 0.372306287288666 
2183	 0.371995955705643 
2184	 0.371711134910584 
2185	 0.37139680981636 
2186	 0.371051579713821 
2187	 0.370721936225891 
2188	 0.370403110980988 
2189	 0.370056658983231 
2190	 0.369707703590393 
2191	 0.369331181049347 
2192	 0.368958473205566 
2193	 0.368521839380264 
2194	 0.368059098720551 
2195	 0.367540568113327 
2196	 0.366951823234558 
2197	 0.366318553686142 
2198	 0.365702927112579 
2199	 0.365029126405716 
2200	 0.364348173141479 
2201	 0.36366081237793 
2202	 0.362929105758667 
2203	 0.362134784460068 
2204	 0.36138927936554 
2205	 0.360600739717484 
2206	 0.359907954931259 
2207	 0.359249234199524 
2208	 0.358650892972946 
2209	 0.358112335205078 
2210	 0.357623100280762 
2211	 0.357194095849991 
2212	 0.356803745031357 
2213	 0.35646989941597 
2214	 0.356171637773514 
2215	 0.355947911739349 
2216	 0.355699390172958 
2217	 0.355484783649445 
2218	 0.355261385440826 
2219	 0.355006992816925 
2220	 0.354791283607483 
2221	 0.354604452848434 
2222	 0.354428023099899 
2223	 0.354247540235519 
2224	 0.35409089922905 
2225	 0.353926867246628 
2226	 0.353728085756302 
2227	 0.353462845087051 
2228	 0.353187173604965 
2229	 0.352799236774445 
2230	 0.35232076048851 
2231	 0.351794332265854 
2232	 0.35122737288475 
2233	 0.350519150495529 
2234	 0.349759489297867 
2235	 0.348812341690063 
2236	 0.347714632749558 
2237	 0.346499025821686 
2238	 0.3451107442379 
2239	 0.343648612499237 
2240	 0.342062175273895 
2241	 0.340378493070602 
2242	 0.338649213314056 
2243	 0.336720108985901 
2244	 0.334577828645706 
2245	 0.33242204785347 
2246	 0.330025613307953 
2247	 0.327723801136017 
2248	 0.325429141521454 
2249	 0.323142021894455 
2250	 0.320858716964722 
2251	 0.318634033203125 
2252	 0.316275060176849 
2253	 0.314049601554871 
2254	 0.311839401721954 
2255	 0.309640794992447 
2256	 0.30769407749176 
2257	 0.305734694004059 
2258	 0.303779929876328 
2259	 0.301945686340332 
2260	 0.299936681985855 
2261	 0.297829031944275 
2262	 0.295768201351166 
2263	 0.293574988842011 
2264	 0.291564077138901 
2265	 0.289615154266357 
2266	 0.287750422954559 
2267	 0.285976767539978 
2268	 0.284293830394745 
2269	 0.282642960548401 
2270	 0.281208753585815 
2271	 0.279897153377533 
2272	 0.278755396604538 
2273	 0.277870833873749 
2274	 0.276982694864273 
2275	 0.276287406682968 
2276	 0.275506138801575 
2277	 0.274809062480927 
2278	 0.273991107940674 
2279	 0.273102849721909 
2280	 0.272168457508087 
2281	 0.271203607320786 
2282	 0.270105451345444 
2283	 0.26892215013504 
2284	 0.267695069313049 
2285	 0.266229897737503 
2286	 0.264707803726196 
2287	 0.263104617595673 
2288	 0.261406421661377 
2289	 0.259815633296967 
2290	 0.258131623268127 
2291	 0.256434172391891 
2292	 0.254747122526169 
2293	 0.252917021512985 
2294	 0.251168578863144 
2295	 0.249495267868042 
2296	 0.247883781790733 
2297	 0.24650102853775 
2298	 0.245264977216721 
2299	 0.244235917925835 
2300	 0.243416503071785 
2301	 0.242765173316002 
2302	 0.242275506258011 
2303	 0.242052376270294 
2304	 0.242065712809563 
2305	 0.242249816656113 
2306	 0.242692738771439 
2307	 0.243309870362282 
2308	 0.244104102253914 
2309	 0.245102912187576 
2310	 0.246413946151733 
2311	 0.247716292738914 
2312	 0.249242007732391 
2313	 0.250699490308762 
2314	 0.252220094203949 
2315	 0.253710597753525 
2316	 0.255219846963882 
2317	 0.256657749414444 
2318	 0.258154690265656 
2319	 0.259419053792953 
2320	 0.260638564825058 
2321	 0.261605083942413 
2322	 0.262314349412918 
2323	 0.262927830219269 
2324	 0.263336032629013 
2325	 0.263637036085129 
2326	 0.263840198516846 
2327	 0.26385760307312 
2328	 0.263685435056686 
2329	 0.263399958610535 
2330	 0.262939661741257 
2331	 0.262348383665085 
2332	 0.261679619550705 
2333	 0.260890364646912 
2334	 0.259932786226273 
2335	 0.258897691965103 
2336	 0.25775334239006 
2337	 0.256518840789795 
2338	 0.255309462547302 
2339	 0.25403767824173 
2340	 0.252788364887238 
2341	 0.251564294099808 
2342	 0.250347763299942 
2343	 0.249298378825188 
2344	 0.248393639922142 
2345	 0.247673660516739 
2346	 0.247215911746025 
2347	 0.247003972530365 
2348	 0.247006922960281 
2349	 0.247301056981087 
2350	 0.247795045375824 
2351	 0.248436599969864 
2352	 0.249265342950821 
2353	 0.250220358371735 
2354	 0.251139014959335 
2355	 0.252048045396805 
2356	 0.252867996692657 
2357	 0.253500461578369 
2358	 0.254070490598679 
2359	 0.254493415355682 
2360	 0.254806309938431 
2361	 0.254970163106918 
2362	 0.254980266094208 
2363	 0.254925101995468 
2364	 0.254773199558258 
2365	 0.254546761512756 
2366	 0.254321664571762 
2367	 0.254112362861633 
2368	 0.253858000040054 
2369	 0.253580719232559 
2370	 0.253298252820969 
2371	 0.253038913011551 
2372	 0.252835929393768 
2373	 0.252665728330612 
2374	 0.252514660358429 
2375	 0.252265840768814 
2376	 0.251958608627319 
2377	 0.251709520816803 
2378	 0.251422315835953 
2379	 0.251168608665466 
2380	 0.250957697629929 
2381	 0.250673174858093 
2382	 0.250386893749237 
2383	 0.250067859888077 
2384	 0.249790400266647 
2385	 0.249506384134293 
2386	 0.249280333518982 
2387	 0.249140501022339 
2388	 0.248900219798088 
2389	 0.248625069856644 
2390	 0.248342275619507 
2391	 0.248030483722687 
2392	 0.247714355587959 
2393	 0.247365966439247 
2394	 0.247093081474304 
2395	 0.24680782854557 
2396	 0.246532618999481 
2397	 0.246347412467003 
2398	 0.246122762560844 
2399	 0.245866686105728 
2400	 0.245614156126976 
2401	 0.245393052697182 
2402	 0.245107039809227 
2403	 0.244845360517502 
2404	 0.244661808013916 
2405	 0.244387656450272 
2406	 0.244152709841728 
2407	 0.243951469659805 
2408	 0.24367967247963 
2409	 0.243477329611778 
2410	 0.243235498666763 
2411	 0.24290406703949 
2412	 0.242666706442833 
2413	 0.242465153336525 
2414	 0.242337301373482 
2415	 0.242287069559097 
2416	 0.24219836294651 
2417	 0.242148444056511 
2418	 0.242021128535271 
2419	 0.241854161024094 
2420	 0.241803720593452 
2421	 0.241748288273811 
2422	 0.24173241853714 
2423	 0.24174764752388 
2424	 0.241672426462173 
2425	 0.241478443145752 
2426	 0.241351678967476 
2427	 0.241331860423088 
2428	 0.241254195570946 
2429	 0.241210505366325 
2430	 0.241062581539154 
2431	 0.240778684616089 
2432	 0.240603968501091 
2433	 0.240452572703362 
2434	 0.240393102169037 
2435	 0.240436941385269 
2436	 0.240428641438484 
2437	 0.240439131855965 
2438	 0.240385964512825 
2439	 0.240275949239731 
2440	 0.240098342299461 
2441	 0.239911124110222 
2442	 0.239798441529274 
2443	 0.239694893360138 
2444	 0.23976831138134 
2445	 0.239915266633034 
2446	 0.239909112453461 
2447	 0.239800170063972 
2448	 0.23952354490757 
2449	 0.239121407270432 
2450	 0.23882269859314 
2451	 0.238708987832069 
2452	 0.238703086972237 
2453	 0.23858568072319 
2454	 0.238370850682259 
2455	 0.238154605031013 
2456	 0.23796235024929 
2457	 0.237794071435928 
2458	 0.237709015607834 
2459	 0.237589791417122 
2460	 0.237185969948769 
2461	 0.236904233694077 
2462	 0.236824363470078 
2463	 0.236599326133728 
2464	 0.236485689878464 
2465	 0.236410319805145 
2466	 0.235991835594177 
2467	 0.235666260123253 
2468	 0.235472545027733 
2469	 0.235124871134758 
2470	 0.235061973333359 
2471	 0.235016092658043 
2472	 0.234817892313004 
2473	 0.234782159328461 
2474	 0.234540000557899 
2475	 0.234301343560219 
2476	 0.23424531519413 
2477	 0.234120205044746 
2478	 0.234177872538567 
2479	 0.234262645244598 
2480	 0.234213814139366 
2481	 0.23405334353447 
2482	 0.233671069145203 
2483	 0.233598098158836 
2484	 0.233426168560982 
2485	 0.233394786715508 
2486	 0.233585774898529 
2487	 0.233589306473732 
2488	 0.233815312385559 
2489	 0.234167724847794 
2490	 0.234052658081055 
2491	 0.234051659703255 
2492	 0.23410701751709 
2493	 0.234221711754799 
2494	 0.234646797180176 
2495	 0.234964042901993 
2496	 0.235099792480469 
2497	 0.235309153795242 
2498	 0.23575185239315 
2499	 0.235958337783813 
2500	 0.23636782169342 
