Wavelength	Echave.105
350	 0.10110130906105 
351	 0.103689692914486 
352	 0.100237786769867 
353	 8.85240510106087E-02 
354	 8.88978317379951E-02 
355	 8.62384811043739E-02 
356	 8.50221663713455E-02 
357	 8.94204378128052E-02 
358	 9.11766141653061E-02 
359	 8.63176435232162E-02 
360	 0.079509973526001 
361	 7.86373466253281E-02 
362	 0.076816089451313 
363	 7.53276348114014E-02 
364	 7.42617845535278E-02 
365	 7.12088197469711E-02 
366	 7.20107927918434E-02 
367	 7.17002972960472E-02 
368	 6.67392835021019E-02 
369	 6.59802779555321E-02 
370	 6.78329914808273E-02 
371	 6.90838918089867E-02 
372	 0.066372349858284 
373	 6.20499290525913E-02 
374	 6.23445026576519E-02 
375	 6.67245909571648E-02 
376	 0.065252959728241 
377	 6.58116117119789E-02 
378	 6.54867887496948E-02 
379	 0.061807706952095 
380	 6.28449469804764E-02 
381	 6.19237534701824E-02 
382	 5.95173351466656E-02 
383	 5.99981658160686E-02 
384	 6.16405084729195E-02 
385	 6.32433220744133E-02 
386	 6.28136470913887E-02 
387	 5.68813234567642E-02 
388	 5.55625110864639E-02 
389	 5.86486905813217E-02 
390	 6.19135834276676E-02 
391	 5.82099109888077E-02 
392	 5.57950437068939E-02 
393	 5.69903068244457E-02 
394	 5.95532394945621E-02 
395	 5.97355999052525E-02 
396	 5.94734139740467E-02 
397	 5.99318891763687E-02 
398	 0.059726670384407 
399	 6.01940453052521E-02 
400	 6.06951788067818E-02 
401	 6.04939609766006E-02 
402	 6.07203282415867E-02 
403	 0.061533585190773 
404	 6.22095875442028E-02 
405	 6.16602003574371E-02 
406	 6.20638839900494E-02 
407	 6.35617449879646E-02 
408	 6.55659511685371E-02 
409	 0.066918320953846 
410	 6.68955445289612E-02 
411	 6.65062367916107E-02 
412	 6.70802742242813E-02 
413	 6.84219300746918E-02 
414	 6.94100335240364E-02 
415	 6.96857199072838E-02 
416	 6.96428641676903E-02 
417	 7.08380714058876E-02 
418	 7.20566138625145E-02 
419	 7.25407376885414E-02 
420	 7.37327113747597E-02 
421	 7.47900232672691E-02 
422	 7.58205428719521E-02 
423	 7.71797001361847E-02 
424	 7.83539563417435E-02 
425	 7.90256559848785E-02 
426	 7.95178487896919E-02 
427	 0.080804280936718 
428	 8.21110382676125E-02 
429	 8.31731110811234E-02 
430	 8.39976593852043E-02 
431	 8.49718824028969E-02 
432	 8.63209292292595E-02 
433	 8.77084955573082E-02 
434	 8.86180028319359E-02 
435	 8.99099707603455E-02 
436	 9.12177860736847E-02 
437	 9.22901630401611E-02 
438	 9.32472720742226E-02 
439	 9.42424610257149E-02 
440	 9.52666997909546E-02 
441	 9.63128581643105E-02 
442	 0.09764214605093 
443	 9.88188236951828E-02 
444	 9.98848229646683E-02 
445	 0.101236544549465 
446	 0.102397538721561 
447	 0.103599697351456 
448	 0.104875549674034 
449	 0.105512514710426 
450	 0.106489136815071 
451	 0.107746459543705 
452	 0.108873292803764 
453	 0.109975703060627 
454	 0.111013248562813 
455	 0.11198041588068 
456	 0.112921051681042 
457	 0.11400144547224 
458	 0.115007795393467 
459	 0.115898795425892 
460	 0.117482468485832 
461	 0.118377976119518 
462	 0.118931651115417 
463	 0.120270140469074 
464	 0.121230363845825 
465	 0.122132815420628 
466	 0.12315845489502 
467	 0.12402731180191 
468	 0.124974027276039 
469	 0.12592388689518 
470	 0.12677563726902 
471	 0.127661421895027 
472	 0.128740727901459 
473	 0.129823476076126 
474	 0.130504935979843 
475	 0.131452620029449 
476	 0.132484495639801 
477	 0.133368536829948 
478	 0.134048283100128 
479	 0.134815528988838 
480	 0.135639071464539 
481	 0.136407762765884 
482	 0.137418374419212 
483	 0.13824637234211 
484	 0.138924419879913 
485	 0.140033572912216 
486	 0.140761539340019 
487	 0.141493871808052 
488	 0.142562627792358 
489	 0.143291011452675 
490	 0.143882244825363 
491	 0.144575491547585 
492	 0.145562961697578 
493	 0.146392524242401 
494	 0.147171095013618 
495	 0.148000448942184 
496	 0.148859336972237 
497	 0.149666488170624 
498	 0.150484994053841 
499	 0.15137305855751 
500	 0.152164310216904 
501	 0.152885898947716 
502	 0.153638273477554 
503	 0.154555320739746 
504	 0.155297324061394 
505	 0.155979692935944 
506	 0.156695634126663 
507	 0.157254979014397 
508	 0.157938688993454 
509	 0.158799096941948 
510	 0.159735023975372 
511	 0.160394236445427 
512	 0.161067828536034 
513	 0.161853864789009 
514	 0.16253274679184 
515	 0.163238599896431 
516	 0.163889855146408 
517	 0.164434894919395 
518	 0.165101125836372 
519	 0.165795847773552 
520	 0.166497141122818 
521	 0.167223960161209 
522	 0.167844951152802 
523	 0.16842158138752 
524	 0.169027164578438 
525	 0.16970457136631 
526	 0.170404508709908 
527	 0.171091452240944 
528	 0.171751022338867 
529	 0.172451466321945 
530	 0.173150554299355 
531	 0.173820331692696 
532	 0.174455493688583 
533	 0.175112679600716 
534	 0.175789833068848 
535	 0.176475524902344 
536	 0.177177906036377 
537	 0.177894830703735 
538	 0.17857252061367 
539	 0.179154217243195 
540	 0.179800912737846 
541	 0.180504277348518 
542	 0.181205376982689 
543	 0.181792393326759 
544	 0.182440251111984 
545	 0.183094799518585 
546	 0.183669880032539 
547	 0.184270694851875 
548	 0.184885770082474 
549	 0.185495913028717 
550	 0.186080396175385 
551	 0.186678513884544 
552	 0.187301352620125 
553	 0.187927395105362 
554	 0.188456058502197 
555	 0.189052253961563 
556	 0.18968990445137 
557	 0.190265193581581 
558	 0.190853998064995 
559	 0.191459536552429 
560	 0.192064598202705 
561	 0.192633613944054 
562	 0.193264096975327 
563	 0.19390307366848 
564	 0.194501012563705 
565	 0.195192441344261 
566	 0.195860370993614 
567	 0.19647978246212 
568	 0.197099536657333 
569	 0.197739809751511 
570	 0.19841256737709 
571	 0.199125081300735 
572	 0.199882239103317 
573	 0.200680330395699 
574	 0.201455369591713 
575	 0.202147021889687 
576	 0.202845633029938 
577	 0.20357072353363 
578	 0.204300254583359 
579	 0.204972207546234 
580	 0.205722779035568 
581	 0.206479027867317 
582	 0.207190826535225 
583	 0.208030879497528 
584	 0.208872437477112 
585	 0.209639146924019 
586	 0.210308432579041 
587	 0.211043789982796 
588	 0.211805269122124 
589	 0.212518528103828 
590	 0.213088572025299 
591	 0.213665410876274 
592	 0.214271202683449 
593	 0.214873075485229 
594	 0.215395480394363 
595	 0.215867668390274 
596	 0.216333255171776 
597	 0.216834276914597 
598	 0.217208623886108 
599	 0.217563763260841 
600	 0.217979595065117 
601	 0.218347206711769 
602	 0.218707352876663 
603	 0.219044178724289 
604	 0.219332993030548 
605	 0.219650283455849 
606	 0.21993599832058 
607	 0.220159381628036 
608	 0.220338821411133 
609	 0.220500931143761 
610	 0.22063797712326 
611	 0.220749855041504 
612	 0.220899030566216 
613	 0.220990419387817 
614	 0.221063852310181 
615	 0.221226528286934 
616	 0.221310123801231 
617	 0.221347644925117 
618	 0.221401616930962 
619	 0.221546575427055 
620	 0.221593782305717 
621	 0.221590504050255 
622	 0.221642315387726 
623	 0.221714839339256 
624	 0.221761077642441 
625	 0.221778079867363 
626	 0.221804529428482 
627	 0.221841678023338 
628	 0.221879288554192 
629	 0.221910431981087 
630	 0.221949249505997 
631	 0.221938624978065 
632	 0.221921384334564 
633	 0.221965834498405 
634	 0.221973404288292 
635	 0.22198286652565 
636	 0.222008168697357 
637	 0.222018629312515 
638	 0.22203703224659 
639	 0.222027704119682 
640	 0.22198785841465 
641	 0.222071796655655 
642	 0.222119763493538 
643	 0.222119405865669 
644	 0.222149237990379 
645	 0.222202613949776 
646	 0.22223025560379 
647	 0.222232758998871 
648	 0.222303241491318 
649	 0.222326382994652 
650	 0.222368061542511 
651	 0.222491338849068 
652	 0.222500652074814 
653	 0.222538366913795 
654	 0.222619265317917 
655	 0.222651451826096 
656	 0.222668468952179 
657	 0.222730651497841 
658	 0.222848176956177 
659	 0.222915306687355 
660	 0.223009824752808 
661	 0.223127916455269 
662	 0.223243713378906 
663	 0.223385095596313 
664	 0.223500832915306 
665	 0.223598703742027 
666	 0.223746478557587 
667	 0.223896071314812 
668	 0.22400937974453 
669	 0.224089130759239 
670	 0.224229633808136 
671	 0.224433302879333 
672	 0.224648848176003 
673	 0.224813744425774 
674	 0.224991217255592 
675	 0.225168347358704 
676	 0.225343450903893 
677	 0.22553588449955 
678	 0.225798383355141 
679	 0.226057663559914 
680	 0.226248532533646 
681	 0.226415902376175 
682	 0.226637989282608 
683	 0.226908102631569 
684	 0.227169573307037 
685	 0.227406680583954 
686	 0.227608159184456 
687	 0.22780442237854 
688	 0.228078976273537 
689	 0.228379338979721 
690	 0.228673875331879 
691	 0.228950962424278 
692	 0.229251489043236 
693	 0.229534581303596 
694	 0.229800999164581 
695	 0.230075791478157 
696	 0.230343207716942 
697	 0.230580717325211 
698	 0.230804175138474 
699	 0.2310880869627 
700	 0.231401771306992 
701	 0.231705278158188 
702	 0.231963410973549 
703	 0.232159435749054 
704	 0.232430726289749 
705	 0.23275351524353 
706	 0.232997879385948 
707	 0.233199939131737 
708	 0.233378544449806 
709	 0.233584210276604 
710	 0.233927041292191 
711	 0.234194710850716 
712	 0.234355300664902 
713	 0.234462812542915 
714	 0.234652489423752 
715	 0.23487015068531 
716	 0.23506186902523 
717	 0.235190719366074 
718	 0.235367149114609 
719	 0.235515519976616 
720	 0.235611706972122 
721	 0.235759526491165 
722	 0.235951498150826 
723	 0.236122667789459 
724	 0.23622564971447 
725	 0.236365988850594 
726	 0.23646342754364 
727	 0.23654143512249 
728	 0.236687302589417 
729	 0.236826971173286 
730	 0.236896559596062 
731	 0.236907064914703 
732	 0.236982047557831 
733	 0.237152308225632 
734	 0.237326398491859 
735	 0.2374057918787 
736	 0.237416207790375 
737	 0.237445443868637 
738	 0.237538874149323 
739	 0.2376948595047 
740	 0.237808033823967 
741	 0.237875610589981 
742	 0.237908765673637 
743	 0.237915307283401 
744	 0.237979575991631 
745	 0.238052040338516 
746	 0.238086521625519 
747	 0.238186582922935 
748	 0.238268539309502 
749	 0.238286718726158 
750	 0.238239258527756 
751	 0.238250061869621 
752	 0.238292664289474 
753	 0.238333910703659 
754	 0.238355502486229 
755	 0.238340139389038 
756	 0.238346844911575 
757	 0.238411128520966 
758	 0.238454237580299 
759	 0.238480001688004 
760	 0.238472148776054 
761	 0.238427191972733 
762	 0.238457456231117 
763	 0.238532513380051 
764	 0.238587290048599 
765	 0.238542839884758 
766	 0.238518714904785 
767	 0.238498687744141 
768	 0.238477542996407 
769	 0.238546311855316 
770	 0.238581225275993 
771	 0.238578274846077 
772	 0.238573402166367 
773	 0.238554939627647 
774	 0.238540649414063 
775	 0.238547310233116 
776	 0.238586217164993 
777	 0.238639041781425 
778	 0.238673657178879 
779	 0.238661423325539 
780	 0.238577678799629 
781	 0.238587662577629 
782	 0.23863585293293 
783	 0.23863622546196 
784	 0.23864534497261 
785	 0.238653615117073 
786	 0.238663524389267 
787	 0.238684549927711 
788	 0.238735496997833 
789	 0.238718628883362 
790	 0.238632723689079 
791	 0.23860003054142 
792	 0.238675430417061 
793	 0.238734662532806 
794	 0.238695740699768 
795	 0.238671332597733 
796	 0.238663911819458 
797	 0.238649606704712 
798	 0.238611951470375 
799	 0.23864221572876 
800	 0.238640040159225 
801	 0.238607540726662 
802	 0.238622471690178 
803	 0.23860901594162 
804	 0.238600999116898 
805	 0.238615587353706 
806	 0.23862387239933 
807	 0.238674312829971 
808	 0.23873607814312 
809	 0.238766044378281 
810	 0.238740026950836 
811	 0.238763600587845 
812	 0.238822534680367 
813	 0.238852575421333 
814	 0.238859370350838 
815	 0.238871574401855 
816	 0.238894283771515 
817	 0.238910138607025 
818	 0.238912999629974 
819	 0.238962337374687 
820	 0.239056602120399 
821	 0.239082604646683 
822	 0.239082857966423 
823	 0.239120438694954 
824	 0.239219844341278 
825	 0.239272251725197 
826	 0.239299803972244 
827	 0.239352703094482 
828	 0.239462077617645 
829	 0.23947311937809 
830	 0.239476010203362 
831	 0.239517107605934 
832	 0.239585056900978 
833	 0.239641308784485 
834	 0.239669412374496 
835	 0.239697948098183 
836	 0.239813879132271 
837	 0.239895790815353 
838	 0.239933863282204 
839	 0.239970773458481 
840	 0.24012017250061 
841	 0.240170851349831 
842	 0.240165278315544 
843	 0.240228846669197 
844	 0.240324452519417 
845	 0.24041536450386 
846	 0.240475058555603 
847	 0.240501582622528 
848	 0.240610003471375 
849	 0.24071928858757 
850	 0.240801751613617 
851	 0.240922629833221 
852	 0.241010680794716 
853	 0.241113618016243 
854	 0.241257518529892 
855	 0.241370588541031 
856	 0.241509467363358 
857	 0.241662487387657 
858	 0.241806820034981 
859	 0.241964012384415 
860	 0.242091372609138 
861	 0.242224723100662 
862	 0.2424136698246 
863	 0.242535501718521 
864	 0.242640435695648 
865	 0.242785140872002 
866	 0.243005573749542 
867	 0.243189230561256 
868	 0.243382573127747 
869	 0.243580520153046 
870	 0.243685647845268 
871	 0.24390135705471 
872	 0.244142606854439 
873	 0.244332432746887 
874	 0.244559943675995 
875	 0.244771137833595 
876	 0.244959309697151 
877	 0.245145410299301 
878	 0.245391353964806 
879	 0.245616301894188 
880	 0.245834141969681 
881	 0.246087312698364 
882	 0.246296003460884 
883	 0.246513903141022 
884	 0.246766850352287 
885	 0.247042015194893 
886	 0.247246012091637 
887	 0.247477874159813 
888	 0.247768327593803 
889	 0.24804599583149 
890	 0.248330533504486 
891	 0.248627051711082 
892	 0.24890311062336 
893	 0.249068826436996 
894	 0.249322026968002 
895	 0.249652460217476 
896	 0.249987825751305 
897	 0.250251293182373 
898	 0.250499904155731 
899	 0.25077560544014 
900	 0.251091361045837 
901	 0.251371115446091 
902	 0.251673877239227 
903	 0.251974433660507 
904	 0.252226412296295 
905	 0.25250706076622 
906	 0.252819210290909 
907	 0.253175467252731 
908	 0.253580749034882 
909	 0.253928452730179 
910	 0.254237174987793 
911	 0.254531234502792 
912	 0.254832476377487 
913	 0.255235135555267 
914	 0.255650848150253 
915	 0.256025612354279 
916	 0.256394505500793 
917	 0.256765097379684 
918	 0.257132947444916 
919	 0.257505655288696 
920	 0.257917433977127 
921	 0.258291065692902 
922	 0.258637428283691 
923	 0.258989661931992 
924	 0.259369283914566 
925	 0.259794473648071 
926	 0.260173231363297 
927	 0.260456323623657 
928	 0.260851591825485 
929	 0.261264801025391 
930	 0.261664152145386 
931	 0.262050986289978 
932	 0.262450516223907 
933	 0.262847691774368 
934	 0.263231158256531 
935	 0.263603329658508 
936	 0.264006674289703 
937	 0.264522463083267 
938	 0.265021473169327 
939	 0.265302449464798 
940	 0.26569801568985 
941	 0.266102641820908 
942	 0.266465455293655 
943	 0.266812652349472 
944	 0.267101347446442 
945	 0.267459273338318 
946	 0.267920047044754 
947	 0.268382251262665 
948	 0.26861372590065 
949	 0.268884509801865 
950	 0.269314765930176 
951	 0.269735813140869 
952	 0.270064264535904 
953	 0.27047461271286 
954	 0.270969837903976 
955	 0.271252393722534 
956	 0.271567106246948 
957	 0.271902918815613 
958	 0.272222280502319 
959	 0.272534400224686 
960	 0.272883743047714 
961	 0.273185282945633 
962	 0.273412704467773 
963	 0.273709267377853 
964	 0.274077117443085 
965	 0.27444776892662 
966	 0.274768620729446 
967	 0.27507221698761 
968	 0.275401949882507 
969	 0.275816559791565 
970	 0.276255249977112 
971	 0.276356786489487 
972	 0.27670282125473 
973	 0.277094185352325 
974	 0.27729144692421 
975	 0.277653753757477 
976	 0.278017789125443 
977	 0.278327465057373 
978	 0.278595328330994 
979	 0.278938710689545 
980	 0.279219597578049 
981	 0.279518306255341 
982	 0.279900938272476 
983	 0.280147761106491 
984	 0.280403226613998 
985	 0.280701130628586 
986	 0.281014978885651 
987	 0.281254529953003 
988	 0.281590819358826 
989	 0.281973630189896 
990	 0.28230020403862 
991	 0.282580703496933 
992	 0.283021479845047 
993	 0.283393681049347 
994	 0.283487677574158 
995	 0.283707797527313 
996	 0.284011393785477 
997	 0.284288376569748 
998	 0.284481823444366 
999	 0.284826964139938 
1000	 0.285006165504456 
1001	 0.280117362737656 
1002	 0.280337601900101 
1003	 0.280537962913513 
1004	 0.280788093805313 
1005	 0.281087309122086 
1006	 0.281315624713898 
1007	 0.281548321247101 
1008	 0.28175687789917 
1009	 0.281895101070404 
1010	 0.282073676586151 
1011	 0.282269448041916 
1012	 0.282465755939484 
1013	 0.282668262720108 
1014	 0.282864391803741 
1015	 0.283072799444199 
1016	 0.283261746168137 
1017	 0.283461153507233 
1018	 0.283635288476944 
1019	 0.283837825059891 
1020	 0.284100264310837 
1021	 0.284298747777939 
1022	 0.284480154514313 
1023	 0.284649550914764 
1024	 0.284768402576447 
1025	 0.284931391477585 
1026	 0.285119116306305 
1027	 0.285291761159897 
1028	 0.285476624965668 
1029	 0.285648584365845 
1030	 0.28581964969635 
1031	 0.286010921001434 
1032	 0.286153525114059 
1033	 0.286295592784882 
1034	 0.286455631256104 
1035	 0.286556452512741 
1036	 0.286693423986435 
1037	 0.286891758441925 
1038	 0.287023663520813 
1039	 0.287084251642227 
1040	 0.287233620882034 
1041	 0.287444114685059 
1042	 0.287588328123093 
1043	 0.287738084793091 
1044	 0.287866443395615 
1045	 0.287988841533661 
1046	 0.288100719451904 
1047	 0.288246959447861 
1048	 0.288441509008408 
1049	 0.288605779409409 
1050	 0.288706719875336 
1051	 0.288817495107651 
1052	 0.28892183303833 
1053	 0.289046883583069 
1054	 0.289198845624924 
1055	 0.289323508739471 
1056	 0.289426743984222 
1057	 0.289561599493027 
1058	 0.289683401584625 
1059	 0.289832383394241 
1060	 0.290022253990173 
1061	 0.290228217840195 
1062	 0.290407657623291 
1063	 0.290484666824341 
1064	 0.290563464164734 
1065	 0.290683478116989 
1066	 0.290800511837006 
1067	 0.290936201810837 
1068	 0.291089206933975 
1069	 0.291242986917496 
1070	 0.291397094726563 
1071	 0.291550636291504 
1072	 0.291741520166397 
1073	 0.291905760765076 
1074	 0.292024165391922 
1075	 0.292192041873932 
1076	 0.292331695556641 
1077	 0.292425394058228 
1078	 0.292575150728226 
1079	 0.292703837156296 
1080	 0.292791575193405 
1081	 0.292931705713272 
1082	 0.293062269687653 
1083	 0.293146997690201 
1084	 0.293281406164169 
1085	 0.293423295021057 
1086	 0.293556779623032 
1087	 0.293684631586075 
1088	 0.293854415416718 
1089	 0.294003069400787 
1090	 0.294127702713013 
1091	 0.294250577688217 
1092	 0.294392198324203 
1093	 0.294537663459778 
1094	 0.294647336006165 
1095	 0.294764429330826 
1096	 0.294879823923111 
1097	 0.29497554898262 
1098	 0.295075416564941 
1099	 0.295186758041382 
1100	 0.295295864343643 
1101	 0.29539743065834 
1102	 0.295496344566345 
1103	 0.295600652694702 
1104	 0.295721411705017 
1105	 0.295827865600586 
1106	 0.295887172222137 
1107	 0.295951813459396 
1108	 0.29602038860321 
1109	 0.296068161725998 
1110	 0.296166062355042 
1111	 0.296284228563309 
1112	 0.296364217996597 
1113	 0.296441793441772 
1114	 0.296485960483551 
1115	 0.296512186527252 
1116	 0.29657369852066 
1117	 0.296630680561066 
1118	 0.296691358089447 
1119	 0.29677426815033 
1120	 0.296839892864227 
1121	 0.296895980834961 
1122	 0.296948075294495 
1123	 0.297010689973831 
1124	 0.297056764364243 
1125	 0.297086298465729 
1126	 0.297116458415985 
1127	 0.2971470952034 
1128	 0.297162145376205 
1129	 0.297178685665131 
1130	 0.29721000790596 
1131	 0.297213941812515 
1132	 0.297224342823029 
1133	 0.297260195016861 
1134	 0.297276675701141 
1135	 0.297297745943069 
1136	 0.297350704669952 
1137	 0.297350317239761 
1138	 0.297299325466156 
1139	 0.297291815280914 
1140	 0.297294288873672 
1141	 0.297257751226425 
1142	 0.29724058508873 
1143	 0.297231644392014 
1144	 0.297194391489029 
1145	 0.297176986932755 
1146	 0.297168791294098 
1147	 0.297164410352707 
1148	 0.297178894281387 
1149	 0.297194421291351 
1150	 0.297221392393112 
1151	 0.297266095876694 
1152	 0.297282606363297 
1153	 0.29727578163147 
1154	 0.297269642353058 
1155	 0.297250866889954 
1156	 0.297228306531906 
1157	 0.297216355800629 
1158	 0.297179788351059 
1159	 0.297114789485931 
1160	 0.297068297863007 
1161	 0.297035068273544 
1162	 0.296979367733002 
1163	 0.296916991472244 
1164	 0.296866118907928 
1165	 0.29679074883461 
1166	 0.296682208776474 
1167	 0.296599477529526 
1168	 0.296538919210434 
1169	 0.296478062868118 
1170	 0.296426653862 
1171	 0.296373307704926 
1172	 0.296335369348526 
1173	 0.296268582344055 
1174	 0.296187728643417 
1175	 0.296114236116409 
1176	 0.296022593975067 
1177	 0.295943975448608 
1178	 0.295884072780609 
1179	 0.295799165964127 
1180	 0.295715779066086 
1181	 0.295656591653824 
1182	 0.29558339715004 
1183	 0.295528709888458 
1184	 0.295484900474548 
1185	 0.295443654060364 
1186	 0.295437961816788 
1187	 0.295466929674149 
1188	 0.295481204986572 
1189	 0.295511513948441 
1190	 0.295544922351837 
1191	 0.295568227767944 
1192	 0.295616537332535 
1193	 0.295685291290283 
1194	 0.2957583963871 
1195	 0.295848339796066 
1196	 0.295931875705719 
1197	 0.2960145175457 
1198	 0.296110153198242 
1199	 0.296210795640945 
1200	 0.296310871839523 
1201	 0.296425312757492 
1202	 0.296546906232834 
1203	 0.296679764986038 
1204	 0.296824544668198 
1205	 0.296965509653091 
1206	 0.297113806009293 
1207	 0.297270387411118 
1208	 0.297433197498322 
1209	 0.297584891319275 
1210	 0.297726929187775 
1211	 0.297900944948196 
1212	 0.298074960708618 
1213	 0.298267871141434 
1214	 0.298511356115341 
1215	 0.298727780580521 
1216	 0.298926681280136 
1217	 0.299133598804474 
1218	 0.299339771270752 
1219	 0.299547791481018 
1220	 0.299771666526794 
1221	 0.300015479326248 
1222	 0.300233364105225 
1223	 0.300468474626541 
1224	 0.300689399242401 
1225	 0.30090320110321 
1226	 0.301099956035614 
1227	 0.301284343004227 
1228	 0.301473498344421 
1229	 0.301647394895554 
1230	 0.301827251911163 
1231	 0.302027940750122 
1232	 0.302203088998795 
1233	 0.302359282970428 
1234	 0.302514016628265 
1235	 0.302654027938843 
1236	 0.302798926830292 
1237	 0.302942752838135 
1238	 0.303083598613739 
1239	 0.303224802017212 
1240	 0.303365349769592 
1241	 0.303486406803131 
1242	 0.303616970777512 
1243	 0.303754150867462 
1244	 0.303897827863693 
1245	 0.304023683071136 
1246	 0.304152488708496 
1247	 0.304275870323181 
1248	 0.304376482963562 
1249	 0.304495364427567 
1250	 0.304633915424347 
1251	 0.304751873016357 
1252	 0.304866343736649 
1253	 0.304972618818283 
1254	 0.305068403482437 
1255	 0.305162340402603 
1256	 0.305256575345993 
1257	 0.305334895849228 
1258	 0.305404901504517 
1259	 0.305467009544373 
1260	 0.305487394332886 
1261	 0.305546194314957 
1262	 0.305636763572693 
1263	 0.305705159902573 
1264	 0.305781334638596 
1265	 0.305877357721329 
1266	 0.305964708328247 
1267	 0.306043028831482 
1268	 0.306117177009583 
1269	 0.306190878152847 
1270	 0.306277424097061 
1271	 0.306364595890045 
1272	 0.30643817782402 
1273	 0.306519538164139 
1274	 0.306599259376526 
1275	 0.306656897068024 
1276	 0.306727319955826 
1277	 0.306812256574631 
1278	 0.306896775960922 
1279	 0.306971400976181 
1280	 0.307057678699493 
1281	 0.307165950536728 
1282	 0.30726158618927 
1283	 0.3073470890522 
1284	 0.307442039251328 
1285	 0.307539016008377 
1286	 0.307636260986328 
1287	 0.307727098464966 
1288	 0.307818382978439 
1289	 0.307916969060898 
1290	 0.308006882667542 
1291	 0.308111667633057 
1292	 0.308235317468643 
1293	 0.308347195386887 
1294	 0.308455795049667 
1295	 0.308567434549332 
1296	 0.308683484792709 
1297	 0.308791607618332 
1298	 0.30889230966568 
1299	 0.309001564979553 
1300	 0.309112876653671 
1301	 0.309219717979431 
1302	 0.309345453977585 
1303	 0.309442341327667 
1304	 0.309513002634048 
1305	 0.309591114521027 
1306	 0.309649616479874 
1307	 0.309721440076828 
1308	 0.309809178113937 
1309	 0.309891521930695 
1310	 0.30996361374855 
1311	 0.310030817985535 
1312	 0.31010439991951 
1313	 0.310171365737915 
1314	 0.310242086648941 
1315	 0.310323297977448 
1316	 0.310393750667572 
1317	 0.310462474822998 
1318	 0.310517162084579 
1319	 0.310566663742065 
1320	 0.31060928106308 
1321	 0.310640245676041 
1322	 0.310664862394333 
1323	 0.310679703950882 
1324	 0.310699671506882 
1325	 0.310717076063156 
1326	 0.310727804899216 
1327	 0.310743033885956 
1328	 0.310748666524887 
1329	 0.31074520945549 
1330	 0.310733467340469 
1331	 0.310718357563019 
1332	 0.310695022344589 
1333	 0.310656279325485 
1334	 0.310620814561844 
1335	 0.310574531555176 
1336	 0.310523331165314 
1337	 0.310465037822723 
1338	 0.310392469167709 
1339	 0.310335218906403 
1340	 0.310285151004791 
1341	 0.310218572616577 
1342	 0.310151636600494 
1343	 0.310081094503403 
1344	 0.31000280380249 
1345	 0.309914022684097 
1346	 0.30983579158783 
1347	 0.309724122285843 
1348	 0.309589982032776 
1349	 0.309442281723022 
1350	 0.309281796216965 
1351	 0.309098422527313 
1352	 0.308882027864456 
1353	 0.308674275875092 
1354	 0.308448702096939 
1355	 0.308228850364685 
1356	 0.308000266551971 
1357	 0.307793438434601 
1358	 0.307581454515457 
1359	 0.30739614367485 
1360	 0.307244896888733 
1361	 0.307096421718597 
1362	 0.306937545537949 
1363	 0.306793510913849 
1364	 0.306677281856537 
1365	 0.306565940380096 
1366	 0.306482583284378 
1367	 0.306448519229889 
1368	 0.306377053260803 
1369	 0.306306898593903 
1370	 0.306223422288895 
1371	 0.306130528450012 
1372	 0.306029736995697 
1373	 0.305923044681549 
1374	 0.30580598115921 
1375	 0.305685520172119 
1376	 0.305540889501572 
1377	 0.305393695831299 
1378	 0.305207937955856 
1379	 0.304971843957901 
1380	 0.30475902557373 
1381	 0.304501205682755 
1382	 0.304302215576172 
1383	 0.304127126932144 
1384	 0.303981274366379 
1385	 0.303878486156464 
1386	 0.303783476352692 
1387	 0.303737908601761 
1388	 0.303661674261093 
1389	 0.303583264350891 
1390	 0.303499698638916 
1391	 0.303399860858917 
1392	 0.303290456533432 
1393	 0.303196877241135 
1394	 0.30311131477356 
1395	 0.303024530410767 
1396	 0.302939027547836 
1397	 0.302859455347061 
1398	 0.302801132202148 
1399	 0.302692323923111 
1400	 0.302572995424271 
1401	 0.302433758974075 
1402	 0.302261561155319 
1403	 0.302078306674957 
1404	 0.301896721124649 
1405	 0.301676660776138 
1406	 0.301440417766571 
1407	 0.301150381565094 
1408	 0.300813555717468 
1409	 0.300467669963837 
1410	 0.300070315599442 
1411	 0.2996806204319 
1412	 0.299280673265457 
1413	 0.298887670040131 
1414	 0.298477083444595 
1415	 0.298082560300827 
1416	 0.297698229551315 
1417	 0.297316551208496 
1418	 0.296946495771408 
1419	 0.296567887067795 
1420	 0.296198189258575 
1421	 0.295816689729691 
1422	 0.295425236225128 
1423	 0.295027196407318 
1424	 0.294638603925705 
1425	 0.294208377599716 
1426	 0.293777018785477 
1427	 0.29334744811058 
1428	 0.29288911819458 
1429	 0.292460173368454 
1430	 0.292028099298477 
1431	 0.291605979204178 
1432	 0.291161149740219 
1433	 0.290707558393478 
1434	 0.290264904499054 
1435	 0.289809793233871 
1436	 0.289366185665131 
1437	 0.288932889699936 
1438	 0.288513392210007 
1439	 0.288103014230728 
1440	 0.287681370973587 
1441	 0.287243366241455 
1442	 0.286866515874863 
1443	 0.286453783512115 
1444	 0.286169111728668 
1445	 0.285956174135208 
1446	 0.285829275846481 
1447	 0.285751760005951 
1448	 0.285812348127365 
1449	 0.285989075899124 
1450	 0.286245107650757 
1451	 0.286633849143982 
1452	 0.287066459655762 
1453	 0.287614434957504 
1454	 0.288140624761581 
1455	 0.288739174604416 
1456	 0.289305925369263 
1457	 0.289884358644485 
1458	 0.290424883365631 
1459	 0.290978670120239 
1460	 0.291466116905212 
1461	 0.291899919509888 
1462	 0.292296946048737 
1463	 0.292638421058655 
1464	 0.292957276105881 
1465	 0.293234616518021 
1466	 0.293497622013092 
1467	 0.293737471103668 
1468	 0.293950408697128 
1469	 0.294124513864517 
1470	 0.294280409812927 
1471	 0.294425845146179 
1472	 0.294536203145981 
1473	 0.294662803411484 
1474	 0.294796109199524 
1475	 0.294901579618454 
1476	 0.294994801282883 
1477	 0.295079559087753 
1478	 0.295148462057114 
1479	 0.295207679271698 
1480	 0.295266717672348 
1481	 0.295294165611267 
1482	 0.295304864645004 
1483	 0.295286387205124 
1484	 0.295231908559799 
1485	 0.295185655355453 
1486	 0.295109957456589 
1487	 0.295056343078613 
1488	 0.294994175434113 
1489	 0.294970393180847 
1490	 0.29494833946228 
1491	 0.294976681470871 
1492	 0.295051246881485 
1493	 0.295139640569687 
1494	 0.295269906520844 
1495	 0.29539555311203 
1496	 0.2955182492733 
1497	 0.295685172080994 
1498	 0.295870393514633 
1499	 0.296086460351944 
1500	 0.296347320079803 
1501	 0.296619921922684 
1502	 0.296902626752853 
1503	 0.297219812870026 
1504	 0.297565102577209 
1505	 0.297937303781509 
1506	 0.298361301422119 
1507	 0.298771768808365 
1508	 0.299218714237213 
1509	 0.299631357192993 
1510	 0.300043612718582 
1511	 0.300415098667145 
1512	 0.300758123397827 
1513	 0.301076829433441 
1514	 0.301369786262512 
1515	 0.301627486944199 
1516	 0.301849871873856 
1517	 0.30205374956131 
1518	 0.302210003137589 
1519	 0.302367120981216 
1520	 0.302510052919388 
1521	 0.302651822566986 
1522	 0.302777886390686 
1523	 0.302891254425049 
1524	 0.302999496459961 
1525	 0.303093582391739 
1526	 0.303191989660263 
1527	 0.303287148475647 
1528	 0.303380012512207 
1529	 0.303469181060791 
1530	 0.30355903506279 
1531	 0.30365526676178 
1532	 0.303723216056824 
1533	 0.303775101900101 
1534	 0.303839147090912 
1535	 0.303888231515884 
1536	 0.303946077823639 
1537	 0.304011613130569 
1538	 0.304087281227112 
1539	 0.304147005081177 
1540	 0.304253906011581 
1541	 0.304392993450165 
1542	 0.304540634155273 
1543	 0.304717898368835 
1544	 0.304885149002075 
1545	 0.305065840482712 
1546	 0.305236548185349 
1547	 0.305391907691956 
1548	 0.305580526590347 
1549	 0.305786222219467 
1550	 0.305984854698181 
1551	 0.306211173534393 
1552	 0.306406736373901 
1553	 0.306577682495117 
1554	 0.306761056184769 
1555	 0.306949019432068 
1556	 0.307119429111481 
1557	 0.307293951511383 
1558	 0.307441085577011 
1559	 0.307556986808777 
1560	 0.307683616876602 
1561	 0.307787120342255 
1562	 0.307920515537262 
1563	 0.308071225881577 
1564	 0.308217763900757 
1565	 0.30838531255722 
1566	 0.308531910181046 
1567	 0.308664530515671 
1568	 0.308802276849747 
1569	 0.308933138847351 
1570	 0.309068739414215 
1571	 0.309198826551437 
1572	 0.309347093105316 
1573	 0.309512764215469 
1574	 0.309664666652679 
1575	 0.309830367565155 
1576	 0.309978067874908 
1577	 0.310104697942734 
1578	 0.31023645401001 
1579	 0.310377299785614 
1580	 0.310492277145386 
1581	 0.310586214065552 
1582	 0.310687154531479 
1583	 0.310765355825424 
1584	 0.31086340546608 
1585	 0.310966521501541 
1586	 0.311089217662811 
1587	 0.311230838298798 
1588	 0.311369389295578 
1589	 0.311529964208603 
1590	 0.311676472425461 
1591	 0.31181663274765 
1592	 0.311952203512192 
1593	 0.312090069055557 
1594	 0.312213063240051 
1595	 0.312304973602295 
1596	 0.312427431344986 
1597	 0.31256377696991 
1598	 0.312690645456314 
1599	 0.312832325696945 
1600	 0.312968909740448 
1601	 0.313089668750763 
1602	 0.313215702772141 
1603	 0.313358396291733 
1604	 0.313486456871033 
1605	 0.313609540462494 
1606	 0.313719630241394 
1607	 0.313814848661423 
1608	 0.313909560441971 
1609	 0.314001947641373 
1610	 0.314078748226166 
1611	 0.314138859510422 
1612	 0.314208716154099 
1613	 0.314256817102432 
1614	 0.31432980298996 
1615	 0.314437121152878 
1616	 0.314521461725235 
1617	 0.31461226940155 
1618	 0.314687579870224 
1619	 0.314740508794785 
1620	 0.314797222614288 
1621	 0.314854443073273 
1622	 0.314897984266281 
1623	 0.314938396215439 
1624	 0.314964085817337 
1625	 0.314968109130859 
1626	 0.31497648358345 
1627	 0.314972549676895 
1628	 0.314977526664734 
1629	 0.314986318349838 
1630	 0.314996153116226 
1631	 0.314997255802155 
1632	 0.315021902322769 
1633	 0.31506758928299 
1634	 0.315104067325592 
1635	 0.31515184044838 
1636	 0.315198421478271 
1637	 0.315221846103668 
1638	 0.315277248620987 
1639	 0.315354287624359 
1640	 0.315439760684967 
1641	 0.315562158823013 
1642	 0.31565523147583 
1643	 0.315756916999817 
1644	 0.315824419260025 
1645	 0.315864682197571 
1646	 0.315892457962036 
1647	 0.315896213054657 
1648	 0.315888524055481 
1649	 0.315870255231857 
1650	 0.315831810235977 
1651	 0.315770328044891 
1652	 0.315703749656677 
1653	 0.315636157989502 
1654	 0.315526157617569 
1655	 0.315393060445786 
1656	 0.315239608287811 
1657	 0.315036952495575 
1658	 0.314847588539124 
1659	 0.314664125442505 
1660	 0.314452588558197 
1661	 0.314255744218826 
1662	 0.313986599445343 
1663	 0.313651770353317 
1664	 0.313319534063339 
1665	 0.31296706199646 
1666	 0.312555521726608 
1667	 0.31212854385376 
1668	 0.311651647090912 
1669	 0.311110436916351 
1670	 0.310540020465851 
1671	 0.309944957494736 
1672	 0.309291154146194 
1673	 0.308577686548233 
1674	 0.307825177907944 
1675	 0.307009190320969 
1676	 0.306203454732895 
1677	 0.305378556251526 
1678	 0.304524540901184 
1679	 0.303654223680496 
1680	 0.302755326032639 
1681	 0.301814138889313 
1682	 0.300855398178101 
1683	 0.29987308382988 
1684	 0.298909097909927 
1685	 0.297914952039719 
1686	 0.296950310468674 
1687	 0.295992374420166 
1688	 0.29505455493927 
1689	 0.294128507375717 
1690	 0.293226182460785 
1691	 0.292343854904175 
1692	 0.2915059030056 
1693	 0.290689498186111 
1694	 0.28992086648941 
1695	 0.289196848869324 
1696	 0.288495570421219 
1697	 0.287830114364624 
1698	 0.287176221609116 
1699	 0.286559551954269 
1700	 0.285968571901321 
1701	 0.28539052605629 
1702	 0.28484982252121 
1703	 0.284343093633652 
1704	 0.283839583396912 
1705	 0.283364832401276 
1706	 0.282878488302231 
1707	 0.28244286775589 
1708	 0.282054007053375 
1709	 0.281672835350037 
1710	 0.281338751316071 
1711	 0.281007289886475 
1712	 0.280682384967804 
1713	 0.280362010002136 
1714	 0.280017197132111 
1715	 0.279711484909058 
1716	 0.27939635515213 
1717	 0.279061317443848 
1718	 0.27876028418541 
1719	 0.27846160531044 
1720	 0.278190970420837 
1721	 0.277961194515228 
1722	 0.277751088142395 
1723	 0.277552753686905 
1724	 0.277342706918716 
1725	 0.277127653360367 
1726	 0.276938498020172 
1727	 0.276794403791428 
1728	 0.27669683098793 
1729	 0.27667561173439 
1730	 0.276707649230957 
1731	 0.27677246928215 
1732	 0.276917368173599 
1733	 0.277105629444122 
1734	 0.277347981929779 
1735	 0.277638137340546 
1736	 0.277921348810196 
1737	 0.278215408325195 
1738	 0.278499871492386 
1739	 0.278712183237076 
1740	 0.278867542743683 
1741	 0.279023915529251 
1742	 0.279128849506378 
1743	 0.279249995946884 
1744	 0.279382944107056 
1745	 0.279490679502487 
1746	 0.279566287994385 
1747	 0.279673010110855 
1748	 0.279756098985672 
1749	 0.279905706644058 
1750	 0.280085891485214 
1751	 0.280320197343826 
1752	 0.280611723661423 
1753	 0.280948489904404 
1754	 0.281335055828094 
1755	 0.281729727983475 
1756	 0.282171547412872 
1757	 0.282589197158813 
1758	 0.283055782318115 
1759	 0.283494859933853 
1760	 0.283950805664063 
1761	 0.28442794084549 
1762	 0.284912914037704 
1763	 0.285496085882187 
1764	 0.286084204912186 
1765	 0.286670863628387 
1766	 0.287355989217758 
1767	 0.288030445575714 
1768	 0.288731753826141 
1769	 0.289511740207672 
1770	 0.290215283632278 
1771	 0.290902584791183 
1772	 0.291614532470703 
1773	 0.292308747768402 
1774	 0.29301506280899 
1775	 0.293656021356583 
1776	 0.294259935617447 
1777	 0.294832438230515 
1778	 0.29532852768898 
1779	 0.295838326215744 
1780	 0.296297401189804 
1781	 0.296702712774277 
1782	 0.297136455774307 
1783	 0.297514408826828 
1784	 0.297895133495331 
1785	 0.298226237297058 
1786	 0.298547804355621 
1787	 0.298866301774979 
1788	 0.299164056777954 
1789	 0.299455016851425 
1790	 0.299737542867661 
1791	 0.299995750188828 
1792	 0.300252228975296 
1793	 0.300487488508224 
1794	 0.30071234703064 
1795	 0.300967812538147 
1796	 0.301224857568741 
1797	 0.301501929759979 
1798	 0.301745623350143 
1799	 0.301967233419418 
1800	 0.302218943834305 
1801	 0.294143080711365 
1802	 0.294915527105331 
1803	 0.295601844787598 
1804	 0.296249210834503 
1805	 0.296918869018555 
1806	 0.297474920749664 
1807	 0.29797500371933 
1808	 0.29842284321785 
1809	 0.298793941736221 
1810	 0.299138098955154 
1811	 0.299417048692703 
1812	 0.299698859453201 
1813	 0.299948990345001 
1814	 0.300183534622192 
1815	 0.300410360097885 
1816	 0.300627619028091 
1817	 0.30083167552948 
1818	 0.300999015569687 
1819	 0.301197707653046 
1820	 0.301397562026978 
1821	 0.301603347063065 
1822	 0.30181547999382 
1823	 0.30204239487648 
1824	 0.302270770072937 
1825	 0.302505701780319 
1826	 0.30272388458252 
1827	 0.302945643663406 
1828	 0.303146034479141 
1829	 0.30333536863327 
1830	 0.303510159254074 
1831	 0.303667038679123 
1832	 0.303831696510315 
1833	 0.303971946239471 
1834	 0.304089546203613 
1835	 0.304221093654633 
1836	 0.304369211196899 
1837	 0.3045394718647 
1838	 0.304720431566238 
1839	 0.30493026971817 
1840	 0.305162340402603 
1841	 0.305414587259293 
1842	 0.305706858634949 
1843	 0.305996596813202 
1844	 0.306266248226166 
1845	 0.306511610746384 
1846	 0.306720674037933 
1847	 0.30690410733223 
1848	 0.307080030441284 
1849	 0.307253062725067 
1850	 0.307401448488235 
1851	 0.307525426149368 
1852	 0.307638972997665 
1853	 0.30775648355484 
1854	 0.307836920022964 
1855	 0.307892858982086 
1856	 0.307937473058701 
1857	 0.307954460382462 
1858	 0.307937204837799 
1859	 0.307895213365555 
1860	 0.307842433452606 
1861	 0.307742774486542 
1862	 0.307613521814346 
1863	 0.307440549135208 
1864	 0.307217717170715 
1865	 0.30695977807045 
1866	 0.306618392467499 
1867	 0.306209236383438 
1868	 0.305750697851181 
1869	 0.305269807577133 
1870	 0.304803252220154 
1871	 0.304307043552399 
1872	 0.303859144449234 
1873	 0.303448736667633 
1874	 0.303009629249573 
1875	 0.302601754665375 
1876	 0.302172362804413 
1877	 0.301746815443039 
1878	 0.301267951726913 
1879	 0.30069574713707 
1880	 0.300108164548874 
1881	 0.299425333738327 
1882	 0.298638164997101 
1883	 0.297829926013947 
1884	 0.296982198953629 
1885	 0.296001344919205 
1886	 0.295003473758698 
1887	 0.293898373842239 
1888	 0.292696893215179 
1889	 0.291548222303391 
1890	 0.290312230587006 
1891	 0.289054930210114 
1892	 0.287796199321747 
1893	 0.286433517932892 
1894	 0.284964621067047 
1895	 0.283508807420731 
1896	 0.281969338655472 
1897	 0.280335068702698 
1898	 0.278769791126251 
1899	 0.277094125747681 
1900	 0.275431931018829 
1901	 0.273790657520294 
1902	 0.271988600492477 
1903	 0.270257234573364 
1904	 0.268509328365326 
1905	 0.266718447208405 
1906	 0.26491367816925 
1907	 0.263259202241898 
1908	 0.261523425579071 
1909	 0.2598035633564 
1910	 0.258098661899567 
1911	 0.256274193525314 
1912	 0.254497319459915 
1913	 0.252697288990021 
1914	 0.250867575407028 
1915	 0.249203190207481 
1916	 0.247652098536491 
1917	 0.246123507618904 
1918	 0.244698941707611 
1919	 0.243426665663719 
1920	 0.242129266262054 
1921	 0.240975484251976 
1922	 0.239900350570679 
1923	 0.238892525434494 
1924	 0.238017722964287 
1925	 0.237153112888336 
1926	 0.236279174685478 
1927	 0.2354796230793 
1928	 0.234598457813263 
1929	 0.233681559562683 
1930	 0.232741519808769 
1931	 0.231780990958214 
1932	 0.230768203735352 
1933	 0.229852706193924 
1934	 0.22893799841404 
1935	 0.228053271770477 
1936	 0.227271005511284 
1937	 0.226556420326233 
1938	 0.225847989320755 
1939	 0.225329682230949 
1940	 0.224926099181175 
1941	 0.224639162421227 
1942	 0.224491700530052 
1943	 0.224445834755898 
1944	 0.224493429064751 
1945	 0.224662393331528 
1946	 0.224943518638611 
1947	 0.225277826189995 
1948	 0.225752606987953 
1949	 0.226349800825119 
1950	 0.227042719721794 
1951	 0.227868765592575 
1952	 0.228784844279289 
1953	 0.22977751493454 
1954	 0.230908334255219 
1955	 0.232200160622597 
1956	 0.233502045273781 
1957	 0.23490047454834 
1958	 0.236315786838531 
1959	 0.237568944692612 
1960	 0.238780423998833 
1961	 0.239890888333321 
1962	 0.240892454981804 
1963	 0.241811916232109 
1964	 0.242667108774185 
1965	 0.243398934602737 
1966	 0.244018599390984 
1967	 0.244570344686508 
1968	 0.245003923773766 
1969	 0.245419889688492 
1970	 0.245803087949753 
1971	 0.246159106492996 
1972	 0.246573403477669 
1973	 0.247026473283768 
1974	 0.247499257326126 
1975	 0.248038664460182 
1976	 0.248554199934006 
1977	 0.249055877327919 
1978	 0.249593019485474 
1979	 0.250146478414536 
1980	 0.250703006982803 
1981	 0.251320570707321 
1982	 0.251947194337845 
1983	 0.252612829208374 
1984	 0.253318578004837 
1985	 0.254001706838608 
1986	 0.254733622074127 
1987	 0.255492985248566 
1988	 0.256226688623428 
1989	 0.257085233926773 
1990	 0.258004903793335 
1991	 0.258990168571472 
1992	 0.26006481051445 
1993	 0.261220633983612 
1994	 0.262335687875748 
1995	 0.263567239046097 
1996	 0.264807105064392 
1997	 0.266045719385147 
1998	 0.267322421073914 
1999	 0.268674224615097 
2000	 0.269927144050598 
2001	 0.27122750878334 
2002	 0.272387683391571 
2003	 0.273449301719666 
2004	 0.274497419595718 
2005	 0.275450378656387 
2006	 0.276392161846161 
2007	 0.277345508337021 
2008	 0.278204917907715 
2009	 0.279000908136368 
2010	 0.279753446578979 
2011	 0.280394732952118 
2012	 0.281022489070892 
2013	 0.281600773334503 
2014	 0.282119750976563 
2015	 0.282622486352921 
2016	 0.283090651035309 
2017	 0.283519387245178 
2018	 0.283936887979507 
2019	 0.284283727407455 
2020	 0.284561306238174 
2021	 0.284820824861526 
2022	 0.285035163164139 
2023	 0.28522863984108 
2024	 0.285429090261459 
2025	 0.285576701164246 
2026	 0.28569883108139 
2027	 0.285777986049652 
2028	 0.285851687192917 
2029	 0.285915642976761 
2030	 0.285936176776886 
2031	 0.285929143428802 
2032	 0.285899877548218 
2033	 0.285821259021759 
2034	 0.285733193159103 
2035	 0.285638064146042 
2036	 0.285509079694748 
2037	 0.285362958908081 
2038	 0.285177439451218 
2039	 0.284997045993805 
2040	 0.284796416759491 
2041	 0.284600913524628 
2042	 0.284379810094833 
2043	 0.284207582473755 
2044	 0.284039974212646 
2045	 0.283903300762177 
2046	 0.283815741539001 
2047	 0.283715307712555 
2048	 0.283626973628998 
2049	 0.283542931079865 
2050	 0.283463418483734 
2051	 0.283393085002899 
2052	 0.283327490091324 
2053	 0.283233910799026 
2054	 0.283155113458633 
2055	 0.283069431781769 
2056	 0.282990872859955 
2057	 0.282928377389908 
2058	 0.282850503921509 
2059	 0.282760232686996 
2060	 0.282684028148651 
2061	 0.282584398984909 
2062	 0.282529234886169 
2063	 0.282517522573471 
2064	 0.282489210367203 
2065	 0.282479226589203 
2066	 0.282463073730469 
2067	 0.282454401254654 
2068	 0.282438963651657 
2069	 0.282428830862045 
2070	 0.282434046268463 
2071	 0.282434910535812 
2072	 0.282426029443741 
2073	 0.28242889046669 
2074	 0.28244760632515 
2075	 0.282455682754517 
2076	 0.282473683357239 
2077	 0.28246596455574 
2078	 0.282446324825287 
2079	 0.282420784235001 
2080	 0.282369554042816 
2081	 0.282323211431503 
2082	 0.282282948493958 
2083	 0.282233119010925 
2084	 0.28216814994812 
2085	 0.282096266746521 
2086	 0.282005786895752 
2087	 0.281877607107162 
2088	 0.281787991523743 
2089	 0.281715333461761 
2090	 0.281616747379303 
2091	 0.281527251005173 
2092	 0.281422138214111 
2093	 0.281284838914871 
2094	 0.281158655881882 
2095	 0.281043142080307 
2096	 0.280916213989258 
2097	 0.2807876765728 
2098	 0.280634582042694 
2099	 0.280500948429108 
2100	 0.280365824699402 
2101	 0.28022038936615 
2102	 0.280074954032898 
2103	 0.279923170804977 
2104	 0.279760152101517 
2105	 0.279598355293274 
2106	 0.279436498880386 
2107	 0.279272735118866 
2108	 0.279104143381119 
2109	 0.278930634260178 
2110	 0.278748035430908 
2111	 0.278577029705048 
2112	 0.278398334980011 
2113	 0.278233855962753 
2114	 0.2781001329422 
2115	 0.277946650981903 
2116	 0.277787297964096 
2117	 0.277627140283585 
2118	 0.277464956045151 
2119	 0.277288913726807 
2120	 0.277121633291245 
2121	 0.27695432305336 
2122	 0.276802271604538 
2123	 0.276659101247787 
2124	 0.276510953903198 
2125	 0.276393443346024 
2126	 0.27622988820076 
2127	 0.276051700115204 
2128	 0.275848597288132 
2129	 0.275586277246475 
2130	 0.275363087654114 
2131	 0.275143623352051 
2132	 0.274919152259827 
2133	 0.274704277515411 
2134	 0.27450904250145 
2135	 0.274270296096802 
2136	 0.274028152227402 
2137	 0.273788541555405 
2138	 0.273544073104858 
2139	 0.273299783468246 
2140	 0.273060977458954 
2141	 0.272805690765381 
2142	 0.27253732085228 
2143	 0.272278785705566 
2144	 0.272018700838089 
2145	 0.271752953529358 
2146	 0.271483182907104 
2147	 0.271221220493317 
2148	 0.270948767662048 
2149	 0.270689427852631 
2150	 0.270453870296478 
2151	 0.270208775997162 
2152	 0.26995724439621 
2153	 0.269718825817108 
2154	 0.269468069076538 
2155	 0.269202828407288 
2156	 0.268943220376968 
2157	 0.268682986497879 
2158	 0.268405377864838 
2159	 0.268121808767319 
2160	 0.267834424972534 
2161	 0.267526477575302 
2162	 0.267235219478607 
2163	 0.266952276229858 
2164	 0.266663044691086 
2165	 0.266368895769119 
2166	 0.266084730625153 
2167	 0.265781104564667 
2168	 0.265521734952927 
2169	 0.265286773443222 
2170	 0.265065670013428 
2171	 0.264866322278976 
2172	 0.264693260192871 
2173	 0.264549046754837 
2174	 0.26440241932869 
2175	 0.264281809329987 
2176	 0.264195293188095 
2177	 0.264119505882263 
2178	 0.264060139656067 
2179	 0.26401025056839 
2180	 0.263996541500092 
2181	 0.263948380947113 
2182	 0.263894289731979 
2183	 0.263835549354553 
2184	 0.263766646385193 
2185	 0.26369571685791 
2186	 0.263627767562866 
2187	 0.263546228408813 
2188	 0.263452768325806 
2189	 0.263351410627365 
2190	 0.263252705335617 
2191	 0.263123661279678 
2192	 0.262970238924026 
2193	 0.262816250324249 
2194	 0.262638211250305 
2195	 0.262459725141525 
2196	 0.262286484241486 
2197	 0.262101233005524 
2198	 0.261895209550858 
2199	 0.261642903089523 
2200	 0.261384695768356 
2201	 0.26110577583313 
2202	 0.260794460773468 
2203	 0.26045697927475 
2204	 0.260118097066879 
2205	 0.259736835956573 
2206	 0.259380310773849 
2207	 0.259044080972672 
2208	 0.258669316768646 
2209	 0.258267521858215 
2210	 0.257884830236435 
2211	 0.257443755865097 
2212	 0.257107079029083 
2213	 0.256836891174316 
2214	 0.256573498249054 
2215	 0.256381511688232 
2216	 0.256170243024826 
2217	 0.255955189466476 
2218	 0.255746990442276 
2219	 0.255559593439102 
2220	 0.255364954471588 
2221	 0.255170881748199 
2222	 0.254977613687515 
2223	 0.254792362451553 
2224	 0.25455716252327 
2225	 0.254319220781326 
2226	 0.254063785076141 
2227	 0.253725737333298 
2228	 0.253349453210831 
2229	 0.252902448177338 
2230	 0.252376139163971 
2231	 0.251810938119888 
2232	 0.251207023859024 
2233	 0.250519126653671 
2234	 0.249784559011459 
2235	 0.248930737376213 
2236	 0.248007476329803 
2237	 0.246959999203682 
2238	 0.245757222175598 
2239	 0.2445327937603 
2240	 0.243206962943077 
2241	 0.241834476590157 
2242	 0.240477725863457 
2243	 0.238945499062538 
2244	 0.23729245364666 
2245	 0.235555812716484 
2246	 0.23358154296875 
2247	 0.231687501072884 
2248	 0.229808375239372 
2249	 0.227847412228584 
2250	 0.225864082574844 
2251	 0.22389243543148 
2252	 0.221659019589424 
2253	 0.219450607895851 
2254	 0.217229261994362 
2255	 0.214928954839706 
2256	 0.212840214371681 
2257	 0.210717365145683 
2258	 0.208601430058479 
2259	 0.206543207168579 
2260	 0.204425483942032 
2261	 0.202235475182533 
2262	 0.200166940689087 
2263	 0.198078125715256 
2264	 0.196130886673927 
2265	 0.194306001067162 
2266	 0.192472234368324 
2267	 0.190766409039497 
2268	 0.188975065946579 
2269	 0.187144055962563 
2270	 0.185388818383217 
2271	 0.183631762862206 
2272	 0.181887939572334 
2273	 0.180253028869629 
2274	 0.178498908877373 
2275	 0.176731765270233 
2276	 0.174872934818268 
2277	 0.172886118292809 
2278	 0.170950517058372 
2279	 0.168848186731339 
2280	 0.166944578289986 
2281	 0.165154188871384 
2282	 0.163414821028709 
2283	 0.161739721894264 
2284	 0.160242035984993 
2285	 0.158724501729012 
2286	 0.157364755868912 
2287	 0.156202226877213 
2288	 0.155160203576088 
2289	 0.154309824109077 
2290	 0.15353174507618 
2291	 0.152789056301117 
2292	 0.152098655700684 
2293	 0.151353403925896 
2294	 0.150641664862633 
2295	 0.149948760867119 
2296	 0.149235665798187 
2297	 0.148646533489227 
2298	 0.148127675056458 
2299	 0.147657379508018 
2300	 0.147257566452026 
2301	 0.146962821483612 
2302	 0.146721407771111 
2303	 0.146608427166939 
2304	 0.146599307656288 
2305	 0.146722063422203 
2306	 0.146977663040161 
2307	 0.147319212555885 
2308	 0.147772371768951 
2309	 0.148369267582893 
2310	 0.149041533470154 
2311	 0.149901703000069 
2312	 0.150981232523918 
2313	 0.152139589190483 
2314	 0.153477683663368 
2315	 0.154863715171814 
2316	 0.15635772049427 
2317	 0.157906949520111 
2318	 0.159691035747528 
2319	 0.161198824644089 
2320	 0.162779286503792 
2321	 0.164047226309776 
2322	 0.165018409490585 
2323	 0.16589480638504 
2324	 0.166600942611694 
2325	 0.167147800326347 
2326	 0.167539715766907 
2327	 0.167769804596901 
2328	 0.167785376310349 
2329	 0.167705073952675 
2330	 0.167482256889343 
2331	 0.167112037539482 
2332	 0.166627436876297 
2333	 0.165974676609039 
2334	 0.165143623948097 
2335	 0.164198637008667 
2336	 0.163149163126945 
2337	 0.162050664424896 
2338	 0.160974323749542 
2339	 0.159839898347855 
2340	 0.158670604228973 
2341	 0.157467126846313 
2342	 0.156235799193382 
2343	 0.155115753412247 
2344	 0.154094472527504 
2345	 0.15327350795269 
2346	 0.152633383870125 
2347	 0.152145683765411 
2348	 0.151852980256081 
2349	 0.151716992259026 
2350	 0.151654183864594 
2351	 0.151647567749023 
2352	 0.151757225394249 
2353	 0.151894003152847 
2354	 0.152225866913795 
2355	 0.15282516181469 
2356	 0.153615519404411 
2357	 0.154705703258514 
2358	 0.155999347567558 
2359	 0.15749154984951 
2360	 0.159172654151917 
2361	 0.1610137373209 
2362	 0.162872865796089 
2363	 0.164764896035194 
2364	 0.166453152894974 
2365	 0.167852103710175 
2366	 0.169175177812576 
2367	 0.170151144266129 
2368	 0.171006292104721 
2369	 0.171794652938843 
2370	 0.172296553850174 
2371	 0.172735691070557 
2372	 0.173133179545403 
2373	 0.173373609781265 
2374	 0.173545405268669 
2375	 0.173651322722435 
2376	 0.173626929521561 
2377	 0.173494637012482 
2378	 0.173326015472412 
2379	 0.173109039664268 
2380	 0.172857478260994 
2381	 0.172607943415642 
2382	 0.172392725944519 
2383	 0.172228425741196 
2384	 0.17202827334404 
2385	 0.171810805797577 
2386	 0.171644106507301 
2387	 0.171493768692017 
2388	 0.171308472752571 
2389	 0.17113733291626 
2390	 0.170946449041367 
2391	 0.170734226703644 
2392	 0.170525476336479 
2393	 0.17036660015583 
2394	 0.170076742768288 
2395	 0.169680699706078 
2396	 0.169308140873909 
2397	 0.16887591779232 
2398	 0.168539687991142 
2399	 0.168223053216934 
2400	 0.167945936322212 
2401	 0.167698845267296 
2402	 0.167356103658676 
2403	 0.167135313153267 
2404	 0.166838243603706 
2405	 0.16663059592247 
2406	 0.166493654251099 
2407	 0.166405662894249 
2408	 0.166287884116173 
2409	 0.166091531515121 
2410	 0.16601437330246 
2411	 0.165905460715294 
2412	 0.165753915905952 
2413	 0.165678754448891 
2414	 0.165467798709869 
2415	 0.165137499570847 
2416	 0.164925262331963 
2417	 0.164770379662514 
2418	 0.164543896913528 
2419	 0.164396166801453 
2420	 0.164401277899742 
2421	 0.164293244481087 
2422	 0.164214715361595 
2423	 0.164304584264755 
2424	 0.164118185639381 
2425	 0.163882046937943 
2426	 0.163800284266472 
2427	 0.163540914654732 
2428	 0.163362115621567 
2429	 0.163212597370148 
2430	 0.162971779704094 
2431	 0.162855446338654 
2432	 0.162750020623207 
2433	 0.162642374634743 
2434	 0.162451013922691 
2435	 0.162320718169212 
2436	 0.162132367491722 
2437	 0.161867335438728 
2438	 0.161911025643349 
2439	 0.16170434653759 
2440	 0.161271199584007 
2441	 0.161193937063217 
2442	 0.161024823784828 
2443	 0.160806998610497 
2444	 0.160954833030701 
2445	 0.160765573382378 
2446	 0.160334423184395 
2447	 0.160088837146759 
2448	 0.159624993801117 
2449	 0.159308731555939 
2450	 0.159104228019714 
2451	 0.158686116337776 
2452	 0.158308476209641 
2453	 0.157960832118988 
2454	 0.15759152173996 
2455	 0.157254666090012 
2456	 0.157015278935432 
2457	 0.156602099537849 
2458	 0.156120643019676 
2459	 0.155735448002815 
2460	 0.155257031321526 
2461	 0.154854312539101 
2462	 0.154430970549583 
2463	 0.15404686331749 
2464	 0.153905257582664 
2465	 0.153803989291191 
2466	 0.153599351644516 
2467	 0.153332427144051 
2468	 0.152895599603653 
2469	 0.15246394276619 
2470	 0.152289003133774 
2471	 0.152156725525856 
2472	 0.152061760425568 
2473	 0.151972502470016 
2474	 0.151878222823143 
2475	 0.152057260274887 
2476	 0.152315318584442 
2477	 0.152350530028343 
2478	 0.152523666620255 
2479	 0.152754381299019 
2480	 0.1527019739151 
2481	 0.152717754244804 
2482	 0.152518197894096 
2483	 0.152447909116745 
2484	 0.152675285935402 
2485	 0.152816966176033 
2486	 0.152966529130936 
2487	 0.15302848815918 
2488	 0.153053507208824 
2489	 0.15340356528759 
2490	 0.153789401054382 
2491	 0.154150232672691 
2492	 0.154444217681885 
2493	 0.154425919055939 
2494	 0.154484942555428 
2495	 0.154968187212944 
2496	 0.155382856726646 
2497	 0.155823096632957 
2498	 0.156442880630493 
2499	 0.156233057379723 
2500	 0.156035527586937 
