Wavelength	Echave.015
350	 0.109665676951408 
351	 0.105372309684753 
352	 0.106666162610054 
353	 0.105730064213276 
354	 9.80771258473396E-02 
355	 9.33698862791061E-02 
356	 9.37688574194908E-02 
357	 9.70358923077583E-02 
358	 9.45891886949539E-02 
359	 9.08045917749405E-02 
360	 8.66052135825157E-02 
361	 8.18953514099121E-02 
362	 8.29905122518539E-02 
363	 8.38586613535881E-02 
364	 8.22936967015266E-02 
365	 8.23162272572517E-02 
366	 8.34980681538582E-02 
367	 8.14853012561798E-02 
368	 0.07503791898489 
369	 7.49820321798325E-02 
370	 7.67934396862984E-02 
371	 7.76422098278999E-02 
372	 7.62710124254227E-02 
373	 7.53428339958191E-02 
374	 7.60490745306015E-02 
375	 7.73921683430672E-02 
376	 7.57101476192474E-02 
377	 7.71012529730797E-02 
378	 7.78010189533234E-02 
379	 7.42340609431267E-02 
380	 7.13500156998634E-02 
381	 0.071518674492836 
382	 7.40257278084755E-02 
383	 7.62914642691612E-02 
384	 7.71559253334999E-02 
385	 7.70789533853531E-02 
386	 7.65490606427193E-02 
387	 7.55950286984444E-02 
388	 7.67064318060875E-02 
389	 7.87287652492523E-02 
390	 7.95145630836487E-02 
391	 7.68613591790199E-02 
392	 7.59457424283028E-02 
393	 7.74933397769928E-02 
394	 7.91563764214516E-02 
395	 8.03092047572136E-02 
396	 8.06985422968864E-02 
397	 8.05604085326195E-02 
398	 8.06971937417984E-02 
399	 8.07821154594421E-02 
400	 8.12249109148979E-02 
401	 8.23865160346031E-02 
402	 8.38224738836288E-02 
403	 8.46500620245934E-02 
404	 0.085174024105072 
405	 8.64085480570793E-02 
406	 8.65259245038033E-02 
407	 8.69773179292679E-02 
408	 8.83316099643707E-02 
409	 8.85471105575562E-02 
410	 0.089914970099926 
411	 9.13294404745102E-02 
412	 9.13423374295235E-02 
413	 9.23366323113441E-02 
414	 0.093227319419384 
415	 9.36301127076149E-02 
416	 9.39301326870918E-02 
417	 9.42861437797546E-02 
418	 9.50230285525322E-02 
419	 9.61043238639832E-02 
420	 0.096705250442028 
421	 9.69899147748947E-02 
422	 9.75893065333366E-02 
423	 9.89700332283974E-02 
424	 9.93882790207863E-02 
425	 9.94211807847023E-02 
426	 9.96633544564247E-02 
427	 0.100495204329491 
428	 0.100975528359413 
429	 0.101135782897472 
430	 0.101289682090282 
431	 0.101884663105011 
432	 0.102465599775314 
433	 0.102733351290226 
434	 0.102598905563354 
435	 0.102841176092625 
436	 0.103449761867523 
437	 0.104078538715839 
438	 0.104011490941048 
439	 0.104088999330997 
440	 0.104416556656361 
441	 0.104842871427536 
442	 0.105133019387722 
443	 0.105409994721413 
444	 0.105601422488689 
445	 0.105514258146286 
446	 0.105600796639919 
447	 0.105899773538113 
448	 0.106223985552788 
449	 0.106010995805264 
450	 0.106056019663811 
451	 0.106289871037006 
452	 0.106355421245098 
453	 0.106333553791046 
454	 0.106399737298489 
455	 0.106535069644451 
456	 0.10650972276926 
457	 0.106625311076641 
458	 0.106647312641144 
459	 0.106425002217293 
460	 0.106389947235584 
461	 0.106363162398338 
462	 0.106306999921799 
463	 0.106252104043961 
464	 0.106123499572277 
465	 0.106039144098759 
466	 0.106011927127838 
467	 0.105866551399231 
468	 0.105664074420929 
469	 0.105464771389961 
470	 0.105319492518902 
471	 0.105240434408188 
472	 0.105100907385349 
473	 0.104898482561111 
474	 0.104733996093273 
475	 0.104672707617283 
476	 0.104541875422001 
477	 0.104275904595852 
478	 0.104125246405602 
479	 0.103978842496872 
480	 0.103743493556976 
481	 0.103404000401497 
482	 0.103398084640503 
483	 0.103314585983753 
484	 0.103054031729698 
485	 0.102933265268803 
486	 0.102838516235352 
487	 0.10270718485117 
488	 0.102523900568485 
489	 0.102388963103294 
490	 0.102249212563038 
491	 0.102096155285835 
492	 0.101943179965019 
493	 0.101745061576366 
494	 0.101537935435772 
495	 0.101375296711922 
496	 0.101342156529427 
497	 0.101069919764996 
498	 0.100720167160034 
499	 0.100540369749069 
500	 0.100354336202145 
501	 0.100072607398033 
502	 9.97459068894386E-02 
503	 9.95283350348473E-02 
504	 9.91705507040024E-02 
505	 9.88315045833588E-02 
506	 0.09860809892416 
507	 9.82823595404625E-02 
508	 9.78753790259361E-02 
509	 9.74508449435234E-02 
510	 9.70897078514099E-02 
511	 9.68132317066193E-02 
512	 9.65065434575081E-02 
513	 9.61019843816757E-02 
514	 9.56017971038818E-02 
515	 9.52703282237053E-02 
516	 9.49843376874924E-02 
517	 9.45605933666229E-02 
518	 9.39625725150108E-02 
519	 9.35283750295639E-02 
520	 9.32427123188972E-02 
521	 9.28502753376961E-02 
522	 9.24110785126686E-02 
523	 9.19145047664642E-02 
524	 9.14021506905556E-02 
525	 9.10399928689003E-02 
526	 9.06450673937798E-02 
527	 0.090209499001503 
528	 8.97728130221367E-02 
529	 8.92653465270996E-02 
530	 8.87613520026207E-02 
531	 8.83089751005173E-02 
532	 8.79174470901489E-02 
533	 8.74657332897186E-02 
534	 8.69819670915604E-02 
535	 0.086515910923481 
536	 8.60737040638924E-02 
537	 8.56421887874603E-02 
538	 8.51938650012016E-02 
539	 8.47089663147926E-02 
540	 8.43158960342407E-02 
541	 8.39237943291664E-02 
542	 8.34949314594269E-02 
543	 8.31191465258598E-02 
544	 8.27296376228333E-02 
545	 0.082331508398056 
546	 0.081950269639492 
547	 8.15991088747978E-02 
548	 8.12566205859184E-02 
549	 8.09210687875748E-02 
550	 8.06090235710144E-02 
551	 8.02939534187317E-02 
552	 8.00088569521904E-02 
553	 7.97712728381157E-02 
554	 7.95316472649574E-02 
555	 0.079327180981636 
556	 7.91253075003624E-02 
557	 7.88746923208237E-02 
558	 7.86411762237549E-02 
559	 0.078461229801178 
560	 7.83132389187813E-02 
561	 7.81010910868645E-02 
562	 7.79152065515518E-02 
563	 7.77252614498138E-02 
564	 7.74859637022018E-02 
565	 7.72202014923096E-02 
566	 7.69412890076637E-02 
567	 7.66625255346298E-02 
568	 7.63962715864182E-02 
569	 7.61585012078285E-02 
570	 7.58988857269287E-02 
571	 7.55861848592758E-02 
572	 7.52415359020233E-02 
573	 7.49509036540985E-02 
574	 7.46589452028275E-02 
575	 0.074286125600338 
576	 7.39925354719162E-02 
577	 7.36694559454918E-02 
578	 7.32966735959053E-02 
579	 7.29739964008331E-02 
580	 7.26991072297096E-02 
581	 7.24185556173325E-02 
582	 7.21002146601677E-02 
583	 7.18244463205338E-02 
584	 7.15344473719597E-02 
585	 7.12214186787605E-02 
586	 7.09062814712524E-02 
587	 7.06061348319054E-02 
588	 7.02822655439377E-02 
589	 6.99163600802422E-02 
590	 6.95318877696991E-02 
591	 6.91580921411514E-02 
592	 6.88057914376259E-02 
593	 6.84712752699852E-02 
594	 6.81234374642372E-02 
595	 6.78134486079216E-02 
596	 6.75378367304802E-02 
597	 6.72439560294151E-02 
598	 6.69278427958488E-02 
599	 6.66144788265228E-02 
600	 6.63174018263817E-02 
601	 6.60082250833511E-02 
602	 6.57146349549294E-02 
603	 6.54266625642776E-02 
604	 6.51302933692932E-02 
605	 6.49022161960602E-02 
606	 6.46570697426796E-02 
607	 6.43689781427383E-02 
608	 0.064101830124855 
609	 6.38509467244148E-02 
610	 0.063600093126297 
611	 6.33368492126465E-02 
612	 6.30765855312347E-02 
613	 0.062831424176693 
614	 6.25880435109138E-02 
615	 6.23217150568962E-02 
616	 6.20781816542149E-02 
617	 6.18320368230343E-02 
618	 6.15637935698032E-02 
619	 0.06127754971385 
620	 6.10239095985889E-02 
621	 6.07842691242695E-02 
622	 6.05243891477585E-02 
623	 6.02648444473743E-02 
624	 6.00031539797783E-02 
625	 5.97413890063763E-02 
626	 5.94849102199078E-02 
627	 5.92015199363232E-02 
628	 5.89010156691074E-02 
629	 5.86105808615685E-02 
630	 5.83857223391533E-02 
631	 5.81358410418034E-02 
632	 0.057859193533659 
633	 5.75966238975525E-02 
634	 5.73718212544918E-02 
635	 0.057136058807373 
636	 5.68775087594986E-02 
637	 5.66383376717567E-02 
638	 5.64263500273228E-02 
639	 5.62055259943008E-02 
640	 5.59606961905956E-02 
641	 5.57860098779202E-02 
642	 5.55938370525837E-02 
643	 5.53815290331841E-02 
644	 5.51951229572296E-02 
645	 5.49982972443104E-02 
646	 5.48206344246864E-02 
647	 5.46723157167435E-02 
648	 5.45216426253319E-02 
649	 5.43492399156094E-02 
650	 5.41912987828255E-02 
651	 5.40832430124283E-02 
652	 5.39804920554161E-02 
653	 5.38604781031609E-02 
654	 5.37283197045326E-02 
655	 5.36119677126408E-02 
656	 5.35277351737022E-02 
657	 5.34689649939537E-02 
658	 5.34247271716595E-02 
659	 5.33824637532234E-02 
660	 5.33848442137241E-02 
661	 5.33849857747555E-02 
662	 5.33322840929031E-02 
663	 5.33456243574619E-02 
664	 5.34006431698799E-02 
665	 5.34696690738201E-02 
666	 5.35332262516022E-02 
667	 5.36400265991688E-02 
668	 5.37607185542583E-02 
669	 5.38780577480793E-02 
670	 5.40465377271175E-02 
671	 5.42425103485584E-02 
672	 5.44568970799446E-02 
673	 5.46885803341866E-02 
674	 5.49414679408073E-02 
675	 5.52393347024918E-02 
676	 5.55810481309891E-02 
677	 5.59347458183765E-02 
678	 5.63323684036732E-02 
679	 5.67726083099842E-02 
680	 5.72529286146164E-02 
681	 5.77940121293068E-02 
682	 5.83734549582005E-02 
683	 5.89844435453415E-02 
684	 5.96362762153149E-02 
685	 0.060384776443243 
686	 6.11985921859741E-02 
687	 6.20695985853672E-02 
688	 6.30354210734367E-02 
689	 6.40388131141663E-02 
690	 0.065111480653286 
691	 6.63042962551117E-02 
692	 6.76496177911758E-02 
693	 0.069051630795002 
694	 7.05160275101662E-02 
695	 0.072112537920475 
696	 7.38299041986465E-02 
697	 7.56605193018913E-02 
698	 7.76037350296974E-02 
699	 7.96732753515244E-02 
700	 0.081878237426281 
701	 8.42020437121391E-02 
702	 8.66356566548347E-02 
703	 0.089219905436039 
704	 9.19419527053833E-02 
705	 9.47745814919472E-02 
706	 9.76917073130608E-02 
707	 0.100747868418694 
708	 0.10390567034483 
709	 0.10715738683939 
710	 0.110562644898891 
711	 0.113977342844009 
712	 0.117409408092499 
713	 0.120914369821548 
714	 0.124530352652073 
715	 0.128148406744003 
716	 0.131742835044861 
717	 0.135343059897423 
718	 0.13892288506031 
719	 0.142435997724533 
720	 0.145868986845016 
721	 0.149266019463539 
722	 0.152628913521767 
723	 0.155902564525604 
724	 0.159033298492432 
725	 0.162062183022499 
726	 0.164962336421013 
727	 0.167749390006065 
728	 0.170450419187546 
729	 0.172936826944351 
730	 0.175258830189705 
731	 0.177475258708 
732	 0.179613843560219 
733	 0.18163275718689 
734	 0.183481827378273 
735	 0.185145646333694 
736	 0.186723560094833 
737	 0.188219100236893 
738	 0.189627707004547 
739	 0.190932750701904 
740	 0.192075818777084 
741	 0.193102329969406 
742	 0.194049760699272 
743	 0.194922566413879 
744	 0.19571827352047 
745	 0.196428075432777 
746	 0.197056800127029 
747	 0.197666764259338 
748	 0.198178231716156 
749	 0.198595136404037 
750	 0.198967039585114 
751	 0.199272483587265 
752	 0.199549660086632 
753	 0.199808537960052 
754	 0.200016617774963 
755	 0.200162455439568 
756	 0.200278118252754 
757	 0.200387194752693 
758	 0.200457602739334 
759	 0.200494349002838 
760	 0.200508445501328 
761	 0.20051097869873 
762	 0.200490042567253 
763	 0.200439810752869 
764	 0.200377508997917 
765	 0.200340405106544 
766	 0.200281828641891 
767	 0.200206533074379 
768	 0.200116723775864 
769	 0.199979513883591 
770	 0.199865654110909 
771	 0.19976381957531 
772	 0.199639305472374 
773	 0.199512988328934 
774	 0.199352726340294 
775	 0.199188828468323 
776	 0.199092239141464 
777	 0.198982149362564 
778	 0.198836982250214 
779	 0.198659479618073 
780	 0.198476389050484 
781	 0.198290392756462 
782	 0.198124602437019 
783	 0.197986721992493 
784	 0.197817623615265 
785	 0.197644844651222 
786	 0.197483286261559 
787	 0.197334930300713 
788	 0.197162985801697 
789	 0.197022706270218 
790	 0.196896865963936 
791	 0.19668036699295 
792	 0.196488872170448 
793	 0.196318030357361 
794	 0.196147382259369 
795	 0.195982307195663 
796	 0.195804879069328 
797	 0.195638164877892 
798	 0.195500001311302 
799	 0.195306152105331 
800	 0.19511766731739 
801	 0.194944813847542 
802	 0.194754973053932 
803	 0.194552451372147 
804	 0.194351226091385 
805	 0.194156050682068 
806	 0.193955451250076 
807	 0.193756893277168 
808	 0.193573191761971 
809	 0.193405345082283 
810	 0.193217277526855 
811	 0.193027704954147 
812	 0.192845031619072 
813	 0.19267401099205 
814	 0.192527696490288 
815	 0.19237232208252 
816	 0.192193150520325 
817	 0.191998913884163 
818	 0.191819429397583 
819	 0.191672846674919 
820	 0.19153918325901 
821	 0.191343411803246 
822	 0.191154226660728 
823	 0.190998807549477 
824	 0.190877810120583 
825	 0.190753892064095 
826	 0.19060480594635 
827	 0.190454542636871 
828	 0.190333306789398 
829	 0.19016307592392 
830	 0.190019190311432 
831	 0.189897418022156 
832	 0.189725130796432 
833	 0.189568087458611 
834	 0.189425766468048 
835	 0.189294368028641 
836	 0.189179658889771 
837	 0.189063236117363 
838	 0.188941150903702 
839	 0.188809588551521 
840	 0.188650906085968 
841	 0.188498184084892 
842	 0.188355162739754 
843	 0.188216656446457 
844	 0.188103199005127 
845	 0.187980473041534 
846	 0.187847167253494 
847	 0.187726363539696 
848	 0.187614247202873 
849	 0.187479734420776 
850	 0.187317058444023 
851	 0.187156349420547 
852	 0.187019303441048 
853	 0.186902821063995 
854	 0.186791881918907 
855	 0.186662435531616 
856	 0.186514928936958 
857	 0.186361074447632 
858	 0.186223849654198 
859	 0.186149463057518 
860	 0.186070665717125 
861	 0.185976296663284 
862	 0.185885161161423 
863	 0.185792744159698 
864	 0.185687571763992 
865	 0.185595616698265 
866	 0.185558691620827 
867	 0.1854387819767 
868	 0.185328841209412 
869	 0.185266003012657 
870	 0.185170024633408 
871	 0.185132533311844 
872	 0.185122847557068 
873	 0.185093984007835 
874	 0.185022905468941 
875	 0.184975042939186 
876	 0.184935167431831 
877	 0.184881210327148 
878	 0.184869691729546 
879	 0.184826865792274 
880	 0.184767857193947 
881	 0.184740871191025 
882	 0.184706792235374 
883	 0.184707000851631 
884	 0.184716671705246 
885	 0.184675812721252 
886	 0.18469862639904 
887	 0.184727132320404 
888	 0.1847203373909 
889	 0.184687316417694 
890	 0.184744030237198 
891	 0.184779435396194 
892	 0.18474768102169 
893	 0.18478262424469 
894	 0.184799551963806 
895	 0.184837147593498 
896	 0.184914037585258 
897	 0.184917092323303 
898	 0.184963464736938 
899	 0.185019478201866 
900	 0.18503312766552 
901	 0.185086950659752 
902	 0.18515633046627 
903	 0.185224533081055 
904	 0.185278847813606 
905	 0.185299649834633 
906	 0.185359328985214 
907	 0.185454905033112 
908	 0.185532107949257 
909	 0.185627445578575 
910	 0.18570938706398 
911	 0.185764208436012 
912	 0.185809478163719 
913	 0.185926049947739 
914	 0.186065375804901 
915	 0.18620964884758 
916	 0.186406880617142 
917	 0.186538547277451 
918	 0.186673313379288 
919	 0.186855614185333 
920	 0.187012135982513 
921	 0.18719570338726 
922	 0.18740513920784 
923	 0.18761371076107 
924	 0.187765702605247 
925	 0.187956169247627 
926	 0.188189312815666 
927	 0.188439965248108 
928	 0.188701823353767 
929	 0.188948690891266 
930	 0.189193829894066 
931	 0.189455524086952 
932	 0.189689368009567 
933	 0.189959600567818 
934	 0.190259754657745 
935	 0.190557479858398 
936	 0.190924853086472 
937	 0.19126258790493 
938	 0.191544681787491 
939	 0.191818937659264 
940	 0.192200601100922 
941	 0.192544639110565 
942	 0.192858085036278 
943	 0.193274319171906 
944	 0.193641304969788 
945	 0.194048792123795 
946	 0.194499477744102 
947	 0.194887101650238 
948	 0.195269480347633 
949	 0.19564300775528 
950	 0.19602382183075 
951	 0.196455910801888 
952	 0.196895226836205 
953	 0.197323709726334 
954	 0.197749674320221 
955	 0.198209330439568 
956	 0.198654055595398 
957	 0.199111148715019 
958	 0.199602097272873 
959	 0.200109407305717 
960	 0.200496524572372 
961	 0.200937941670418 
962	 0.201496541500092 
963	 0.201874151825905 
964	 0.202397763729095 
965	 0.202978074550629 
966	 0.203487694263458 
967	 0.203974053263664 
968	 0.204387426376343 
969	 0.204855397343636 
970	 0.205441191792488 
971	 0.205921813845634 
972	 0.206460744142532 
973	 0.20705446600914 
974	 0.207635089755058 
975	 0.208101063966751 
976	 0.208681598305702 
977	 0.209264919161797 
978	 0.209750711917877 
979	 0.210440650582314 
980	 0.210965976119041 
981	 0.21147894859314 
982	 0.212180614471436 
983	 0.212840765714645 
984	 0.213424682617188 
985	 0.214015156030655 
986	 0.21469047665596 
987	 0.215361967682838 
988	 0.215880334377289 
989	 0.216451480984688 
990	 0.217230588197708 
991	 0.217738166451454 
992	 0.218387916684151 
993	 0.219100788235664 
994	 0.219707727432251 
995	 0.220384359359741 
996	 0.221110343933105 
997	 0.22182796895504 
998	 0.222498789429665 
999	 0.223208233714104 
1000	 0.223855495452881 
1001	 0.224613070487976 
1002	 0.225318074226379 
1003	 0.226089060306549 
1004	 0.226775869727135 
1005	 0.227474987506866 
1006	 0.228118270635605 
1007	 0.22864206135273 
1008	 0.229311048984528 
1009	 0.230020180344582 
1010	 0.23071600496769 
1011	 0.231513544917107 
1012	 0.232226714491844 
1013	 0.232872202992439 
1014	 0.233550056815147 
1015	 0.234247714281082 
1016	 0.234874576330185 
1017	 0.235529392957687 
1018	 0.236221462488174 
1019	 0.236932903528214 
1020	 0.237641334533691 
1021	 0.238308966159821 
1022	 0.238970041275024 
1023	 0.239619851112366 
1024	 0.240204885601997 
1025	 0.240844190120697 
1026	 0.24151685833931 
1027	 0.242169752717018 
1028	 0.242830008268356 
1029	 0.24350979924202 
1030	 0.244108557701111 
1031	 0.244702398777008 
1032	 0.245290040969849 
1033	 0.245915964245796 
1034	 0.246581748127937 
1035	 0.24721921980381 
1036	 0.247877433896065 
1037	 0.248553410172462 
1038	 0.24918894469738 
1039	 0.249822795391083 
1040	 0.250468969345093 
1041	 0.251080006361008 
1042	 0.251728743314743 
1043	 0.252424687147141 
1044	 0.253065437078476 
1045	 0.253740042448044 
1046	 0.254414916038513 
1047	 0.2550348341465 
1048	 0.255715012550354 
1049	 0.256401479244232 
1050	 0.257041603326797 
1051	 0.257708042860031 
1052	 0.258400410413742 
1053	 0.259091347455978 
1054	 0.259802103042603 
1055	 0.260478615760803 
1056	 0.261132925748825 
1057	 0.261806666851044 
1058	 0.262460708618164 
1059	 0.263129830360413 
1060	 0.263845443725586 
1061	 0.264524281024933 
1062	 0.265206456184387 
1063	 0.265898495912552 
1064	 0.266513168811798 
1065	 0.26713553071022 
1066	 0.267738312482834 
1067	 0.268331259489059 
1068	 0.269028961658478 
1069	 0.269715815782547 
1070	 0.270382046699524 
1071	 0.271061599254608 
1072	 0.271737068891525 
1073	 0.272331267595291 
1074	 0.272937208414078 
1075	 0.273536592721939 
1076	 0.274108976125717 
1077	 0.27470338344574 
1078	 0.275264024734497 
1079	 0.275893777608871 
1080	 0.276549756526947 
1081	 0.27708238363266 
1082	 0.27766552567482 
1083	 0.278259962797165 
1084	 0.278784602880478 
1085	 0.279390722513199 
1086	 0.279971808195114 
1087	 0.280556321144104 
1088	 0.281108856201172 
1089	 0.281675308942795 
1090	 0.282194197177887 
1091	 0.282733410596848 
1092	 0.283260017633438 
1093	 0.283784419298172 
1094	 0.284362852573395 
1095	 0.284897804260254 
1096	 0.285409539937973 
1097	 0.285918712615967 
1098	 0.286365807056427 
1099	 0.286816418170929 
1100	 0.287278324365616 
1101	 0.287747383117676 
1102	 0.288231939077377 
1103	 0.288704335689545 
1104	 0.289175152778625 
1105	 0.289676338434219 
1106	 0.290155917406082 
1107	 0.290579915046692 
1108	 0.291027575731277 
1109	 0.291446506977081 
1110	 0.291851669549942 
1111	 0.292309254407883 
1112	 0.292736798524857 
1113	 0.293182283639908 
1114	 0.293642044067383 
1115	 0.294044345617294 
1116	 0.29447677731514 
1117	 0.294878929853439 
1118	 0.29526549577713 
1119	 0.295623451471329 
1120	 0.296006888151169 
1121	 0.296377807855606 
1122	 0.296781957149506 
1123	 0.297183722257614 
1124	 0.297530084848404 
1125	 0.297921240329742 
1126	 0.298296898603439 
1127	 0.298626571893692 
1128	 0.298997074365616 
1129	 0.299325585365295 
1130	 0.299617826938629 
1131	 0.299962401390076 
1132	 0.300304174423218 
1133	 0.300633668899536 
1134	 0.300924271345139 
1135	 0.301218897104263 
1136	 0.301499098539352 
1137	 0.301779687404633 
1138	 0.302056223154068 
1139	 0.30234283208847 
1140	 0.302641212940216 
1141	 0.302881687879562 
1142	 0.303157120943069 
1143	 0.303443074226379 
1144	 0.30372616648674 
1145	 0.304024130105972 
1146	 0.304280698299408 
1147	 0.304531395435333 
1148	 0.304790437221527 
1149	 0.305018454790115 
1150	 0.305252701044083 
1151	 0.305490702390671 
1152	 0.305723369121552 
1153	 0.305937618017197 
1154	 0.306163311004639 
1155	 0.306406825780869 
1156	 0.30662938952446 
1157	 0.30684232711792 
1158	 0.307040840387344 
1159	 0.307229936122894 
1160	 0.30740961432457 
1161	 0.307585209608078 
1162	 0.307756513357162 
1163	 0.307904601097107 
1164	 0.308041274547577 
1165	 0.308151662349701 
1166	 0.308264434337616 
1167	 0.308394521474838 
1168	 0.308517277240753 
1169	 0.308637171983719 
1170	 0.308756977319717 
1171	 0.308873951435089 
1172	 0.308987945318222 
1173	 0.30910062789917 
1174	 0.309220135211945 
1175	 0.309324204921722 
1176	 0.309400171041489 
1177	 0.309501439332962 
1178	 0.309610426425934 
1179	 0.309721797704697 
1180	 0.309827744960785 
1181	 0.309951990842819 
1182	 0.310069411993027 
1183	 0.310190081596375 
1184	 0.310335576534271 
1185	 0.310486316680908 
1186	 0.310640931129456 
1187	 0.31079488992691 
1188	 0.31096151471138 
1189	 0.31113076210022 
1190	 0.311327457427979 
1191	 0.311540395021439 
1192	 0.311762601137161 
1193	 0.312002390623093 
1194	 0.312253504991531 
1195	 0.312520921230316 
1196	 0.312791556119919 
1197	 0.313078105449677 
1198	 0.313372373580933 
1199	 0.313647568225861 
1200	 0.31390780210495 
1201	 0.314190953969955 
1202	 0.314463138580322 
1203	 0.314751744270325 
1204	 0.31505560874939 
1205	 0.315336585044861 
1206	 0.315603196620941 
1207	 0.315888375043869 
1208	 0.316150367259979 
1209	 0.316456854343414 
1210	 0.31678768992424 
1211	 0.317135334014893 
1212	 0.31752210855484 
1213	 0.317900031805038 
1214	 0.318282544612885 
1215	 0.318680644035339 
1216	 0.319092035293579 
1217	 0.319496750831604 
1218	 0.319921791553497 
1219	 0.320330321788788 
1220	 0.320730865001678 
1221	 0.321141391992569 
1222	 0.321524947881699 
1223	 0.321925163269043 
1224	 0.322306513786316 
1225	 0.322667986154556 
1226	 0.323033392429352 
1227	 0.323396027088165 
1228	 0.323758900165558 
1229	 0.324125498533249 
1230	 0.324474960565567 
1231	 0.324820756912231 
1232	 0.325157672166824 
1233	 0.325478941202164 
1234	 0.325794190168381 
1235	 0.326099753379822 
1236	 0.32640752196312 
1237	 0.326706647872925 
1238	 0.327007353305817 
1239	 0.327309101819992 
1240	 0.327617228031158 
1241	 0.327919006347656 
1242	 0.328190296888351 
1243	 0.328460305929184 
1244	 0.328716725111008 
1245	 0.328975707292557 
1246	 0.329229384660721 
1247	 0.329477876424789 
1248	 0.329730004072189 
1249	 0.329963028430939 
1250	 0.330177932977676 
1251	 0.330393731594086 
1252	 0.330601841211319 
1253	 0.330807566642761 
1254	 0.331025213003159 
1255	 0.331212610006332 
1256	 0.331375360488892 
1257	 0.331541061401367 
1258	 0.331673920154572 
1259	 0.331831753253937 
1260	 0.332001984119415 
1261	 0.332176923751831 
1262	 0.332359731197357 
1263	 0.332553684711456 
1264	 0.3327516913414 
1265	 0.332956701517105 
1266	 0.333166599273682 
1267	 0.33339649438858 
1268	 0.333593636751175 
1269	 0.333778649568558 
1270	 0.333966583013535 
1271	 0.334117501974106 
1272	 0.334321737289429 
1273	 0.334559410810471 
1274	 0.334786504507065 
1275	 0.335041254758835 
1276	 0.335275679826736 
1277	 0.33550289273262 
1278	 0.335720151662827 
1279	 0.335922539234161 
1280	 0.336133658885956 
1281	 0.336335301399231 
1282	 0.336542546749115 
1283	 0.336759477853775 
1284	 0.336973518133163 
1285	 0.33718666434288 
1286	 0.337396562099457 
1287	 0.337608963251114 
1288	 0.337822526693344 
1289	 0.338036447763443 
1290	 0.338255733251572 
1291	 0.338457971811295 
1292	 0.338661283254623 
1293	 0.338844150304794 
1294	 0.339006751775742 
1295	 0.339169681072235 
1296	 0.33931440114975 
1297	 0.339473366737366 
1298	 0.339641869068146 
1299	 0.339794099330902 
1300	 0.339957416057587 
1301	 0.340092122554779 
1302	 0.340203195810318 
1303	 0.340307742357254 
1304	 0.340377241373062 
1305	 0.340472906827927 
1306	 0.340586394071579 
1307	 0.340680718421936 
1308	 0.340775787830353 
1309	 0.340881109237671 
1310	 0.340944349765778 
1311	 0.340969413518906 
1312	 0.341022998094559 
1313	 0.3410624563694 
1314	 0.341126829385757 
1315	 0.341197907924652 
1316	 0.341295927762985 
1317	 0.341408133506775 
1318	 0.341536432504654 
1319	 0.34169340133667 
1320	 0.341849327087402 
1321	 0.342026323080063 
1322	 0.342181980609894 
1323	 0.342349797487259 
1324	 0.342488378286362 
1325	 0.342614471912384 
1326	 0.342714905738831 
1327	 0.342807590961456 
1328	 0.342861235141754 
1329	 0.342885881662369 
1330	 0.342882603406906 
1331	 0.342837691307068 
1332	 0.342784613370895 
1333	 0.342706203460693 
1334	 0.34261479973793 
1335	 0.342529773712158 
1336	 0.342421591281891 
1337	 0.342369139194489 
1338	 0.342328190803528 
1339	 0.342316925525665 
1340	 0.342336177825928 
1341	 0.342380851507187 
1342	 0.342456132173538 
1343	 0.342526912689209 
1344	 0.342644393444061 
1345	 0.342710644006729 
1346	 0.342765837907791 
1347	 0.342793941497803 
1348	 0.342808753252029 
1349	 0.342787265777588 
1350	 0.342734515666962 
1351	 0.342664897441864 
1352	 0.342557430267334 
1353	 0.342450678348541 
1354	 0.342323124408722 
1355	 0.342201322317123 
1356	 0.342064261436462 
1357	 0.341943353414536 
1358	 0.34182870388031 
1359	 0.341719567775726 
1360	 0.341616928577423 
1361	 0.341524541378021 
1362	 0.341431707143784 
1363	 0.341346561908722 
1364	 0.341278523206711 
1365	 0.34122896194458 
1366	 0.34116593003273 
1367	 0.341117292642593 
1368	 0.341045320034027 
1369	 0.3409583568573 
1370	 0.340870708227158 
1371	 0.340775966644287 
1372	 0.340681672096252 
1373	 0.340601712465286 
1374	 0.340476244688034 
1375	 0.340337485074997 
1376	 0.340171068906784 
1377	 0.339969575405121 
1378	 0.33975288271904 
1379	 0.339503318071365 
1380	 0.339266777038574 
1381	 0.338999480009079 
1382	 0.338760524988174 
1383	 0.338536024093628 
1384	 0.338323503732681 
1385	 0.338126808404922 
1386	 0.33793231844902 
1387	 0.337752789258957 
1388	 0.337573438882828 
1389	 0.337385207414627 
1390	 0.337218940258026 
1391	 0.337065130472183 
1392	 0.336913794279099 
1393	 0.33679860830307 
1394	 0.336706399917603 
1395	 0.336614370346069 
1396	 0.336548000574112 
1397	 0.336458683013916 
1398	 0.336387723684311 
1399	 0.336249351501465 
1400	 0.336096107959747 
1401	 0.335890412330627 
1402	 0.335637927055359 
1403	 0.335343331098557 
1404	 0.335008084774017 
1405	 0.334644854068756 
1406	 0.334231734275818 
1407	 0.333804845809937 
1408	 0.33334943652153 
1409	 0.332879811525345 
1410	 0.332383841276169 
1411	 0.331871598958969 
1412	 0.33133852481842 
1413	 0.330803513526917 
1414	 0.330241769552231 
1415	 0.329689890146255 
1416	 0.329131692647934 
1417	 0.328581899404526 
1418	 0.328046858310699 
1419	 0.327493488788605 
1420	 0.326943308115005 
1421	 0.32638230919838 
1422	 0.325807839632034 
1423	 0.325221449136734 
1424	 0.32463413476944 
1425	 0.324011266231537 
1426	 0.32342317700386 
1427	 0.322815626859665 
1428	 0.322220385074615 
1429	 0.321686059236526 
1430	 0.321138858795166 
1431	 0.320602267980576 
1432	 0.320064008235931 
1433	 0.319544315338135 
1434	 0.318994700908661 
1435	 0.318442761898041 
1436	 0.317858695983887 
1437	 0.31725338101387 
1438	 0.316642880439758 
1439	 0.315989196300507 
1440	 0.315380930900574 
1441	 0.314745754003525 
1442	 0.314202785491943 
1443	 0.313663721084595 
1444	 0.313259929418564 
1445	 0.312906563282013 
1446	 0.312719076871872 
1447	 0.312649041414261 
1448	 0.312706798315048 
1449	 0.312926322221756 
1450	 0.313214778900146 
1451	 0.313652127981186 
1452	 0.314104586839676 
1453	 0.314692676067352 
1454	 0.315210461616516 
1455	 0.315769255161285 
1456	 0.316259801387787 
1457	 0.316721379756927 
1458	 0.317128539085388 
1459	 0.317503124475479 
1460	 0.317810565233231 
1461	 0.318069159984589 
1462	 0.318253457546234 
1463	 0.318386226892471 
1464	 0.318430185317993 
1465	 0.318399906158447 
1466	 0.318283885717392 
1467	 0.318085789680481 
1468	 0.317802846431732 
1469	 0.317448377609253 
1470	 0.317050039768219 
1471	 0.31658062338829 
1472	 0.31605327129364 
1473	 0.315447956323624 
1474	 0.314761191606522 
1475	 0.314036577939987 
1476	 0.313248604536057 
1477	 0.312400460243225 
1478	 0.311502128839493 
1479	 0.310551732778549 
1480	 0.309530645608902 
1481	 0.308472901582718 
1482	 0.307359486818314 
1483	 0.306221038103104 
1484	 0.305027276277542 
1485	 0.303820669651031 
1486	 0.302550554275513 
1487	 0.301358878612518 
1488	 0.300130277872086 
1489	 0.299013525247574 
1490	 0.297920525074005 
1491	 0.296987116336823 
1492	 0.296109914779663 
1493	 0.295421242713928 
1494	 0.294890165328979 
1495	 0.294503152370453 
1496	 0.294275790452957 
1497	 0.29416698217392 
1498	 0.294191896915436 
1499	 0.294366896152496 
1500	 0.294590890407562 
1501	 0.29512631893158 
1502	 0.295812755823135 
1503	 0.296829968690872 
1504	 0.298115938901901 
1505	 0.299713283777237 
1506	 0.301740765571594 
1507	 0.303829878568649 
1508	 0.306360274553299 
1509	 0.308694273233414 
1510	 0.311209052801132 
1511	 0.313395977020264 
1512	 0.315477401018143 
1513	 0.317290306091309 
1514	 0.318798840045929 
1515	 0.32016921043396 
1516	 0.321240723133087 
1517	 0.322294801473618 
1518	 0.323167562484741 
1519	 0.324045836925507 
1520	 0.324879795312881 
1521	 0.325695693492889 
1522	 0.326475620269775 
1523	 0.327292948961258 
1524	 0.328068971633911 
1525	 0.328841984272003 
1526	 0.329576045274735 
1527	 0.330283403396606 
1528	 0.330963164567947 
1529	 0.331620097160339 
1530	 0.332242041826248 
1531	 0.332836955785751 
1532	 0.333393007516861 
1533	 0.333909928798676 
1534	 0.334410548210144 
1535	 0.334868729114532 
1536	 0.335335284471512 
1537	 0.335786074399948 
1538	 0.336235255002975 
1539	 0.336676031351089 
1540	 0.33711838722229 
1541	 0.337546199560165 
1542	 0.337998956441879 
1543	 0.33846253156662 
1544	 0.338924288749695 
1545	 0.339402556419373 
1546	 0.339867204427719 
1547	 0.340319007635117 
1548	 0.340787321329117 
1549	 0.341269135475159 
1550	 0.341731458902359 
1551	 0.342204988002777 
1552	 0.342644602060318 
1553	 0.343051761388779 
1554	 0.343469262123108 
1555	 0.343884348869324 
1556	 0.34427747130394 
1557	 0.344662338495255 
1558	 0.345037698745728 
1559	 0.345393091440201 
1560	 0.345740646123886 
1561	 0.346085071563721 
1562	 0.346416741609573 
1563	 0.34672474861145 
1564	 0.347039341926575 
1565	 0.347362697124481 
1566	 0.347659647464752 
1567	 0.347938895225525 
1568	 0.348219245672226 
1569	 0.348481178283691 
1570	 0.348748058080673 
1571	 0.349019914865494 
1572	 0.349284023046494 
1573	 0.349541962146759 
1574	 0.349796622991562 
1575	 0.350056797266006 
1576	 0.350296288728714 
1577	 0.350507795810699 
1578	 0.350743114948273 
1579	 0.350977718830109 
1580	 0.351213485002518 
1581	 0.351472496986389 
1582	 0.351712107658386 
1583	 0.351934671401978 
1584	 0.35216224193573 
1585	 0.352394729852676 
1586	 0.352612793445587 
1587	 0.352810114622116 
1588	 0.353027909994125 
1589	 0.353251069784164 
1590	 0.353467702865601 
1591	 0.353706449270248 
1592	 0.353921264410019 
1593	 0.354106366634369 
1594	 0.354306101799011 
1595	 0.354511350393295 
1596	 0.354702740907669 
1597	 0.354890674352646 
1598	 0.355077832937241 
1599	 0.355248242616653 
1600	 0.35543030500412 
1601	 0.355635911226273 
1602	 0.355811774730682 
1603	 0.355967432260513 
1604	 0.356131494045258 
1605	 0.356280893087387 
1606	 0.356435835361481 
1607	 0.356618642807007 
1608	 0.356766670942307 
1609	 0.35689240694046 
1610	 0.357012987136841 
1611	 0.357096910476685 
1612	 0.357207298278809 
1613	 0.357332229614258 
1614	 0.357450574636459 
1615	 0.357576698064804 
1616	 0.357700735330582 
1617	 0.357816308736801 
1618	 0.357936531305313 
1619	 0.358071386814117 
1620	 0.358191847801209 
1621	 0.358325064182281 
1622	 0.358416885137558 
1623	 0.358481615781784 
1624	 0.35853385925293 
1625	 0.358540862798691 
1626	 0.358564823865891 
1627	 0.358592003583908 
1628	 0.35861212015152 
1629	 0.35861799120903 
1630	 0.358642667531967 
1631	 0.358668476343155 
1632	 0.358704537153244 
1633	 0.35875529050827 
1634	 0.358817547559738 
1635	 0.35887685418129 
1636	 0.358962416648865 
1637	 0.359075665473938 
1638	 0.359194844961166 
1639	 0.359344959259033 
1640	 0.359477400779724 
1641	 0.35962188243866 
1642	 0.359738290309906 
1643	 0.359842032194138 
1644	 0.35992494225502 
1645	 0.359994143247604 
1646	 0.360033512115479 
1647	 0.360060930252075 
1648	 0.360040843486786 
1649	 0.359970718622208 
1650	 0.359890848398209 
1651	 0.359779179096222 
1652	 0.359649270772934 
1653	 0.359510600566864 
1654	 0.3593370616436 
1655	 0.359122514724731 
1656	 0.358897596597672 
1657	 0.358655631542206 
1658	 0.358383983373642 
1659	 0.358098268508911 
1660	 0.357775777578354 
1661	 0.357429265975952 
1662	 0.357034623622894 
1663	 0.356604337692261 
1664	 0.356122523546219 
1665	 0.355595856904984 
1666	 0.355015635490417 
1667	 0.354386538267136 
1668	 0.353715777397156 
1669	 0.352999448776245 
1670	 0.352226346731186 
1671	 0.351396799087524 
1672	 0.35052016377449 
1673	 0.34957954287529 
1674	 0.348605275154114 
1675	 0.347606778144836 
1676	 0.346556425094604 
1677	 0.345442295074463 
1678	 0.344317018985748 
1679	 0.343122869729996 
1680	 0.341941297054291 
1681	 0.340752303600311 
1682	 0.339551240205765 
1683	 0.338338613510132 
1684	 0.337149232625961 
1685	 0.335964351892471 
1686	 0.334767311811447 
1687	 0.333554804325104 
1688	 0.332364022731781 
1689	 0.33115753531456 
1690	 0.329990476369858 
1691	 0.328852623701096 
1692	 0.327773869037628 
1693	 0.326720505952835 
1694	 0.325719237327576 
1695	 0.324768960475922 
1696	 0.323857069015503 
1697	 0.322994142770767 
1698	 0.322142004966736 
1699	 0.32134085893631 
1700	 0.320565760135651 
1701	 0.319814205169678 
1702	 0.319065511226654 
1703	 0.31833490729332 
1704	 0.317629754543304 
1705	 0.316927641630173 
1706	 0.316257774829865 
1707	 0.315661638975143 
1708	 0.315094619989395 
1709	 0.314531177282333 
1710	 0.314036875963211 
1711	 0.313567370176315 
1712	 0.313097774982452 
1713	 0.31262943148613 
1714	 0.312158972024918 
1715	 0.311725825071335 
1716	 0.311304062604904 
1717	 0.310886979103088 
1718	 0.310464322566986 
1719	 0.310016185045242 
1720	 0.309589326381683 
1721	 0.309204787015915 
1722	 0.308844983577728 
1723	 0.308537393808365 
1724	 0.308262795209885 
1725	 0.3079833984375 
1726	 0.307746529579163 
1727	 0.307556867599487 
1728	 0.307391583919525 
1729	 0.307297676801682 
1730	 0.307303309440613 
1731	 0.307381808757782 
1732	 0.307537168264389 
1733	 0.307776242494583 
1734	 0.308069884777069 
1735	 0.308390527963638 
1736	 0.308733582496643 
1737	 0.309053480625153 
1738	 0.30935937166214 
1739	 0.309604436159134 
1740	 0.309819221496582 
1741	 0.309981644153595 
1742	 0.310061991214752 
1743	 0.310149073600769 
1744	 0.310174107551575 
1745	 0.310263693332672 
1746	 0.310367107391357 
1747	 0.310495227575302 
1748	 0.310641378164291 
1749	 0.310839742422104 
1750	 0.311056315898895 
1751	 0.311346799135208 
1752	 0.311716049909592 
1753	 0.312101393938065 
1754	 0.312532931566238 
1755	 0.312992691993713 
1756	 0.313475519418716 
1757	 0.313988476991653 
1758	 0.314567148685455 
1759	 0.315158754587173 
1760	 0.31579914689064 
1761	 0.316505640745163 
1762	 0.317215323448181 
1763	 0.317974209785461 
1764	 0.318769812583923 
1765	 0.319608718156815 
1766	 0.320527464151382 
1767	 0.321452438831329 
1768	 0.322438687086105 
1769	 0.323432415723801 
1770	 0.324341535568237 
1771	 0.325272768735886 
1772	 0.326167106628418 
1773	 0.327039390802383 
1774	 0.327955305576324 
1775	 0.328806400299072 
1776	 0.329632997512817 
1777	 0.330407977104187 
1778	 0.331079125404358 
1779	 0.331708759069443 
1780	 0.332281917333603 
1781	 0.332843750715256 
1782	 0.333377510309219 
1783	 0.33387553691864 
1784	 0.334416598081589 
1785	 0.334848046302795 
1786	 0.335299372673035 
1787	 0.335752308368683 
1788	 0.336159527301788 
1789	 0.336566835641861 
1790	 0.336945742368698 
1791	 0.337283104658127 
1792	 0.337614506483078 
1793	 0.337918996810913 
1794	 0.338212192058563 
1795	 0.338495492935181 
1796	 0.338789969682693 
1797	 0.33909347653389 
1798	 0.339387118816376 
1799	 0.339671611785889 
1800	 0.339911758899689 
1801	 0.342051327228546 
1802	 0.342432796955109 
1803	 0.342803567647934 
1804	 0.343119859695435 
1805	 0.343445926904678 
1806	 0.343761891126633 
1807	 0.344070911407471 
1808	 0.344348222017288 
1809	 0.344625174999237 
1810	 0.344864428043365 
1811	 0.345037817955017 
1812	 0.345246195793152 
1813	 0.345460921525955 
1814	 0.345659196376801 
1815	 0.345852732658386 
1816	 0.346067160367966 
1817	 0.346260547637939 
1818	 0.346424788236618 
1819	 0.346618443727493 
1820	 0.346821039915085 
1821	 0.347018986940384 
1822	 0.347230583429337 
1823	 0.347435027360916 
1824	 0.347621589899063 
1825	 0.347816914319992 
1826	 0.347997158765793 
1827	 0.348173409700394 
1828	 0.348332524299622 
1829	 0.34848016500473 
1830	 0.348620116710663 
1831	 0.348742485046387 
1832	 0.348868668079376 
1833	 0.348986446857452 
1834	 0.349115639925003 
1835	 0.349261671304703 
1836	 0.349395930767059 
1837	 0.349546700716019 
1838	 0.349697947502136 
1839	 0.349870622158051 
1840	 0.350071609020233 
1841	 0.35026228427887 
1842	 0.350464016199112 
1843	 0.350670903921127 
1844	 0.350863069295883 
1845	 0.351011574268341 
1846	 0.351160377264023 
1847	 0.351299524307251 
1848	 0.351423501968384 
1849	 0.351550430059433 
1850	 0.351639568805695 
1851	 0.351716548204422 
1852	 0.351750999689102 
1853	 0.351741254329681 
1854	 0.351694852113724 
1855	 0.351608961820602 
1856	 0.351491242647171 
1857	 0.351344048976898 
1858	 0.351152062416077 
1859	 0.350920706987381 
1860	 0.350653767585754 
1861	 0.350339651107788 
1862	 0.349989175796509 
1863	 0.34958952665329 
1864	 0.349132388830185 
1865	 0.348626554012299 
1866	 0.34804180264473 
1867	 0.347376137971878 
1868	 0.346664875745773 
1869	 0.345901876688004 
1870	 0.345122873783112 
1871	 0.344304442405701 
1872	 0.343497663736343 
1873	 0.342679232358933 
1874	 0.341851890087128 
1875	 0.34102988243103 
1876	 0.340087294578552 
1877	 0.339130729436874 
1878	 0.338049620389938 
1879	 0.336827725172043 
1880	 0.33563557267189 
1881	 0.334283411502838 
1882	 0.332786381244659 
1883	 0.331249535083771 
1884	 0.329632520675659 
1885	 0.32783430814743 
1886	 0.32609835267067 
1887	 0.324313908815384 
1888	 0.322509735822678 
1889	 0.320862323045731 
1890	 0.319189995527267 
1891	 0.317525863647461 
1892	 0.315933465957642 
1893	 0.314233273267746 
1894	 0.312442690134048 
1895	 0.310697168111801 
1896	 0.308901250362396 
1897	 0.306967824697495 
1898	 0.305140942335129 
1899	 0.303147077560425 
1900	 0.301086932420731 
1901	 0.29901185631752 
1902	 0.296726495027542 
1903	 0.294508576393127 
1904	 0.292259067296982 
1905	 0.289949715137482 
1906	 0.287614405155182 
1907	 0.285452663898468 
1908	 0.283195972442627 
1909	 0.280994385480881 
1910	 0.278831094503403 
1911	 0.276513934135437 
1912	 0.274287700653076 
1913	 0.272027611732483 
1914	 0.269745796918869 
1915	 0.267651408910751 
1916	 0.265708774328232 
1917	 0.263751059770584 
1918	 0.261920124292374 
1919	 0.260239362716675 
1920	 0.25849574804306 
1921	 0.256931364536285 
1922	 0.255419701337814 
1923	 0.253964930772781 
1924	 0.25270339846611 
1925	 0.251432687044144 
1926	 0.250162482261658 
1927	 0.248989820480347 
1928	 0.247723206877708 
1929	 0.246402502059937 
1930	 0.245093062520027 
1931	 0.243769019842148 
1932	 0.242413267493248 
1933	 0.241173639893532 
1934	 0.239941418170929 
1935	 0.23880136013031 
1936	 0.237794324755669 
1937	 0.236871629953384 
1938	 0.236004203557968 
1939	 0.235333040356636 
1940	 0.234780922532082 
1941	 0.234369933605194 
1942	 0.234141632914543 
1943	 0.234060615301132 
1944	 0.234099984169006 
1945	 0.234300419688225 
1946	 0.234677776694298 
1947	 0.235164910554886 
1948	 0.235840335488319 
1949	 0.236706227064133 
1950	 0.23766103386879 
1951	 0.238780483603477 
1952	 0.239994257688522 
1953	 0.241316109895706 
1954	 0.242735758423805 
1955	 0.244340151548386 
1956	 0.245958432555199 
1957	 0.247609078884125 
1958	 0.249255299568176 
1959	 0.250726580619812 
1960	 0.252146691083908 
1961	 0.253432393074036 
1962	 0.254607319831848 
1963	 0.255641043186188 
1964	 0.256559252738953 
1965	 0.257333725690842 
1966	 0.257956445217133 
1967	 0.258491486310959 
1968	 0.258894264698029 
1969	 0.2592493891716 
1970	 0.259579986333847 
1971	 0.259911358356476 
1972	 0.26025202870369 
1973	 0.26059302687645 
1974	 0.260955512523651 
1975	 0.261302083730698 
1976	 0.261709839105606 
1977	 0.262129843235016 
1978	 0.262626677751541 
1979	 0.263162463903427 
1980	 0.263752281665802 
1981	 0.264473408460617 
1982	 0.265262931585312 
1983	 0.266156613826752 
1984	 0.26714751124382 
1985	 0.26812270283699 
1986	 0.269210249185562 
1987	 0.270349383354187 
1988	 0.271518409252167 
1989	 0.272802203893662 
1990	 0.274201571941376 
1991	 0.275611877441406 
1992	 0.277107208967209 
1993	 0.278660863637924 
1994	 0.280108898878098 
1995	 0.281665623188019 
1996	 0.283196955919266 
1997	 0.284704238176346 
1998	 0.286269247531891 
1999	 0.287921130657196 
2000	 0.289451718330383 
2001	 0.291036933660507 
2002	 0.292448461055756 
2003	 0.293762892484665 
2004	 0.295004665851593 
2005	 0.296112835407257 
2006	 0.297179758548737 
2007	 0.298219740390778 
2008	 0.299118429422379 
2009	 0.299933642148972 
2010	 0.300714820623398 
2011	 0.301332116127014 
2012	 0.301878660917282 
2013	 0.302340596914291 
2014	 0.302696406841278 
2015	 0.302991807460785 
2016	 0.303198963403702 
2017	 0.303355723619461 
2018	 0.303433865308762 
2019	 0.303468883037567 
2020	 0.303444802761078 
2021	 0.303363084793091 
2022	 0.303237468004227 
2023	 0.303098201751709 
2024	 0.302926450967789 
2025	 0.302743077278137 
2026	 0.302556723356247 
2027	 0.302345454692841 
2028	 0.302156269550323 
2029	 0.301979422569275 
2030	 0.301785945892334 
2031	 0.301652938127518 
2032	 0.301406294107437 
2033	 0.301163762807846 
2034	 0.300783574581146 
2035	 0.300330013036728 
2036	 0.299714535474777 
2037	 0.299055874347687 
2038	 0.298236697912216 
2039	 0.29742631316185 
2040	 0.296486973762512 
2041	 0.295664250850677 
2042	 0.294699907302856 
2043	 0.294098287820816 
2044	 0.293576925992966 
2045	 0.293359726667404 
2046	 0.293485075235367 
2047	 0.293671548366547 
2048	 0.29416635632515 
2049	 0.294578731060028 
2050	 0.295120805501938 
2051	 0.295599341392517 
2052	 0.296038687229156 
2053	 0.296342015266418 
2054	 0.296570003032684 
2055	 0.296670705080032 
2056	 0.296785205602646 
2057	 0.296786397695541 
2058	 0.296867936849594 
2059	 0.296912401914597 
2060	 0.297060519456863 
2061	 0.297251462936401 
2062	 0.297498315572739 
2063	 0.297822237014771 
2064	 0.298185288906097 
2065	 0.298602938652039 
2066	 0.299033284187317 
2067	 0.299558639526367 
2068	 0.300094604492188 
2069	 0.300628125667572 
2070	 0.301226526498795 
2071	 0.301734954118729 
2072	 0.302220821380615 
2073	 0.302661895751953 
2074	 0.303058803081512 
2075	 0.303420633077621 
2076	 0.303764253854752 
2077	 0.304041892290115 
2078	 0.304270505905151 
2079	 0.304446220397949 
2080	 0.304549425840378 
2081	 0.304631620645523 
2082	 0.304662674665451 
2083	 0.304662823677063 
2084	 0.304666131734848 
2085	 0.304654091596603 
2086	 0.304613590240479 
2087	 0.304559767246246 
2088	 0.304484605789185 
2089	 0.30436247587204 
2090	 0.30426150560379 
2091	 0.304165959358215 
2092	 0.304048538208008 
2093	 0.303927838802338 
2094	 0.303790271282196 
2095	 0.303624391555786 
2096	 0.303464025259018 
2097	 0.303304821252823 
2098	 0.303123742341995 
2099	 0.302969962358475 
2100	 0.302776128053665 
2101	 0.302556186914444 
2102	 0.302309542894363 
2103	 0.302075833082199 
2104	 0.301814615726471 
2105	 0.301558762788773 
2106	 0.301331102848053 
2107	 0.301051497459412 
2108	 0.300733178853989 
2109	 0.300417810678482 
2110	 0.300068080425262 
2111	 0.299741387367249 
2112	 0.299412339925766 
2113	 0.299092561006546 
2114	 0.298801422119141 
2115	 0.298486083745956 
2116	 0.298157185316086 
2117	 0.297844737768173 
2118	 0.297494173049927 
2119	 0.297105252742767 
2120	 0.29676029086113 
2121	 0.296414911746979 
2122	 0.296069383621216 
2123	 0.295762747526169 
2124	 0.295407861471176 
2125	 0.295028984546661 
2126	 0.294636130332947 
2127	 0.294225603342056 
2128	 0.293805927038193 
2129	 0.293349474668503 
2130	 0.292913854122162 
2131	 0.292481958866119 
2132	 0.292044013738632 
2133	 0.291606068611145 
2134	 0.291188389062881 
2135	 0.290722727775574 
2136	 0.290251731872559 
2137	 0.289796471595764 
2138	 0.289328038692474 
2139	 0.288881599903107 
2140	 0.288447052240372 
2141	 0.288034617900848 
2142	 0.287652164697647 
2143	 0.287241190671921 
2144	 0.286837249994278 
2145	 0.286435008049011 
2146	 0.285989463329315 
2147	 0.285596281290054 
2148	 0.285240352153778 
2149	 0.284892231225967 
2150	 0.284602373838425 
2151	 0.284258276224136 
2152	 0.28388848900795 
2153	 0.283537477254868 
2154	 0.283145576715469 
2155	 0.282731831073761 
2156	 0.282355338335037 
2157	 0.282001048326492 
2158	 0.281629621982574 
2159	 0.28127059340477 
2160	 0.280887544155121 
2161	 0.280478954315186 
2162	 0.28010019659996 
2163	 0.279707849025726 
2164	 0.279353201389313 
2165	 0.279022842645645 
2166	 0.278707325458527 
2167	 0.278408288955688 
2168	 0.278133511543274 
2169	 0.277868896722794 
2170	 0.277647525072098 
2171	 0.277461379766464 
2172	 0.27729657292366 
2173	 0.277167797088623 
2174	 0.277063578367233 
2175	 0.276986628770828 
2176	 0.276897132396698 
2177	 0.2768215239048 
2178	 0.2767653465271 
2179	 0.276704519987106 
2180	 0.276641100645065 
2181	 0.276587724685669 
2182	 0.276556372642517 
2183	 0.276489853858948 
2184	 0.276430428028107 
2185	 0.276331931352615 
2186	 0.27620080113411 
2187	 0.27605727314949 
2188	 0.275900512933731 
2189	 0.275705844163895 
2190	 0.275467783212662 
2191	 0.275237679481506 
2192	 0.275005996227264 
2193	 0.274728864431381 
2194	 0.274452120065689 
2195	 0.274123787879944 
2196	 0.273753851652145 
2197	 0.273313939571381 
2198	 0.27287358045578 
2199	 0.272390156984329 
2200	 0.271838635206223 
2201	 0.271274268627167 
2202	 0.27054226398468 
2203	 0.269715368747711 
2204	 0.268787026405334 
2205	 0.267683327198029 
2206	 0.266602456569672 
2207	 0.265407890081406 
2208	 0.264291554689407 
2209	 0.263085693120956 
2210	 0.262088239192963 
2211	 0.261051684617996 
2212	 0.260382503271103 
2213	 0.259935289621353 
2214	 0.259694516658783 
2215	 0.259817481040955 
2216	 0.259958505630493 
2217	 0.260329604148865 
2218	 0.260652840137482 
2219	 0.26116681098938 
2220	 0.26148983836174 
2221	 0.261786609888077 
2222	 0.261950582265854 
2223	 0.261966109275818 
2224	 0.261837184429169 
2225	 0.261655241250992 
2226	 0.261378556489944 
2227	 0.260981768369675 
2228	 0.260499447584152 
2229	 0.259881258010864 
2230	 0.25908088684082 
2231	 0.258299857378006 
2232	 0.25746563076973 
2233	 0.25649681687355 
2234	 0.255500257015228 
2235	 0.254320979118347 
2236	 0.252970486879349 
2237	 0.251541018486023 
2238	 0.249940693378448 
2239	 0.248332291841507 
2240	 0.246651157736778 
2241	 0.244872182607651 
2242	 0.243085041642189 
2243	 0.241133406758308 
2244	 0.239012390375137 
2245	 0.236850321292877 
2246	 0.234491631388664 
2247	 0.232201606035233 
2248	 0.229915827512741 
2249	 0.227564409375191 
2250	 0.225202783942223 
2251	 0.222863703966141 
2252	 0.220255807042122 
2253	 0.217712298035622 
2254	 0.215099185705185 
2255	 0.212405636906624 
2256	 0.209926396608353 
2257	 0.207381621003151 
2258	 0.204850628972054 
2259	 0.20242415368557 
2260	 0.199792057275772 
2261	 0.197069361805916 
2262	 0.194323495030403 
2263	 0.191424280405045 
2264	 0.188604548573494 
2265	 0.185892090201378 
2266	 0.182904705405235 
2267	 0.179987072944641 
2268	 0.176615849137306 
2269	 0.172992140054703 
2270	 0.16905714571476 
2271	 0.164683640003204 
2272	 0.160213395953178 
2273	 0.15544219315052 
2274	 0.150547355413437 
2275	 0.145465329289436 
2276	 0.140291526913643 
2277	 0.134615018963814 
2278	 0.129494279623032 
2279	 0.124097138643265 
2280	 0.119573757052422 
2281	 0.115593090653419 
2282	 0.112186387181282 
2283	 0.109322018921375 
2284	 0.107262432575226 
2285	 0.10564736276865 
2286	 0.104645662009716 
2287	 0.104268960654736 
2288	 0.104468956589699 
2289	 0.105166502296925 
2290	 0.106316901743412 
2291	 0.107829466462135 
2292	 0.109665311872959 
2293	 0.11184599250555 
2294	 0.114130780100822 
2295	 0.116536103188992 
2296	 0.118977300822735 
2297	 0.121205247938633 
2298	 0.123389653861523 
2299	 0.125373706221581 
2300	 0.127166852355003 
2301	 0.128862902522087 
2302	 0.130410671234131 
2303	 0.131839394569397 
2304	 0.133123353123665 
2305	 0.134339094161987 
2306	 0.135387361049652 
2307	 0.136479496955872 
2308	 0.137459605932236 
2309	 0.138515248894691 
2310	 0.139544889330864 
2311	 0.140660032629967 
2312	 0.141833603382111 
2313	 0.143067240715027 
2314	 0.144395008683205 
2315	 0.145713001489639 
2316	 0.147117108106613 
2317	 0.148418128490448 
2318	 0.149813085794449 
2319	 0.150910317897797 
2320	 0.151979967951775 
2321	 0.152660474181175 
2322	 0.153071343898773 
2323	 0.153162091970444 
2324	 0.152968138456345 
2325	 0.152381092309952 
2326	 0.15146692097187 
2327	 0.150144532322884 
2328	 0.148307949304581 
2329	 0.146239295601845 
2330	 0.143865749239922 
2331	 0.141016870737076 
2332	 0.138005957007408 
2333	 0.13468125462532 
2334	 0.130795031785965 
2335	 0.126928403973579 
2336	 0.122789360582829 
2337	 0.118450380861759 
2338	 0.11447324603796 
2339	 0.110409140586853 
2340	 0.10654503852129 
2341	 0.103086091578007 
2342	 9.97392907738686E-02 
2343	 9.69452857971191E-02 
2344	 0.094593271613121 
2345	 9.26800221204758E-02 
2346	 9.12324041128159E-02 
2347	 9.01298150420189E-02 
2348	 8.92717465758324E-02 
2349	 0.088619090616703 
2350	 8.80526378750801E-02 
2351	 8.74248445034027E-02 
2352	 0.086875431239605 
2353	 8.62290039658546E-02 
2354	 8.58232080936432E-02 
2355	 8.56681540608406E-02 
2356	 8.58472213149071E-02 
2357	 8.68608951568604E-02 
2358	 8.87107104063034E-02 
2359	 9.14343744516373E-02 
2360	 9.50724482536316E-02 
2361	 9.95009616017342E-02 
2362	 0.104011707007885 
2363	 0.108972288668156 
2364	 0.113956034183502 
2365	 0.118696063756943 
2366	 0.123702183365822 
2367	 0.128198087215424 
2368	 0.132307007908821 
2369	 0.136105418205261 
2370	 0.139190331101418 
2371	 0.141903012990952 
2372	 0.144224211573601 
2373	 0.146036431193352 
2374	 0.147636830806732 
2375	 0.148868650197983 
2376	 0.149813666939735 
2377	 0.150501310825348 
2378	 0.150882765650749 
2379	 0.151010259985924 
2380	 0.15098711848259 
2381	 0.150961667299271 
2382	 0.150970742106438 
2383	 0.150882586836815 
2384	 0.151024475693703 
2385	 0.151314616203308 
2386	 0.151592910289764 
2387	 0.152006939053535 
2388	 0.15237745642662 
2389	 0.1527399122715 
2390	 0.153140664100647 
2391	 0.153602853417397 
2392	 0.153959289193153 
2393	 0.154331281781197 
2394	 0.154519602656364 
2395	 0.154548063874245 
2396	 0.154629975557327 
2397	 0.154628902673721 
2398	 0.154640689492226 
2399	 0.154616117477417 
2400	 0.154721856117249 
2401	 0.154825165867805 
2402	 0.155135482549667 
2403	 0.155436813831329 
2404	 0.155589297413826 
2405	 0.155796498060226 
2406	 0.15598475933075 
2407	 0.156244546175003 
2408	 0.156592637300491 
2409	 0.156860411167145 
2410	 0.157123103737831 
2411	 0.157342344522476 
2412	 0.157463669776917 
2413	 0.157595068216324 
2414	 0.157674133777618 
2415	 0.157635271549225 
2416	 0.157634779810905 
2417	 0.157548770308495 
2418	 0.157487377524376 
2419	 0.157536387443542 
2420	 0.157576277852058 
2421	 0.157696709036827 
2422	 0.157743692398071 
2423	 0.157750487327576 
2424	 0.157768279314041 
2425	 0.1577038615942 
2426	 0.157565474510193 
2427	 0.157382383942604 
2428	 0.157227784395218 
2429	 0.157105252146721 
2430	 0.157081067562103 
2431	 0.157074511051178 
2432	 0.156956493854523 
2433	 0.156831800937653 
2434	 0.156637579202652 
2435	 0.156391739845276 
2436	 0.156182214617729 
2437	 0.155963763594627 
2438	 0.155867144465446 
2439	 0.155865550041199 
2440	 0.155935704708099 
2441	 0.156041726469994 
2442	 0.156002059578896 
2443	 0.155907079577446 
2444	 0.155731126666069 
2445	 0.155515924096107 
2446	 0.155386671423912 
2447	 0.155224099755287 
2448	 0.155053570866585 
2449	 0.154816940426826 
2450	 0.154512897133827 
2451	 0.154236376285553 
2452	 0.153912678360939 
2453	 0.153583973646164 
2454	 0.153318732976913 
2455	 0.153011918067932 
2456	 0.152481630444527 
2457	 0.151865452528 
2458	 0.151311248540878 
2459	 0.150723859667778 
2460	 0.150290131568909 
2461	 0.150105252861977 
2462	 0.149815082550049 
2463	 0.149499610066414 
2464	 0.149375334382057 
2465	 0.149137288331985 
2466	 0.148828625679016 
2467	 0.148502930998802 
2468	 0.148220255970955 
2469	 0.148032233119011 
2470	 0.147900074720383 
2471	 0.147951066493988 
2472	 0.147874221205711 
2473	 0.147686436772346 
2474	 0.147381395101547 
2475	 0.147010266780853 
2476	 0.146899089217186 
2477	 0.146694093942642 
2478	 0.146518915891647 
2479	 0.146596297621727 
2480	 0.146468415856361 
2481	 0.146419182419777 
2482	 0.146652713418007 
2483	 0.146629303693771 
2484	 0.146418929100037 
2485	 0.146343365311623 
2486	 0.146288245916367 
2487	 0.146228536963463 
2488	 0.146434560418129 
2489	 0.146696671843529 
2490	 0.14699088037014 
2491	 0.147441327571869 
2492	 0.147830620408058 
2493	 0.148197293281555 
2494	 0.148473769426346 
2495	 0.1483995616436 
2496	 0.148284539580345 
2497	 0.14821720123291 
2498	 0.148144245147705 
2499	 0.148585245013237 
2500	 0.14904922246933 
