Wavelength	Echave.038
350	 0.180251285433769 
351	 0.170476347208023 
352	 0.165802881121635 
353	 0.16503144800663 
354	 0.159093305468559 
355	 0.151688009500504 
356	 0.147891134023666 
357	 0.149758368730545 
358	 0.151044934988022 
359	 0.146472781896591 
360	 0.138616025447845 
361	 0.133997291326523 
362	 0.134310126304626 
363	 0.132344201207161 
364	 0.127515330910683 
365	 0.128520101308823 
366	 0.129217594861984 
367	 0.126021578907967 
368	 0.119248241186142 
369	 0.118670307099819 
370	 0.120136827230453 
371	 0.12053606659174 
372	 0.118114724755287 
373	 0.116304516792297 
374	 0.116470128297806 
375	 0.117248542606831 
376	 0.113963901996613 
377	 0.114181935787201 
378	 0.115040950477123 
379	 0.11292852461338 
380	 0.110764734447002 
381	 0.109414100646973 
382	 0.109385706484318 
383	 0.110571026802063 
384	 0.110034540295601 
385	 0.10932594537735 
386	 0.108949087560177 
387	 0.10699862241745 
388	 0.10760822147131 
389	 0.108674556016922 
390	 0.107587099075317 
391	 0.105860970914364 
392	 0.10587902367115 
393	 0.106431737542152 
394	 0.104613602161407 
395	 0.105585992336273 
396	 0.106447145342827 
397	 0.10565147548914 
398	 0.105388857424259 
399	 0.105245068669319 
400	 0.104861684143543 
401	 0.104154706001282 
402	 0.104080848395824 
403	 0.105049625039101 
404	 0.10606674849987 
405	 0.105446323752403 
406	 0.105817891657352 
407	 0.106349125504494 
408	 0.106302656233311 
409	 0.105954922735691 
410	 0.106394745409489 
411	 0.107039801776409 
412	 0.107062697410583 
413	 0.10736420750618 
414	 0.107720673084259 
415	 0.107955448329449 
416	 0.108011923730373 
417	 0.108555510640144 
418	 0.109044387936592 
419	 0.109140887856483 
420	 0.109439745545387 
421	 0.109648056328297 
422	 0.11016745865345 
423	 0.111360274255276 
424	 0.111590020358562 
425	 0.11201473325491 
426	 0.11295822262764 
427	 0.113593533635139 
428	 0.114233933389187 
429	 0.114799030125141 
430	 0.115245223045349 
431	 0.115845553576946 
432	 0.116500198841095 
433	 0.117156878113747 
434	 0.117795266211033 
435	 0.118424765765667 
436	 0.119143389165401 
437	 0.119972124695778 
438	 0.120815105736256 
439	 0.121455289423466 
440	 0.122050076723099 
441	 0.122773915529251 
442	 0.123346552252769 
443	 0.124218560755253 
444	 0.125150352716446 
445	 0.125445455312729 
446	 0.126145005226135 
447	 0.12705160677433 
448	 0.127815648913383 
449	 0.128146886825562 
450	 0.128815248608589 
451	 0.129545316100121 
452	 0.129819393157959 
453	 0.130266979336739 
454	 0.13094525039196 
455	 0.131699413061142 
456	 0.132202848792076 
457	 0.132515713572502 
458	 0.132881939411163 
459	 0.133437320590019 
460	 0.133865907788277 
461	 0.13439054787159 
462	 0.134931281208992 
463	 0.135281085968018 
464	 0.135665997862816 
465	 0.136093780398369 
466	 0.136555299162865 
467	 0.137060195207596 
468	 0.137512937188148 
469	 0.137860357761383 
470	 0.138127744197845 
471	 0.13856840133667 
472	 0.139053076505661 
473	 0.139469802379608 
474	 0.139748513698578 
475	 0.140047863125801 
476	 0.140423640608788 
477	 0.140877529978752 
478	 0.141356006264687 
479	 0.141751423478127 
480	 0.142080366611481 
481	 0.142417132854462 
482	 0.142814218997955 
483	 0.143204972147942 
484	 0.143580943346024 
485	 0.144007295370102 
486	 0.144612833857536 
487	 0.14520238339901 
488	 0.145634412765503 
489	 0.146165207028389 
490	 0.146694540977478 
491	 0.147197335958481 
492	 0.147700875997543 
493	 0.148280024528503 
494	 0.148909479379654 
495	 0.149532109498978 
496	 0.150051042437553 
497	 0.150674805045128 
498	 0.151384279131889 
499	 0.152089446783066 
500	 0.152753710746765 
501	 0.153365060687065 
502	 0.154005080461502 
503	 0.154812544584274 
504	 0.155429482460022 
505	 0.156084820628166 
506	 0.156919747591019 
507	 0.157605111598969 
508	 0.158347025513649 
509	 0.159113600850105 
510	 0.159802198410034 
511	 0.160578861832619 
512	 0.161361947655678 
513	 0.162109270691872 
514	 0.162857726216316 
515	 0.163663640618324 
516	 0.164481371641159 
517	 0.165261164307594 
518	 0.166036173701286 
519	 0.166811987757683 
520	 0.167623981833458 
521	 0.16851706802845 
522	 0.169425442814827 
523	 0.170308798551559 
524	 0.171158120036125 
525	 0.172005698084831 
526	 0.17292845249176 
527	 0.173871546983719 
528	 0.174760103225708 
529	 0.175701141357422 
530	 0.176671177148819 
531	 0.177645564079285 
532	 0.178607031702995 
533	 0.179658874869347 
534	 0.180725157260895 
535	 0.181732892990112 
536	 0.182726189494133 
537	 0.183785989880562 
538	 0.184876099228859 
539	 0.185909137129784 
540	 0.18697589635849 
541	 0.188047826290131 
542	 0.189102053642273 
543	 0.190144807100296 
544	 0.191180646419525 
545	 0.192215919494629 
546	 0.193254142999649 
547	 0.194285854697227 
548	 0.195333182811737 
549	 0.19639053940773 
550	 0.197428420186043 
551	 0.198507949709892 
552	 0.199661314487457 
553	 0.200881436467171 
554	 0.20208665728569 
555	 0.20326279103756 
556	 0.204466193914413 
557	 0.205773770809174 
558	 0.207112997770309 
559	 0.208493426442146 
560	 0.209906131029129 
561	 0.211310178041458 
562	 0.212719187140465 
563	 0.214112937450409 
564	 0.215486615896225 
565	 0.216929391026497 
566	 0.218341499567032 
567	 0.219721794128418 
568	 0.221144691109657 
569	 0.222612828016281 
570	 0.224076509475708 
571	 0.225533246994019 
572	 0.227096676826477 
573	 0.228734061121941 
574	 0.230368763208389 
575	 0.231933996081352 
576	 0.233534976840019 
577	 0.235124230384827 
578	 0.236719578504562 
579	 0.23841966688633 
580	 0.240201249718666 
581	 0.242073982954025 
582	 0.244045421481133 
583	 0.2461047321558 
584	 0.24813774228096 
585	 0.250127762556076 
586	 0.252117812633514 
587	 0.254088968038559 
588	 0.255997121334076 
589	 0.257837504148483 
590	 0.259667694568634 
591	 0.26145413517952 
592	 0.263182371854782 
593	 0.264855235815048 
594	 0.266504555940628 
595	 0.268164157867432 
596	 0.269800275564194 
597	 0.271325767040253 
598	 0.272824764251709 
599	 0.274296939373016 
600	 0.27573224902153 
601	 0.277124345302582 
602	 0.278498977422714 
603	 0.279819905757904 
604	 0.281040489673615 
605	 0.282253682613373 
606	 0.283410131931305 
607	 0.284494072198868 
608	 0.285543113946915 
609	 0.286525011062622 
610	 0.287446409463882 
611	 0.28832933306694 
612	 0.289210706949234 
613	 0.290010303258896 
614	 0.290738552808762 
615	 0.291466861963272 
616	 0.292217344045639 
617	 0.292973518371582 
618	 0.293707489967346 
619	 0.294383943080902 
620	 0.295034378767014 
621	 0.295675843954086 
622	 0.296317517757416 
623	 0.29695263504982 
624	 0.297563314437866 
625	 0.298175066709518 
626	 0.298843711614609 
627	 0.299403548240662 
628	 0.299924284219742 
629	 0.30048879981041 
630	 0.301105231046677 
631	 0.301655828952789 
632	 0.302158325910568 
633	 0.302690893411636 
634	 0.303270667791367 
635	 0.303830832242966 
636	 0.304345816373825 
637	 0.304849028587341 
638	 0.305367052555084 
639	 0.305877804756165 
640	 0.306366950273514 
641	 0.306888163089752 
642	 0.30742672085762 
643	 0.307969033718109 
644	 0.308503359556198 
645	 0.309026539325714 
646	 0.309539139270782 
647	 0.310042887926102 
648	 0.310536205768585 
649	 0.311080485582352 
650	 0.311634480953217 
651	 0.312147319316864 
652	 0.31267461180687 
653	 0.31319785118103 
654	 0.3137147128582 
655	 0.31423807144165 
656	 0.314797699451447 
657	 0.315286844968796 
658	 0.315697818994522 
659	 0.316280901432037 
660	 0.316855221986771 
661	 0.317374646663666 
662	 0.31785860657692 
663	 0.318397104740143 
664	 0.318954050540924 
665	 0.31950569152832 
666	 0.320050239562988 
667	 0.320603579282761 
668	 0.321130156517029 
669	 0.321627259254456 
670	 0.322204887866974 
671	 0.322767674922943 
672	 0.323334127664566 
673	 0.323951482772827 
674	 0.32447761297226 
675	 0.325033038854599 
676	 0.325649410486221 
677	 0.326226651668549 
678	 0.326773434877396 
679	 0.327320754528046 
680	 0.327897727489471 
681	 0.328505635261536 
682	 0.329148828983307 
683	 0.32977682352066 
684	 0.330325603485107 
685	 0.330869853496552 
686	 0.33146744966507 
687	 0.33211475610733 
688	 0.332729250192642 
689	 0.333260864019394 
690	 0.333800226449966 
691	 0.334437847137451 
692	 0.335130393505096 
693	 0.335764437913895 
694	 0.336331218481064 
695	 0.336896628141403 
696	 0.337520450353622 
697	 0.33810019493103 
698	 0.338619440793991 
699	 0.339226603507996 
700	 0.33986958861351 
701	 0.340460360050201 
702	 0.340958595275879 
703	 0.3415307700634 
704	 0.342195719480515 
705	 0.342859625816345 
706	 0.343374907970428 
707	 0.343861818313599 
708	 0.344388246536255 
709	 0.344983786344528 
710	 0.345635026693344 
711	 0.346158266067505 
712	 0.34661853313446 
713	 0.347138792276382 
714	 0.347727835178375 
715	 0.348327964544296 
716	 0.348862439393997 
717	 0.34926962852478 
718	 0.349774181842804 
719	 0.350242406129837 
720	 0.350622981786728 
721	 0.351085305213928 
722	 0.351598352193832 
723	 0.352100044488907 
724	 0.352544218301773 
725	 0.353002220392227 
726	 0.353457629680634 
727	 0.353935599327087 
728	 0.354467839002609 
729	 0.35484379529953 
730	 0.355179965496063 
731	 0.355581104755402 
732	 0.356057643890381 
733	 0.356551319360733 
734	 0.356993317604065 
735	 0.357362806797028 
736	 0.357813507318497 
737	 0.358254969120026 
738	 0.358692556619644 
739	 0.359182685613632 
740	 0.359614700078964 
741	 0.360023200511932 
742	 0.360442280769348 
743	 0.360875964164734 
744	 0.361361652612686 
745	 0.361815720796585 
746	 0.362180441617966 
747	 0.362596303224564 
748	 0.363002330064774 
749	 0.363395839929581 
750	 0.36380410194397 
751	 0.36421012878418 
752	 0.364604204893112 
753	 0.364991575479507 
754	 0.3653943836689 
755	 0.365754395723343 
756	 0.366091966629028 
757	 0.366437166929245 
758	 0.366788357496262 
759	 0.367143988609314 
760	 0.367498248815537 
761	 0.367846071720123 
762	 0.368198484182358 
763	 0.368580400943756 
764	 0.36897474527359 
765	 0.369324624538422 
766	 0.369686186313629 
767	 0.37004154920578 
768	 0.370379686355591 
769	 0.370737582445145 
770	 0.371103942394257 
771	 0.371454119682312 
772	 0.371774911880493 
773	 0.372134238481522 
774	 0.372505486011505 
775	 0.372871845960617 
776	 0.373230338096619 
777	 0.373593777418137 
778	 0.373964607715607 
779	 0.374328523874283 
780	 0.374644756317139 
781	 0.374954998493195 
782	 0.375290483236313 
783	 0.375658065080643 
784	 0.375991255044937 
785	 0.376356571912766 
786	 0.376745074987412 
787	 0.377104818820953 
788	 0.377424269914627 
789	 0.377762585878372 
790	 0.378107875585556 
791	 0.378365337848663 
792	 0.378705412149429 
793	 0.379096686840057 
794	 0.37947803735733 
795	 0.379838198423386 
796	 0.380062729120255 
797	 0.380284816026688 
798	 0.380664110183716 
799	 0.381002008914948 
800	 0.381274610757828 
801	 0.381517112255096 
802	 0.381797909736633 
803	 0.38205674290657 
804	 0.382359057664871 
805	 0.382700979709625 
806	 0.38295641541481 
807	 0.383212864398956 
808	 0.38347864151001 
809	 0.383747965097427 
810	 0.384037494659424 
811	 0.384286314249039 
812	 0.384539842605591 
813	 0.384865701198578 
814	 0.385159850120544 
815	 0.385454505681992 
816	 0.38575091958046 
817	 0.386019587516785 
818	 0.386292517185211 
819	 0.386570423841476 
820	 0.386853456497192 
821	 0.387149751186371 
822	 0.387387782335281 
823	 0.387631058692932 
824	 0.387934327125549 
825	 0.388203650712967 
826	 0.388501226902008 
827	 0.388828784227371 
828	 0.389151096343994 
829	 0.389400750398636 
830	 0.389682173728943 
831	 0.389990836381912 
832	 0.39022821187973 
833	 0.390472501516342 
834	 0.390720635652542 
835	 0.390974134206772 
836	 0.391258805990219 
837	 0.391484677791595 
838	 0.391703128814697 
839	 0.391970455646515 
840	 0.392260313034058 
841	 0.392477005720139 
842	 0.392651200294495 
843	 0.392856061458588 
844	 0.393066972494125 
845	 0.393324375152588 
846	 0.393618136644363 
847	 0.393894344568253 
848	 0.394085109233856 
849	 0.394237160682678 
850	 0.394398242235184 
851	 0.394594699144363 
852	 0.394839823246002 
853	 0.395074218511581 
854	 0.395266085863113 
855	 0.395475119352341 
856	 0.395664155483246 
857	 0.395873129367828 
858	 0.396135121583939 
859	 0.396369874477386 
860	 0.39665612578392 
861	 0.396974682807922 
862	 0.397250443696976 
863	 0.397412419319153 
864	 0.397637963294983 
865	 0.397936642169952 
866	 0.398169010877609 
867	 0.39839181303978 
868	 0.398610442876816 
869	 0.39883479475975 
870	 0.399086385965347 
871	 0.399347960948944 
872	 0.399659395217896 
873	 0.400027364492416 
874	 0.40036940574646 
875	 0.400628834962845 
876	 0.400862544775009 
877	 0.401142299175262 
878	 0.401442766189575 
879	 0.401714593172073 
880	 0.401969790458679 
881	 0.402247339487076 
882	 0.402542293071747 
883	 0.402856945991516 
884	 0.40315854549408 
885	 0.403403729200363 
886	 0.403679519891739 
887	 0.40396323800087 
888	 0.404245913028717 
889	 0.404544174671173 
890	 0.404779225587845 
891	 0.405072182416916 
892	 0.405453443527222 
893	 0.405745357275009 
894	 0.405980497598648 
895	 0.406203061342239 
896	 0.40646305680275 
897	 0.40681990981102 
898	 0.407054334878922 
899	 0.407237529754639 
900	 0.407503843307495 
901	 0.407801538705826 
902	 0.408084094524384 
903	 0.408323436975479 
904	 0.408516466617584 
905	 0.408706039190292 
906	 0.408944964408875 
907	 0.40923735499382 
908	 0.40954977273941 
909	 0.409877479076386 
910	 0.410147041082382 
911	 0.410370588302612 
912	 0.410645395517349 
913	 0.410951524972916 
914	 0.411263078451157 
915	 0.411580383777618 
916	 0.411940187215805 
917	 0.412312120199203 
918	 0.412627905607224 
919	 0.412878960371017 
920	 0.413173586130142 
921	 0.413500785827637 
922	 0.413844645023346 
923	 0.414194226264954 
924	 0.414567470550537 
925	 0.414894253015518 
926	 0.415211737155914 
927	 0.415560513734818 
928	 0.415857791900635 
929	 0.416201889514923 
930	 0.416615217924118 
931	 0.417055934667587 
932	 0.417381703853607 
933	 0.417705059051514 
934	 0.418069273233414 
935	 0.418458938598633 
936	 0.418792575597763 
937	 0.419238477945328 
938	 0.419699281454086 
939	 0.419956833124161 
940	 0.420341610908508 
941	 0.420787185430527 
942	 0.421204179525375 
943	 0.421535491943359 
944	 0.421875894069672 
945	 0.422280520200729 
946	 0.422707200050354 
947	 0.423031359910965 
948	 0.423290342092514 
949	 0.423626631498337 
950	 0.424069941043854 
951	 0.424494326114655 
952	 0.424932718276978 
953	 0.425306081771851 
954	 0.425588220357895 
955	 0.425854712724686 
956	 0.426135748624802 
957	 0.426482498645782 
958	 0.42687126994133 
959	 0.427160173654556 
960	 0.427563935518265 
961	 0.427947402000427 
962	 0.428215742111206 
963	 0.428516179323196 
964	 0.428869873285294 
965	 0.429230600595474 
966	 0.429550886154175 
967	 0.42983341217041 
968	 0.430074214935303 
969	 0.4304239153862 
970	 0.4309002161026 
971	 0.431089818477631 
972	 0.431375563144684 
973	 0.431726664304733 
974	 0.432036161422729 
975	 0.43235644698143 
976	 0.432704240083694 
977	 0.433099418878555 
978	 0.433548152446747 
979	 0.434047907590866 
980	 0.43428760766983 
981	 0.434464663267136 
982	 0.434837639331818 
983	 0.43524032831192 
984	 0.435725599527359 
985	 0.436270207166672 
986	 0.436792373657227 
987	 0.437116801738739 
988	 0.437392979860306 
989	 0.437760412693024 
990	 0.43826100230217 
991	 0.438645482063293 
992	 0.439137816429138 
993	 0.439608007669449 
994	 0.439912140369415 
995	 0.440296858549118 
996	 0.440781235694885 
997	 0.441323041915894 
998	 0.4418685734272 
999	 0.442451655864716 
1000	 0.442867368459702 
1001	 0.43113648891449 
1002	 0.431496828794479 
1003	 0.431885182857513 
1004	 0.432241976261139 
1005	 0.432572394609451 
1006	 0.432935833930969 
1007	 0.43329730629921 
1008	 0.433664739131927 
1009	 0.434048891067505 
1010	 0.434419244527817 
1011	 0.434782803058624 
1012	 0.43515545129776 
1013	 0.435557186603546 
1014	 0.435915380716324 
1015	 0.436245709657669 
1016	 0.436566770076752 
1017	 0.436949610710144 
1018	 0.437299251556396 
1019	 0.437672078609467 
1020	 0.438053280115128 
1021	 0.438377261161804 
1022	 0.438632696866989 
1023	 0.438934653997421 
1024	 0.439229965209961 
1025	 0.43952864408493 
1026	 0.439808309078217 
1027	 0.44012588262558 
1028	 0.440470784902573 
1029	 0.440821170806885 
1030	 0.441132009029388 
1031	 0.441456735134125 
1032	 0.441705018281937 
1033	 0.44194221496582 
1034	 0.442244648933411 
1035	 0.442519187927246 
1036	 0.442808240652084 
1037	 0.443114519119263 
1038	 0.443427115678787 
1039	 0.443759649991989 
1040	 0.444051742553711 
1041	 0.444314807653427 
1042	 0.44461464881897 
1043	 0.444899439811707 
1044	 0.445195227861404 
1045	 0.445569068193436 
1046	 0.44593757390976 
1047	 0.446286916732788 
1048	 0.446675717830658 
1049	 0.447025567293167 
1050	 0.447395205497742 
1051	 0.447812259197235 
1052	 0.448198139667511 
1053	 0.448589652776718 
1054	 0.449017256498337 
1055	 0.44939973950386 
1056	 0.449715554714203 
1057	 0.450114339590073 
1058	 0.450535714626312 
1059	 0.450985252857208 
1060	 0.451445996761322 
1061	 0.451859593391418 
1062	 0.45227313041687 
1063	 0.452666610479355 
1064	 0.453035056591034 
1065	 0.453454107046127 
1066	 0.453856498003006 
1067	 0.454227447509766 
1068	 0.454658448696136 
1069	 0.455074965953827 
1070	 0.455493211746216 
1071	 0.455917447805405 
1072	 0.456352680921555 
1073	 0.456716477870941 
1074	 0.457118809223175 
1075	 0.457507014274597 
1076	 0.457858145236969 
1077	 0.458292424678802 
1078	 0.458694934844971 
1079	 0.459075421094894 
1080	 0.459503442049026 
1081	 0.459863126277924 
1082	 0.460211932659149 
1083	 0.460626125335693 
1084	 0.461030632257462 
1085	 0.46147745847702 
1086	 0.46188884973526 
1087	 0.462309837341309 
1088	 0.46266707777977 
1089	 0.463019579648972 
1090	 0.463362157344818 
1091	 0.463756114244461 
1092	 0.464141964912415 
1093	 0.464545041322708 
1094	 0.464975953102112 
1095	 0.46534988284111 
1096	 0.465760499238968 
1097	 0.466127306222916 
1098	 0.466429591178894 
1099	 0.466773152351379 
1100	 0.467073261737823 
1101	 0.467406094074249 
1102	 0.467788517475128 
1103	 0.468138754367828 
1104	 0.468466937541962 
1105	 0.468844801187515 
1106	 0.469197899103165 
1107	 0.46949166059494 
1108	 0.469820976257324 
1109	 0.470127940177917 
1110	 0.470419883728027 
1111	 0.470737934112549 
1112	 0.471048921346664 
1113	 0.471352785825729 
1114	 0.471648037433624 
1115	 0.471943795681 
1116	 0.472226619720459 
1117	 0.472478568553925 
1118	 0.472751677036285 
1119	 0.473036736249924 
1120	 0.473309010267258 
1121	 0.473576098680496 
1122	 0.473859399557114 
1123	 0.474143326282501 
1124	 0.474400639533997 
1125	 0.474678784608841 
1126	 0.474958211183548 
1127	 0.475203335285187 
1128	 0.475451648235321 
1129	 0.475702255964279 
1130	 0.475944608449936 
1131	 0.476187855005264 
1132	 0.476425588130951 
1133	 0.476659804582596 
1134	 0.476878315210342 
1135	 0.477085471153259 
1136	 0.477296411991119 
1137	 0.477488219738007 
1138	 0.477631896734238 
1139	 0.477811843156815 
1140	 0.478015929460526 
1141	 0.478182375431061 
1142	 0.478340208530426 
1143	 0.478545874357224 
1144	 0.478739708662033 
1145	 0.478902786970139 
1146	 0.479090392589569 
1147	 0.479260176420212 
1148	 0.479357987642288 
1149	 0.479474365711212 
1150	 0.479603677988052 
1151	 0.479693472385406 
1152	 0.47979748249054 
1153	 0.479926109313965 
1154	 0.48002952337265 
1155	 0.480120867490768 
1156	 0.480201125144959 
1157	 0.48029413819313 
1158	 0.480330556631088 
1159	 0.480327993631363 
1160	 0.480309158563614 
1161	 0.480274707078934 
1162	 0.480239003896713 
1163	 0.480229675769806 
1164	 0.480249047279358 
1165	 0.480259209871292 
1166	 0.480276584625244 
1167	 0.480312675237656 
1168	 0.480335295200348 
1169	 0.480391323566437 
1170	 0.480476379394531 
1171	 0.48056760430336 
1172	 0.480687379837036 
1173	 0.480788916349411 
1174	 0.480897605419159 
1175	 0.480991661548615 
1176	 0.481052428483963 
1177	 0.481146693229675 
1178	 0.481252700090408 
1179	 0.481371730566025 
1180	 0.481474041938782 
1181	 0.481599152088165 
1182	 0.481739968061447 
1183	 0.481881231069565 
1184	 0.482062250375748 
1185	 0.48224949836731 
1186	 0.482456177473068 
1187	 0.482674151659012 
1188	 0.482906192541122 
1189	 0.483156681060791 
1190	 0.483428925275803 
1191	 0.483725607395172 
1192	 0.484006643295288 
1193	 0.484303176403046 
1194	 0.484595775604248 
1195	 0.484857201576233 
1196	 0.485163480043411 
1197	 0.485488921403885 
1198	 0.485844194889069 
1199	 0.486223310232162 
1200	 0.486566543579102 
1201	 0.486896485090256 
1202	 0.48722368478775 
1203	 0.487562298774719 
1204	 0.487926840782166 
1205	 0.488289028406143 
1206	 0.488669455051422 
1207	 0.489059329032898 
1208	 0.489429086446762 
1209	 0.489852905273438 
1210	 0.490307241678238 
1211	 0.490785926580429 
1212	 0.491316646337509 
1213	 0.491838246583939 
1214	 0.492378056049347 
1215	 0.492923110723495 
1216	 0.493471890687943 
1217	 0.494016975164413 
1218	 0.494574904441834 
1219	 0.495134621858597 
1220	 0.495662987232208 
1221	 0.496228605508804 
1222	 0.496757596731186 
1223	 0.497279912233353 
1224	 0.497797906398773 
1225	 0.498295933008194 
1226	 0.498807907104492 
1227	 0.499324530363083 
1228	 0.499837458133698 
1229	 0.500369369983673 
1230	 0.50086510181427 
1231	 0.501340985298157 
1232	 0.5018190741539 
1233	 0.502272963523865 
1234	 0.502732932567596 
1235	 0.503194153308868 
1236	 0.503653347492218 
1237	 0.504104733467102 
1238	 0.50456577539444 
1239	 0.505030512809753 
1240	 0.505508124828339 
1241	 0.505980670452118 
1242	 0.506399393081665 
1243	 0.5068319439888 
1244	 0.507245063781738 
1245	 0.507662832736969 
1246	 0.508101165294647 
1247	 0.508486330509186 
1248	 0.508843004703522 
1249	 0.509196519851685 
1250	 0.509520590305328 
1251	 0.50983738899231 
1252	 0.510158896446228 
1253	 0.510450303554535 
1254	 0.510707914829254 
1255	 0.510969460010529 
1256	 0.511226177215576 
1257	 0.511464178562164 
1258	 0.511670112609863 
1259	 0.511897802352905 
1260	 0.512114763259888 
1261	 0.512346267700195 
1262	 0.512583136558533 
1263	 0.512858092784882 
1264	 0.513125479221344 
1265	 0.51339727640152 
1266	 0.513669371604919 
1267	 0.513949990272522 
1268	 0.514236152172089 
1269	 0.51450914144516 
1270	 0.514821767807007 
1271	 0.515161454677582 
1272	 0.515503227710724 
1273	 0.515870213508606 
1274	 0.516230165958405 
1275	 0.516585111618042 
1276	 0.516955852508545 
1277	 0.517334163188934 
1278	 0.517719686031342 
1279	 0.518124878406525 
1280	 0.518521428108215 
1281	 0.518921971321106 
1282	 0.519316256046295 
1283	 0.519705593585968 
1284	 0.520089685916901 
1285	 0.520468711853027 
1286	 0.520834982395172 
1287	 0.521223306655884 
1288	 0.521618723869324 
1289	 0.522005081176758 
1290	 0.522404909133911 
1291	 0.522783994674683 
1292	 0.523139655590057 
1293	 0.523510634899139 
1294	 0.523893773555756 
1295	 0.524250328540802 
1296	 0.524590909481049 
1297	 0.524941623210907 
1298	 0.525290250778198 
1299	 0.525620520114899 
1300	 0.525949716567993 
1301	 0.526273369789124 
1302	 0.526571810245514 
1303	 0.526876151561737 
1304	 0.527202844619751 
1305	 0.527499318122864 
1306	 0.527751326560974 
1307	 0.528035342693329 
1308	 0.528314054012299 
1309	 0.52861613035202 
1310	 0.528896152973175 
1311	 0.529202878475189 
1312	 0.529458105564117 
1313	 0.529676675796509 
1314	 0.529901683330536 
1315	 0.530116558074951 
1316	 0.530319094657898 
1317	 0.53051096200943 
1318	 0.530695796012878 
1319	 0.530868053436279 
1320	 0.531035959720612 
1321	 0.531195759773254 
1322	 0.531352877616882 
1323	 0.531509697437286 
1324	 0.531649112701416 
1325	 0.531778872013092 
1326	 0.531904280185699 
1327	 0.532029628753662 
1328	 0.532126367092133 
1329	 0.532225131988525 
1330	 0.532285511493683 
1331	 0.53230494260788 
1332	 0.532313466072083 
1333	 0.532303988933563 
1334	 0.532266736030579 
1335	 0.5322305560112 
1336	 0.532170832157135 
1337	 0.532144069671631 
1338	 0.53213095664978 
1339	 0.532092094421387 
1340	 0.532055795192719 
1341	 0.532018661499023 
1342	 0.531971991062164 
1343	 0.531905293464661 
1344	 0.531847774982452 
1345	 0.531762897968292 
1346	 0.531674921512604 
1347	 0.531514883041382 
1348	 0.531337320804596 
1349	 0.531103134155273 
1350	 0.530766904354095 
1351	 0.530461847782135 
1352	 0.530149161815643 
1353	 0.529818177223206 
1354	 0.529455482959747 
1355	 0.529119491577148 
1356	 0.528766512870789 
1357	 0.528439521789551 
1358	 0.528127789497375 
1359	 0.527843534946442 
1360	 0.527556836605072 
1361	 0.527316749095917 
1362	 0.527139484882355 
1363	 0.527004361152649 
1364	 0.526898145675659 
1365	 0.526849567890167 
1366	 0.526800036430359 
1367	 0.526772677898407 
1368	 0.526754915714264 
1369	 0.526767134666443 
1370	 0.52676248550415 
1371	 0.526775300502777 
1372	 0.526752173900604 
1373	 0.526754140853882 
1374	 0.526655197143555 
1375	 0.526538252830505 
1376	 0.526307106018066 
1377	 0.525973320007324 
1378	 0.525604724884033 
1379	 0.525103211402893 
1380	 0.524674355983734 
1381	 0.524186372756958 
1382	 0.523791313171387 
1383	 0.523444294929504 
1384	 0.523140668869019 
1385	 0.522919535636902 
1386	 0.52268785238266 
1387	 0.522518813610077 
1388	 0.522303998470306 
1389	 0.522094666957855 
1390	 0.521843016147614 
1391	 0.521551012992859 
1392	 0.521233737468719 
1393	 0.520922958850861 
1394	 0.520587503910065 
1395	 0.52027153968811 
1396	 0.519972681999207 
1397	 0.519649267196655 
1398	 0.519339323043823 
1399	 0.518958926200867 
1400	 0.518572568893433 
1401	 0.518089950084686 
1402	 0.517563104629517 
1403	 0.516928374767303 
1404	 0.516202867031097 
1405	 0.515435814857483 
1406	 0.514574766159058 
1407	 0.513693988323212 
1408	 0.51275771856308 
1409	 0.511807501316071 
1410	 0.510832130908966 
1411	 0.509801745414734 
1412	 0.508747339248657 
1413	 0.50764924287796 
1414	 0.506476521492004 
1415	 0.50530332326889 
1416	 0.504083752632141 
1417	 0.502880334854126 
1418	 0.501666665077209 
1419	 0.500449001789093 
1420	 0.499205499887466 
1421	 0.498018503189087 
1422	 0.49680569767952 
1423	 0.495677560567856 
1424	 0.494644701480865 
1425	 0.493596106767654 
1426	 0.492645770311356 
1427	 0.491726517677307 
1428	 0.490813761949539 
1429	 0.489983975887299 
1430	 0.489132404327393 
1431	 0.488325536251068 
1432	 0.487435132265091 
1433	 0.486542820930481 
1434	 0.485576599836349 
1435	 0.484563916921616 
1436	 0.483467996120453 
1437	 0.482318937778473 
1438	 0.481120020151138 
1439	 0.479796558618546 
1440	 0.478542685508728 
1441	 0.477185547351837 
1442	 0.476047217845917 
1443	 0.474857360124588 
1444	 0.474054157733917 
1445	 0.473387688398361 
1446	 0.473130106925964 
1447	 0.473159909248352 
1448	 0.473543465137482 
1449	 0.474342256784439 
1450	 0.475330501794815 
1451	 0.476728737354279 
1452	 0.47816127538681 
1453	 0.479905366897583 
1454	 0.481530696153641 
1455	 0.48329085111618 
1456	 0.484908580780029 
1457	 0.486501127481461 
1458	 0.48797020316124 
1459	 0.489360958337784 
1460	 0.490632563829422 
1461	 0.491767466068268 
1462	 0.492827355861664 
1463	 0.493769943714142 
1464	 0.494657158851624 
1465	 0.495445638895035 
1466	 0.496213614940643 
1467	 0.496885538101196 
1468	 0.497511953115463 
1469	 0.498124152421951 
1470	 0.498659908771515 
1471	 0.499178498983383 
1472	 0.499665081501007 
1473	 0.500127613544464 
1474	 0.50053995847702 
1475	 0.500963747501373 
1476	 0.501376807689667 
1477	 0.501777291297913 
1478	 0.502179324626923 
1479	 0.502524554729462 
1480	 0.502855241298676 
1481	 0.503126621246338 
1482	 0.503349304199219 
1483	 0.503529131412506 
1484	 0.503658950328827 
1485	 0.503765523433685 
1486	 0.503785729408264 
1487	 0.503880143165588 
1488	 0.503934621810913 
1489	 0.504102826118469 
1490	 0.504309773445129 
1491	 0.50462406873703 
1492	 0.50500214099884 
1493	 0.505504548549652 
1494	 0.506126999855042 
1495	 0.506810069084167 
1496	 0.507599115371704 
1497	 0.508447349071503 
1498	 0.509399056434631 
1499	 0.510355591773987 
1500	 0.511396706104279 
1501	 0.512422144412994 
1502	 0.513498246669769 
1503	 0.514497816562653 
1504	 0.515500366687775 
1505	 0.516440987586975 
1506	 0.517316520214081 
1507	 0.518155634403229 
1508	 0.518961906433105 
1509	 0.519719123840332 
1510	 0.520432770252228 
1511	 0.521082878112793 
1512	 0.521667242050171 
1513	 0.522224366664886 
1514	 0.52272230386734 
1515	 0.523192226886749 
1516	 0.52364194393158 
1517	 0.524046123027802 
1518	 0.524391353130341 
1519	 0.524720430374146 
1520	 0.525027632713318 
1521	 0.525291681289673 
1522	 0.52552455663681 
1523	 0.52573561668396 
1524	 0.525909900665283 
1525	 0.526032686233521 
1526	 0.526174604892731 
1527	 0.526295065879822 
1528	 0.526429533958435 
1529	 0.526562571525574 
1530	 0.526705622673035 
1531	 0.526858508586884 
1532	 0.526995062828064 
1533	 0.527121782302856 
1534	 0.527278065681458 
1535	 0.527414321899414 
1536	 0.527621805667877 
1537	 0.527862250804901 
1538	 0.528160393238068 
1539	 0.528489887714386 
1540	 0.52890419960022 
1541	 0.529391467571259 
1542	 0.529914617538452 
1543	 0.530516624450684 
1544	 0.531117618083954 
1545	 0.531745612621307 
1546	 0.53240841627121 
1547	 0.53310352563858 
1548	 0.533820986747742 
1549	 0.534577667713165 
1550	 0.535343527793884 
1551	 0.5361407995224 
1552	 0.536923229694366 
1553	 0.537727773189545 
1554	 0.538505613803864 
1555	 0.539272904396057 
1556	 0.540026724338531 
1557	 0.540781259536743 
1558	 0.541496455669403 
1559	 0.542185664176941 
1560	 0.542859077453613 
1561	 0.543501436710358 
1562	 0.544135212898254 
1563	 0.544755876064301 
1564	 0.545361816883087 
1565	 0.545946836471558 
1566	 0.546525657176971 
1567	 0.547093033790588 
1568	 0.547651588916779 
1569	 0.548192322254181 
1570	 0.548738837242126 
1571	 0.549284160137177 
1572	 0.549819350242615 
1573	 0.550354897975922 
1574	 0.550878405570984 
1575	 0.551400005817413 
1576	 0.551894426345825 
1577	 0.552359759807587 
1578	 0.552838981151581 
1579	 0.55329817533493 
1580	 0.553768634796143 
1581	 0.55424827337265 
1582	 0.55473667383194 
1583	 0.55523806810379 
1584	 0.555723071098328 
1585	 0.556222915649414 
1586	 0.556697368621826 
1587	 0.557134091854095 
1588	 0.557588517665863 
1589	 0.55802857875824 
1590	 0.558495581150055 
1591	 0.558983564376831 
1592	 0.559470593929291 
1593	 0.559985935688019 
1594	 0.560476720333099 
1595	 0.560958385467529 
1596	 0.561431467533112 
1597	 0.561891198158264 
1598	 0.562346756458282 
1599	 0.562792718410492 
1600	 0.563240110874176 
1601	 0.56367164850235 
1602	 0.564122021198273 
1603	 0.564586937427521 
1604	 0.565042614936829 
1605	 0.565521121025085 
1606	 0.565966486930847 
1607	 0.566392481327057 
1608	 0.566807985305786 
1609	 0.567191898822784 
1610	 0.567588865756989 
1611	 0.567980766296387 
1612	 0.568372905254364 
1613	 0.56877464056015 
1614	 0.569164514541626 
1615	 0.569571077823639 
1616	 0.569933772087097 
1617	 0.57027006149292 
1618	 0.570592105388641 
1619	 0.570855677127838 
1620	 0.571149468421936 
1621	 0.571459174156189 
1622	 0.571753144264221 
1623	 0.572068333625793 
1624	 0.57234525680542 
1625	 0.572583079338074 
1626	 0.572829186916351 
1627	 0.573055505752563 
1628	 0.573282420635223 
1629	 0.573496222496033 
1630	 0.573736369609833 
1631	 0.573995590209961 
1632	 0.57424259185791 
1633	 0.574500620365143 
1634	 0.57476019859314 
1635	 0.574988961219788 
1636	 0.57525110244751 
1637	 0.575549185276031 
1638	 0.575837433338165 
1639	 0.57613867521286 
1640	 0.576439619064331 
1641	 0.576741337776184 
1642	 0.577038049697876 
1643	 0.577354371547699 
1644	 0.577629923820496 
1645	 0.577885091304779 
1646	 0.578125715255737 
1647	 0.578356862068176 
1648	 0.578542530536652 
1649	 0.578717172145844 
1650	 0.578831970691681 
1651	 0.578873574733734 
1652	 0.578907310962677 
1653	 0.57888787984848 
1654	 0.57888388633728 
1655	 0.578895032405853 
1656	 0.57885605096817 
1657	 0.578804075717926 
1658	 0.578710615634918 
1659	 0.57857882976532 
1660	 0.578403651714325 
1661	 0.578198969364166 
1662	 0.577945828437805 
1663	 0.577641665935516 
1664	 0.577289044857025 
1665	 0.576905190944672 
1666	 0.576451182365417 
1667	 0.575946807861328 
1668	 0.575369000434875 
1669	 0.574736177921295 
1670	 0.574012458324432 
1671	 0.573183596134186 
1672	 0.572319746017456 
1673	 0.571389079093933 
1674	 0.570396423339844 
1675	 0.569353997707367 
1676	 0.568274915218353 
1677	 0.567118585109711 
1678	 0.56594330072403 
1679	 0.56472259759903 
1680	 0.563474953174591 
1681	 0.562178552150726 
1682	 0.560878276824951 
1683	 0.559566617012024 
1684	 0.558252692222595 
1685	 0.556921184062958 
1686	 0.555587649345398 
1687	 0.554212212562561 
1688	 0.552883803844452 
1689	 0.55156546831131 
1690	 0.550266265869141 
1691	 0.548994123935699 
1692	 0.547786176204681 
1693	 0.54658704996109 
1694	 0.545467853546143 
1695	 0.544411063194275 
1696	 0.543406069278717 
1697	 0.542475521564484 
1698	 0.54155033826828 
1699	 0.540700733661652 
1700	 0.539831399917603 
1701	 0.538972020149231 
1702	 0.53809654712677 
1703	 0.537207782268524 
1704	 0.53633725643158 
1705	 0.535452485084534 
1706	 0.534569799900055 
1707	 0.533790230751038 
1708	 0.532990694046021 
1709	 0.532221257686615 
1710	 0.531502544879913 
1711	 0.530727684497833 
1712	 0.529987573623657 
1713	 0.529218256473541 
1714	 0.528407990932465 
1715	 0.527631402015686 
1716	 0.526785612106323 
1717	 0.52596253156662 
1718	 0.525143980979919 
1719	 0.524281322956085 
1720	 0.523488819599152 
1721	 0.522641837596893 
1722	 0.521769642829895 
1723	 0.52100282907486 
1724	 0.520244896411896 
1725	 0.519562959671021 
1726	 0.51897668838501 
1727	 0.518405318260193 
1728	 0.517911732196808 
1729	 0.517478823661804 
1730	 0.517112791538239 
1731	 0.516856968402863 
1732	 0.516684472560883 
1733	 0.516564667224884 
1734	 0.51652067899704 
1735	 0.516536891460419 
1736	 0.516540944576263 
1737	 0.516545534133911 
1738	 0.516564607620239 
1739	 0.516554474830627 
1740	 0.516524195671082 
1741	 0.516492903232574 
1742	 0.516440868377686 
1743	 0.516400218009949 
1744	 0.51635479927063 
1745	 0.516337990760803 
1746	 0.51630425453186 
1747	 0.516347110271454 
1748	 0.516406297683716 
1749	 0.516556620597839 
1750	 0.516773581504822 
1751	 0.517098486423492 
1752	 0.517523884773254 
1753	 0.518002510070801 
1754	 0.518581986427307 
1755	 0.51917040348053 
1756	 0.519814610481262 
1757	 0.520472049713135 
1758	 0.521183967590332 
1759	 0.521885871887207 
1760	 0.522617816925049 
1761	 0.523418962955475 
1762	 0.524211585521698 
1763	 0.525113761425018 
1764	 0.526057541370392 
1765	 0.527010440826416 
1766	 0.528068244457245 
1767	 0.529085695743561 
1768	 0.530131578445435 
1769	 0.53123265504837 
1770	 0.532262206077576 
1771	 0.53331583738327 
1772	 0.534318447113037 
1773	 0.535247981548309 
1774	 0.536234319210052 
1775	 0.537185192108154 
1776	 0.538132786750793 
1777	 0.539060235023499 
1778	 0.53987580537796 
1779	 0.540686786174774 
1780	 0.541479647159576 
1781	 0.542268574237823 
1782	 0.54309070110321 
1783	 0.54386031627655 
1784	 0.544655084609985 
1785	 0.545403122901917 
1786	 0.546140909194946 
1787	 0.54688161611557 
1788	 0.54759418964386 
1789	 0.54829329252243 
1790	 0.548996388912201 
1791	 0.549684286117554 
1792	 0.55037796497345 
1793	 0.551082015037537 
1794	 0.551749348640442 
1795	 0.552354156970978 
1796	 0.552957832813263 
1797	 0.553591132164001 
1798	 0.554149687290192 
1799	 0.554703056812286 
1800	 0.555227279663086 
1801	 0.543388485908508 
1802	 0.544908046722412 
1803	 0.546303808689117 
1804	 0.547522068023682 
1805	 0.548691153526306 
1806	 0.549700140953064 
1807	 0.550561487674713 
1808	 0.551386117935181 
1809	 0.552067518234253 
1810	 0.552731931209564 
1811	 0.553357779979706 
1812	 0.553917706012726 
1813	 0.55436635017395 
1814	 0.554845094680786 
1815	 0.555303871631622 
1816	 0.555737376213074 
1817	 0.556166648864746 
1818	 0.556587934494019 
1819	 0.557013034820557 
1820	 0.557392537593842 
1821	 0.557824373245239 
1822	 0.558302402496338 
1823	 0.558775961399078 
1824	 0.559195399284363 
1825	 0.559645771980286 
1826	 0.560055255889893 
1827	 0.560422360897064 
1828	 0.560778856277466 
1829	 0.561139106750488 
1830	 0.561460554599762 
1831	 0.561752438545227 
1832	 0.562026619911194 
1833	 0.562239468097687 
1834	 0.562472224235535 
1835	 0.562655389308929 
1836	 0.562826454639435 
1837	 0.563064992427826 
1838	 0.563325345516205 
1839	 0.563610434532166 
1840	 0.563926637172699 
1841	 0.564289391040802 
1842	 0.564704596996307 
1843	 0.565112233161926 
1844	 0.5655437707901 
1845	 0.565955579280853 
1846	 0.566301643848419 
1847	 0.566613852977753 
1848	 0.566883683204651 
1849	 0.567132353782654 
1850	 0.567307472229004 
1851	 0.567445158958435 
1852	 0.567512154579163 
1853	 0.567465126514435 
1854	 0.567359924316406 
1855	 0.567167997360229 
1856	 0.566923916339874 
1857	 0.566624820232391 
1858	 0.566223621368408 
1859	 0.56576943397522 
1860	 0.565279543399811 
1861	 0.564622581005096 
1862	 0.563871502876282 
1863	 0.563057005405426 
1864	 0.562020659446716 
1865	 0.560897827148438 
1866	 0.559602558612823 
1867	 0.558088719844818 
1868	 0.556464672088623 
1869	 0.554747521877289 
1870	 0.553070664405823 
1871	 0.551299870014191 
1872	 0.54968935251236 
1873	 0.548158705234528 
1874	 0.54664021730423 
1875	 0.545210123062134 
1876	 0.543666958808899 
1877	 0.542147517204285 
1878	 0.540505290031433 
1879	 0.538666903972626 
1880	 0.536852121353149 
1881	 0.534793853759766 
1882	 0.532528638839722 
1883	 0.530153870582581 
1884	 0.52759325504303 
1885	 0.524694561958313 
1886	 0.521771490573883 
1887	 0.518633902072906 
1888	 0.515323638916016 
1889	 0.512136101722717 
1890	 0.50873601436615 
1891	 0.505294740200043 
1892	 0.501840353012085 
1893	 0.498116374015808 
1894	 0.494146108627319 
1895	 0.490227460861206 
1896	 0.486049354076386 
1897	 0.481631815433502 
1898	 0.477500081062317 
1899	 0.473065882921219 
1900	 0.468581020832062 
1901	 0.464134633541107 
1902	 0.459251642227173 
1903	 0.454516530036926 
1904	 0.449708819389343 
1905	 0.444788247346878 
1906	 0.439807385206223 
1907	 0.435159415006638 
1908	 0.430237114429474 
1909	 0.425343871116638 
1910	 0.420453369617462 
1911	 0.415169477462769 
1912	 0.410013973712921 
1913	 0.404841035604477 
1914	 0.39959043264389 
1915	 0.394826740026474 
1916	 0.390405386686325 
1917	 0.386067450046539 
1918	 0.382087558507919 
1919	 0.378653138875961 
1920	 0.375234693288803 
1921	 0.37236875295639 
1922	 0.369760781526566 
1923	 0.367393285036087 
1924	 0.365435034036636 
1925	 0.363499492406845 
1926	 0.361501425504684 
1927	 0.3597172498703 
1928	 0.357611089944839 
1929	 0.355360954999924 
1930	 0.353006958961487 
1931	 0.350518554449081 
1932	 0.347856968641281 
1933	 0.345372021198273 
1934	 0.342823952436447 
1935	 0.340401530265808 
1936	 0.338228702545166 
1937	 0.336219698190689 
1938	 0.334255993366241 
1939	 0.332757592201233 
1940	 0.331503480672836 
1941	 0.330577403306961 
1942	 0.330080300569534 
1943	 0.329885542392731 
1944	 0.32997715473175 
1945	 0.330435931682587 
1946	 0.331285148859024 
1947	 0.332419514656067 
1948	 0.333996415138245 
1949	 0.33600839972496 
1950	 0.338266044855118 
1951	 0.340896248817444 
1952	 0.343817591667175 
1953	 0.34701406955719 
1954	 0.350543856620789 
1955	 0.354547500610352 
1956	 0.358555346727371 
1957	 0.362714380025864 
1958	 0.366917103528976 
1959	 0.370656788349152 
1960	 0.374248057603836 
1961	 0.37750717997551 
1962	 0.380433470010757 
1963	 0.3830885887146 
1964	 0.385500878095627 
1965	 0.387561112642288 
1966	 0.389295011758804 
1967	 0.390778362751007 
1968	 0.391924917697906 
1969	 0.39303269982338 
1970	 0.394061952829361 
1971	 0.395069122314453 
1972	 0.396183520555496 
1973	 0.397304505109787 
1974	 0.398516714572906 
1975	 0.399826556444168 
1976	 0.401167839765549 
1977	 0.402552783489227 
1978	 0.404019564390183 
1979	 0.405538976192474 
1980	 0.407090961933136 
1981	 0.408842355012894 
1982	 0.410572946071625 
1983	 0.412434697151184 
1984	 0.414390653371811 
1985	 0.416259825229645 
1986	 0.418286889791489 
1987	 0.420465260744095 
1988	 0.422611504793167 
1989	 0.425156652927399 
1990	 0.427971303462982 
1991	 0.430951803922653 
1992	 0.434190928936005 
1993	 0.437701612710953 
1994	 0.441126763820648 
1995	 0.44483944773674 
1996	 0.448589593172073 
1997	 0.452372640371323 
1998	 0.456296533346176 
1999	 0.460452079772949 
2000	 0.464356571435928 
2001	 0.468463331460953 
2002	 0.472137928009033 
2003	 0.475565612316132 
2004	 0.478885471820831 
2005	 0.481917947530746 
2006	 0.484883338212967 
2007	 0.487812787294388 
2008	 0.490482270717621 
2009	 0.492968380451202 
2010	 0.495370626449585 
2011	 0.497452735900879 
2012	 0.499427706003189 
2013	 0.501296103000641 
2014	 0.502975821495056 
2015	 0.504629075527191 
2016	 0.506216943264008 
2017	 0.507671892642975 
2018	 0.509063124656677 
2019	 0.510312020778656 
2020	 0.511386632919312 
2021	 0.512407124042511 
2022	 0.513354897499084 
2023	 0.514182984828949 
2024	 0.515007078647614 
2025	 0.515755295753479 
2026	 0.516417860984802 
2027	 0.517016112804413 
2028	 0.517520189285278 
2029	 0.517899990081787 
2030	 0.518271505832672 
2031	 0.518561959266663 
2032	 0.518838167190552 
2033	 0.519068360328674 
2034	 0.519286751747131 
2035	 0.519476711750031 
2036	 0.519636332988739 
2037	 0.519778251647949 
2038	 0.519919037818909 
2039	 0.520053803920746 
2040	 0.520170569419861 
2041	 0.520293295383453 
2042	 0.520404040813446 
2043	 0.520540535449982 
2044	 0.520688056945801 
2045	 0.520825088024139 
2046	 0.520983695983887 
2047	 0.521127045154572 
2048	 0.521256446838379 
2049	 0.521380603313446 
2050	 0.52151346206665 
2051	 0.521623969078064 
2052	 0.521701037883759 
2053	 0.521778762340546 
2054	 0.521851301193237 
2055	 0.521911144256592 
2056	 0.521962344646454 
2057	 0.521993517875671 
2058	 0.522047877311707 
2059	 0.522098124027252 
2060	 0.522165358066559 
2061	 0.522254705429077 
2062	 0.522347927093506 
2063	 0.522429168224335 
2064	 0.522538900375366 
2065	 0.52266138792038 
2066	 0.522813737392426 
2067	 0.52300089597702 
2068	 0.523181438446045 
2069	 0.523360848426819 
2070	 0.523551881313324 
2071	 0.523737967014313 
2072	 0.523917496204376 
2073	 0.524107933044434 
2074	 0.524312078952789 
2075	 0.524507284164429 
2076	 0.524704694747925 
2077	 0.524885356426239 
2078	 0.52510541677475 
2079	 0.525237619876862 
2080	 0.525339782238007 
2081	 0.525391638278961 
2082	 0.525366723537445 
2083	 0.525296568870544 
2084	 0.525253117084503 
2085	 0.525172054767609 
2086	 0.52507096529007 
2087	 0.524955987930298 
2088	 0.524823844432831 
2089	 0.524661242961884 
2090	 0.524482667446136 
2091	 0.524301767349243 
2092	 0.524086236953735 
2093	 0.523820400238037 
2094	 0.523566126823425 
2095	 0.523283660411835 
2096	 0.523020625114441 
2097	 0.522772610187531 
2098	 0.522513270378113 
2099	 0.522252082824707 
2100	 0.52197140455246 
2101	 0.521660506725311 
2102	 0.521305799484253 
2103	 0.520984768867493 
2104	 0.520645320415497 
2105	 0.520333647727966 
2106	 0.520063400268555 
2107	 0.519745469093323 
2108	 0.519433915615082 
2109	 0.51908004283905 
2110	 0.51866352558136 
2111	 0.518284320831299 
2112	 0.517880082130432 
2113	 0.517505168914795 
2114	 0.517159938812256 
2115	 0.516817629337311 
2116	 0.516466021537781 
2117	 0.516173720359802 
2118	 0.515851080417633 
2119	 0.515535116195679 
2120	 0.515217781066895 
2121	 0.514900743961334 
2122	 0.5145663022995 
2123	 0.514231383800507 
2124	 0.513889491558075 
2125	 0.513558328151703 
2126	 0.513168394565582 
2127	 0.512757480144501 
2128	 0.512326836585999 
2129	 0.511817157268524 
2130	 0.511344850063324 
2131	 0.510886967182159 
2132	 0.51042103767395 
2133	 0.509972870349884 
2134	 0.509511888027191 
2135	 0.508954226970673 
2136	 0.508402645587921 
2137	 0.507846713066101 
2138	 0.507237374782562 
2139	 0.506651341915131 
2140	 0.506116807460785 
2141	 0.505495190620422 
2142	 0.504828929901123 
2143	 0.504141747951508 
2144	 0.503398060798645 
2145	 0.502681314945221 
2146	 0.501938164234161 
2147	 0.501211822032928 
2148	 0.500502169132233 
2149	 0.499785870313644 
2150	 0.499107718467712 
2151	 0.498361736536026 
2152	 0.497566163539886 
2153	 0.496800720691681 
2154	 0.49593597650528 
2155	 0.495068967342377 
2156	 0.494239121675491 
2157	 0.49341744184494 
2158	 0.492589473724365 
2159	 0.491793721914291 
2160	 0.490953087806702 
2161	 0.490087777376175 
2162	 0.489230185747147 
2163	 0.488315224647522 
2164	 0.487491101026535 
2165	 0.486702144145966 
2166	 0.485931307077408 
2167	 0.485222488641739 
2168	 0.48451492190361 
2169	 0.483794689178467 
2170	 0.483126729726791 
2171	 0.482481002807617 
2172	 0.481885522603989 
2173	 0.481329590082169 
2174	 0.480813175439835 
2175	 0.480355501174927 
2176	 0.479976207017899 
2177	 0.479652941226959 
2178	 0.479422748088837 
2179	 0.479164808988571 
2180	 0.478944599628448 
2181	 0.478751718997955 
2182	 0.478575110435486 
2183	 0.478409767150879 
2184	 0.478307843208313 
2185	 0.478157937526703 
2186	 0.477988541126251 
2187	 0.477821320295334 
2188	 0.477663606405258 
2189	 0.477470874786377 
2190	 0.477246671915054 
2191	 0.477032542228699 
2192	 0.476837605237961 
2193	 0.476576775312424 
2194	 0.476307034492493 
2195	 0.475991636514664 
2196	 0.475606620311737 
2197	 0.475184053182602 
2198	 0.474806606769562 
2199	 0.474352031946182 
2200	 0.47388818860054 
2201	 0.473409205675125 
2202	 0.47289252281189 
2203	 0.472324252128601 
2204	 0.471778512001038 
2205	 0.471211791038513 
2206	 0.47065132856369 
2207	 0.470094174146652 
2208	 0.469523847103119 
2209	 0.468938887119293 
2210	 0.468369215726852 
2211	 0.467785656452179 
2212	 0.46724271774292 
2213	 0.466663748025894 
2214	 0.466207981109619 
2215	 0.465813159942627 
2216	 0.465480476617813 
2217	 0.465239465236664 
2218	 0.465060472488403 
2219	 0.464909732341766 
2220	 0.464865684509277 
2221	 0.464915037155151 
2222	 0.465068280696869 
2223	 0.4652498960495 
2224	 0.465503573417664 
2225	 0.465769320726395 
2226	 0.465975672006607 
2227	 0.466119736433029 
2228	 0.46626216173172 
2229	 0.466265141963959 
2230	 0.466180413961411 
2231	 0.465996503829956 
2232	 0.465740323066711 
2233	 0.465329587459564 
2234	 0.46483513712883 
2235	 0.464142173528671 
2236	 0.463274389505386 
2237	 0.462286800146103 
2238	 0.461107432842255 
2239	 0.459846615791321 
2240	 0.458449423313141 
2241	 0.456969559192657 
2242	 0.455449014902115 
2243	 0.453702449798584 
2244	 0.451786309480667 
2245	 0.449768424034119 
2246	 0.447454899549484 
2247	 0.445204496383667 
2248	 0.442973703145981 
2249	 0.4405916929245 
2250	 0.438139230012894 
2251	 0.435635149478912 
2252	 0.432827591896057 
2253	 0.430096954107285 
2254	 0.427285939455032 
2255	 0.424387335777283 
2256	 0.421739637851715 
2257	 0.41897040605545 
2258	 0.416282296180725 
2259	 0.413699835538864 
2260	 0.411019653081894 
2261	 0.408262997865677 
2262	 0.405650407075882 
2263	 0.402967631816864 
2264	 0.400548726320267 
2265	 0.398282289505005 
2266	 0.396126598119736 
2267	 0.394185274839401 
2268	 0.392257899045944 
2269	 0.390376389026642 
2270	 0.388680934906006 
2271	 0.387076497077942 
2272	 0.385618537664413 
2273	 0.384411215782166 
2274	 0.38317683339119 
2275	 0.382097452878952 
2276	 0.380927443504334 
2277	 0.379796087741852 
2278	 0.378591418266296 
2279	 0.377281665802002 
2280	 0.376007169485092 
2281	 0.374754577875137 
2282	 0.373425483703613 
2283	 0.372077137231827 
2284	 0.370717436075211 
2285	 0.369209140539169 
2286	 0.367659509181976 
2287	 0.365995585918427 
2288	 0.364308714866638 
2289	 0.362704813480377 
2290	 0.361031115055084 
2291	 0.359461218118668 
2292	 0.357936650514603 
2293	 0.35625696182251 
2294	 0.354664862155914 
2295	 0.35315328836441 
2296	 0.351702809333801 
2297	 0.350471675395966 
2298	 0.349436819553375 
2299	 0.348504781723022 
2300	 0.347696781158447 
2301	 0.347110718488693 
2302	 0.346689790487289 
2303	 0.346477895975113 
2304	 0.346486538648605 
2305	 0.346676290035248 
2306	 0.347076416015625 
2307	 0.347637414932251 
2308	 0.348402827978134 
2309	 0.349331945180893 
2310	 0.350426852703094 
2311	 0.351720929145813 
2312	 0.353273838758469 
2313	 0.354921877384186 
2314	 0.356779366731644 
2315	 0.358725279569626 
2316	 0.360854119062424 
2317	 0.362950384616852 
2318	 0.365270406007767 
2319	 0.367300510406494 
2320	 0.369383037090302 
2321	 0.371086746454239 
2322	 0.372501164674759 
2323	 0.373756885528564 
2324	 0.374702364206314 
2325	 0.375531613826752 
2326	 0.376183867454529 
2327	 0.37668564915657 
2328	 0.376972436904907 
2329	 0.377180010080338 
2330	 0.37724757194519 
2331	 0.377202898263931 
2332	 0.377024322748184 
2333	 0.376777559518814 
2334	 0.376395612955093 
2335	 0.3759705722332 
2336	 0.375568598508835 
2337	 0.375095337629318 
2338	 0.374606758356094 
2339	 0.374059766530991 
2340	 0.373430073261261 
2341	 0.372717529535294 
2342	 0.371992826461792 
2343	 0.371363461017609 
2344	 0.370781153440475 
2345	 0.370273768901825 
2346	 0.369960963726044 
2347	 0.369778692722321 
2348	 0.369723975658417 
2349	 0.369903087615967 
2350	 0.370201259851456 
2351	 0.370675951242447 
2352	 0.371347635984421 
2353	 0.372134983539581 
2354	 0.372957408428192 
2355	 0.373887479305267 
2356	 0.374853581190109 
2357	 0.375757277011871 
2358	 0.376634478569031 
2359	 0.37726429104805 
2360	 0.377643555402756 
2361	 0.377931952476501 
2362	 0.378059089183807 
2363	 0.377967864274979 
2364	 0.377833008766174 
2365	 0.377578645944595 
2366	 0.377230405807495 
2367	 0.376900494098663 
2368	 0.376454740762711 
2369	 0.376011192798615 
2370	 0.375606775283813 
2371	 0.375182598829269 
2372	 0.374758511781693 
2373	 0.374220222234726 
2374	 0.373498648405075 
2375	 0.372785151004791 
2376	 0.372098118066788 
2377	 0.37129145860672 
2378	 0.370474576950073 
2379	 0.369574725627899 
2380	 0.368603885173798 
2381	 0.367609530687332 
2382	 0.36656242609024 
2383	 0.365486234426498 
2384	 0.364403486251831 
2385	 0.363227814435959 
2386	 0.362134486436844 
2387	 0.361097604036331 
2388	 0.359997272491455 
2389	 0.358939826488495 
2390	 0.357700139284134 
2391	 0.356379330158234 
2392	 0.355009019374847 
2393	 0.353426724672318 
2394	 0.352051287889481 
2395	 0.350731253623962 
2396	 0.349372237920761 
2397	 0.348122477531433 
2398	 0.34673222899437 
2399	 0.34524130821228 
2400	 0.343835026025772 
2401	 0.342382222414017 
2402	 0.341078609228134 
2403	 0.339716851711273 
2404	 0.338370740413666 
2405	 0.33713099360466 
2406	 0.33587971329689 
2407	 0.334630340337753 
2408	 0.333342850208282 
2409	 0.332098841667175 
2410	 0.33094334602356 
2411	 0.329874157905579 
2412	 0.328953474760056 
2413	 0.327960669994354 
2414	 0.326927185058594 
2415	 0.326039433479309 
2416	 0.325074434280396 
2417	 0.324173599481583 
2418	 0.323435693979263 
2419	 0.322560995817184 
2420	 0.321834176778793 
2421	 0.321132153272629 
2422	 0.320341110229492 
2423	 0.319841295480728 
2424	 0.31927216053009 
2425	 0.318636000156403 
2426	 0.318024486303329 
2427	 0.317210525274277 
2428	 0.31651571393013 
2429	 0.315906852483749 
2430	 0.315176784992218 
2431	 0.314584463834763 
2432	 0.314034521579742 
2433	 0.313402146100998 
2434	 0.312864542007446 
2435	 0.312278747558594 
2436	 0.311680406332016 
2437	 0.311175644397736 
2438	 0.310724318027496 
2439	 0.31031346321106 
2440	 0.309748321771622 
2441	 0.309135317802429 
2442	 0.308635622262955 
2443	 0.308111280202866 
2444	 0.307598352432251 
2445	 0.307205677032471 
2446	 0.306723415851593 
2447	 0.306150436401367 
2448	 0.305645763874054 
2449	 0.305039346218109 
2450	 0.304457873106003 
2451	 0.303931921720505 
2452	 0.303247034549713 
2453	 0.302567362785339 
2454	 0.301914155483246 
2455	 0.301052749156952 
2456	 0.300249576568604 
2457	 0.299691319465637 
2458	 0.298975348472595 
2459	 0.298350006341934 
2460	 0.297902584075928 
2461	 0.297068923711777 
2462	 0.296224534511566 
2463	 0.2956523001194 
2464	 0.295015275478363 
2465	 0.294501602649689 
2466	 0.294095486402512 
2467	 0.29348960518837 
2468	 0.292970508337021 
2469	 0.292533993721008 
2470	 0.292024523019791 
2471	 0.291597902774811 
2472	 0.291088372468948 
2473	 0.290571749210358 
2474	 0.290071278810501 
2475	 0.289719045162201 
2476	 0.289687246084213 
2477	 0.289536714553833 
2478	 0.289397299289703 
2479	 0.289439260959625 
2480	 0.28912690281868 
2481	 0.289113700389862 
2482	 0.28935781121254 
2483	 0.289236605167389 
2484	 0.289391785860062 
2485	 0.28974050283432 
2486	 0.290127038955688 
2487	 0.290644139051437 
2488	 0.291030883789063 
2489	 0.290949910879135 
2490	 0.290882498025894 
2491	 0.291083872318268 
2492	 0.291358768939972 
2493	 0.291600584983826 
2494	 0.291976183652878 
2495	 0.29246985912323 
2496	 0.292774200439453 
2497	 0.293278843164444 
2498	 0.293893963098526 
2499	 0.294215977191925 
2500	 0.294744104146957 
