Wavelength	Echave.119
350	 0.197848856449127 
351	 0.201672032475471 
352	 0.201757431030273 
353	 0.191943243145943 
354	 0.172732278704643 
355	 0.16209664940834 
356	 0.161485210061073 
357	 0.165121376514435 
358	 0.161779209971428 
359	 0.154920890927315 
360	 0.150078147649765 
361	 0.151792153716087 
362	 0.147051796317101 
363	 0.144649848341942 
364	 0.146525874733925 
365	 0.14357616007328 
366	 0.139382854104042 
367	 0.133368372917175 
368	 0.126698300242424 
369	 0.129417762160301 
370	 0.130805134773254 
371	 0.127977892756462 
372	 0.123417675495148 
373	 0.123664401471615 
374	 0.124887071549892 
375	 0.12431176751852 
376	 0.122208133339882 
377	 0.122937597334385 
378	 0.123208649456501 
379	 0.120061695575714 
380	 0.118015773594379 
381	 0.118418157100677 
382	 0.119597777724266 
383	 0.118503578007221 
384	 0.116449631750584 
385	 0.116569682955742 
386	 0.117949239909649 
387	 0.113469451665878 
388	 0.112536020576954 
389	 0.114384144544601 
390	 0.11534483730793 
391	 0.111755639314651 
392	 0.110188908874989 
393	 0.111358918249607 
394	 0.111931182444096 
395	 0.110210858285427 
396	 0.109886899590492 
397	 0.111582867801189 
398	 0.109812527894974 
399	 0.110153660178185 
400	 0.110810108482838 
401	 0.109418734908104 
402	 0.110185712575912 
403	 0.110466748476028 
404	 0.110124871134758 
405	 0.110841237008572 
406	 0.110793903470039 
407	 0.110960781574249 
408	 0.111730076372623 
409	 0.111579902470112 
410	 0.112027004361153 
411	 0.112789548933506 
412	 0.113146863877773 
413	 0.113165967166424 
414	 0.113610491156578 
415	 0.114244908094406 
416	 0.114033170044422 
417	 0.114570431411266 
418	 0.115577831864357 
419	 0.116399429738522 
420	 0.116206906735897 
421	 0.116510227322578 
422	 0.117596536874771 
423	 0.119029797613621 
424	 0.119421109557152 
425	 0.120285555720329 
426	 0.121835023164749 
427	 0.122614488005638 
428	 0.12368381023407 
429	 0.124781623482704 
430	 0.125621438026428 
431	 0.126673266291618 
432	 0.127909004688263 
433	 0.128991588950157 
434	 0.129596278071404 
435	 0.131077483296394 
436	 0.132700026035309 
437	 0.133968830108643 
438	 0.135103240609169 
439	 0.136259168386459 
440	 0.137431308627129 
441	 0.138610869646072 
442	 0.140011519193649 
443	 0.14152991771698 
444	 0.142854809761047 
445	 0.143612340092659 
446	 0.14473982155323 
447	 0.146039679646492 
448	 0.147184789180756 
449	 0.147940754890442 
450	 0.148902088403702 
451	 0.149921879172325 
452	 0.150688529014587 
453	 0.151780724525452 
454	 0.152732998132706 
455	 0.153413996100426 
456	 0.154132470488548 
457	 0.15488375723362 
458	 0.155597165226936 
459	 0.156235411763191 
460	 0.156908735632896 
461	 0.157611876726151 
462	 0.158372431993484 
463	 0.159204140305519 
464	 0.15989100933075 
465	 0.160387724637985 
466	 0.160817056894302 
467	 0.161521524190903 
468	 0.162209212779999 
469	 0.162769421935081 
470	 0.163219466805458 
471	 0.163829892873764 
472	 0.164604961872101 
473	 0.165332183241844 
474	 0.165699675679207 
475	 0.166455790400505 
476	 0.167204022407532 
477	 0.167694643139839 
478	 0.168407365679741 
479	 0.169164970517159 
480	 0.16985759139061 
481	 0.170468032360077 
482	 0.171456173062325 
483	 0.172212600708008 
484	 0.172746524214745 
485	 0.173824682831764 
486	 0.174857765436172 
487	 0.17582905292511 
488	 0.176801890134811 
489	 0.177649170160294 
490	 0.178664922714233 
491	 0.179851725697517 
492	 0.181018367409706 
493	 0.181933417916298 
494	 0.183019936084747 
495	 0.184401527047157 
496	 0.18557944893837 
497	 0.186885818839073 
498	 0.188316807150841 
499	 0.189765319228172 
500	 0.191153571009636 
501	 0.192559882998466 
502	 0.194035962224007 
503	 0.195594966411591 
504	 0.19708938896656 
505	 0.198632001876831 
506	 0.200284883379936 
507	 0.201875627040863 
508	 0.203522130846977 
509	 0.20523627102375 
510	 0.206974640488625 
511	 0.208638936281204 
512	 0.210382983088493 
513	 0.212240844964981 
514	 0.214072674512863 
515	 0.216008454561234 
516	 0.217913672327995 
517	 0.21970696747303 
518	 0.221711456775665 
519	 0.223768711090088 
520	 0.225838080048561 
521	 0.227960988879204 
522	 0.230109736323357 
523	 0.23227059841156 
524	 0.234458014369011 
525	 0.236738115549088 
526	 0.23907408118248 
527	 0.241441413760185 
528	 0.243830054998398 
529	 0.246277436614037 
530	 0.248738422989845 
531	 0.251215040683746 
532	 0.253757238388062 
533	 0.256354719400406 
534	 0.259026139974594 
535	 0.261750459671021 
536	 0.264379322528839 
537	 0.267106980085373 
538	 0.269902765750885 
539	 0.272627532482147 
540	 0.27534082531929 
541	 0.278091222047806 
542	 0.280888825654984 
543	 0.283684223890305 
544	 0.286404758691788 
545	 0.289086580276489 
546	 0.291785329580307 
547	 0.29446405172348 
548	 0.297170966863632 
549	 0.29988831281662 
550	 0.302535504102707 
551	 0.30514931678772 
552	 0.307793855667114 
553	 0.310503333806992 
554	 0.313234388828278 
555	 0.315894484519959 
556	 0.318535298109055 
557	 0.321253538131714 
558	 0.323931992053986 
559	 0.326528429985046 
560	 0.329068005084991 
561	 0.331662267446518 
562	 0.334219545125961 
563	 0.336754679679871 
564	 0.339295953512192 
565	 0.341823101043701 
566	 0.344307631254196 
567	 0.346730619668961 
568	 0.349091470241547 
569	 0.351507574319839 
570	 0.353963732719421 
571	 0.356450885534287 
572	 0.359027355909348 
573	 0.36160346865654 
574	 0.364151448011398 
575	 0.36666351556778 
576	 0.369059979915619 
577	 0.37134325504303 
578	 0.373593211174011 
579	 0.375957399606705 
580	 0.37823274731636 
581	 0.380495876073837 
582	 0.382813990116119 
583	 0.384974777698517 
584	 0.387263655662537 
585	 0.38960999250412 
586	 0.391759365797043 
587	 0.393878817558289 
588	 0.396030008792877 
589	 0.398155599832535 
590	 0.400005221366882 
591	 0.401953965425491 
592	 0.403912514448166 
593	 0.405696243047714 
594	 0.407374680042267 
595	 0.409020751714706 
596	 0.410652875900269 
597	 0.412233114242554 
598	 0.413605064153671 
599	 0.414970576763153 
600	 0.416436910629272 
601	 0.417722702026367 
602	 0.418881267309189 
603	 0.420041024684906 
604	 0.421304821968079 
605	 0.422324746847153 
606	 0.423289567232132 
607	 0.424297839403152 
608	 0.425276786088943 
609	 0.42604923248291 
610	 0.426777482032776 
611	 0.427611440420151 
612	 0.428350865840912 
613	 0.429011136293411 
614	 0.429680466651917 
615	 0.430464327335358 
616	 0.43112587928772 
617	 0.431724667549133 
618	 0.432331562042236 
619	 0.432972341775894 
620	 0.43351736664772 
621	 0.434041559696198 
622	 0.434645801782608 
623	 0.435199469327927 
624	 0.435718983411789 
625	 0.436210215091705 
626	 0.436666518449783 
627	 0.437137305736542 
628	 0.437626302242279 
629	 0.438108175992966 
630	 0.438493341207504 
631	 0.439003735780716 
632	 0.439562976360321 
633	 0.439981937408447 
634	 0.440324127674103 
635	 0.440751075744629 
636	 0.441283643245697 
637	 0.441758513450623 
638	 0.442118853330612 
639	 0.442475885152817 
640	 0.442941009998322 
641	 0.443486452102661 
642	 0.443950355052948 
643	 0.444341123104095 
644	 0.444777607917786 
645	 0.44530263543129 
646	 0.445804506540298 
647	 0.446239531040192 
648	 0.446706384420395 
649	 0.447183400392532 
650	 0.447683781385422 
651	 0.448218137025833 
652	 0.448757857084274 
653	 0.449259132146835 
654	 0.449757069349289 
655	 0.450334429740906 
656	 0.450806826353073 
657	 0.451311528682709 
658	 0.451931148767471 
659	 0.452528417110443 
660	 0.453102022409439 
661	 0.453709572553635 
662	 0.454410582780838 
663	 0.455133229494095 
664	 0.455768257379532 
665	 0.456358104944229 
666	 0.457088947296143 
667	 0.457821160554886 
668	 0.458487451076508 
669	 0.459107995033264 
670	 0.459882229566574 
671	 0.46075314283371 
672	 0.461605578660965 
673	 0.462339460849762 
674	 0.463167518377304 
675	 0.463969796895981 
676	 0.464734941720963 
677	 0.465614080429077 
678	 0.466592729091644 
679	 0.467544287443161 
680	 0.468373715877533 
681	 0.469150185585022 
682	 0.470035672187805 
683	 0.471065551042557 
684	 0.472159624099731 
685	 0.472997039556503 
686	 0.473805576562881 
687	 0.474727630615234 
688	 0.475696474313736 
689	 0.476788848638535 
690	 0.477887123823166 
691	 0.478888213634491 
692	 0.479919642210007 
693	 0.480939984321594 
694	 0.481956124305725 
695	 0.482996046543121 
696	 0.483991116285324 
697	 0.484929084777832 
698	 0.485860198736191 
699	 0.486915200948715 
700	 0.48801788687706 
701	 0.489110440015793 
702	 0.490140467882156 
703	 0.491036146879196 
704	 0.492052584886551 
705	 0.493154972791672 
706	 0.494123309850693 
707	 0.495097011327744 
708	 0.49602222442627 
709	 0.496931880712509 
710	 0.498044639825821 
711	 0.499128550291061 
712	 0.500040471553802 
713	 0.500763535499573 
714	 0.501625716686249 
715	 0.50258070230484 
716	 0.50350683927536 
717	 0.504269361495972 
718	 0.505176842212677 
719	 0.506014823913574 
720	 0.50669527053833 
721	 0.507457971572876 
722	 0.508305788040161 
723	 0.50920182466507 
724	 0.510084748268127 
725	 0.510897099971771 
726	 0.511609256267548 
727	 0.512265801429749 
728	 0.512960851192474 
729	 0.513733267784119 
730	 0.514478921890259 
731	 0.515130221843719 
732	 0.515705347061157 
733	 0.516460180282593 
734	 0.517270088195801 
735	 0.517949104309082 
736	 0.51855993270874 
737	 0.519078254699707 
738	 0.519599676132202 
739	 0.520272493362427 
740	 0.520999550819397 
741	 0.52159595489502 
742	 0.522023022174835 
743	 0.522466838359833 
744	 0.52302485704422 
745	 0.523678779602051 
746	 0.524331152439117 
747	 0.524772942066193 
748	 0.525189161300659 
749	 0.525595009326935 
750	 0.525933742523193 
751	 0.526437282562256 
752	 0.526903390884399 
753	 0.527245044708252 
754	 0.527581691741943 
755	 0.527898609638214 
756	 0.528280317783356 
757	 0.528758943080902 
758	 0.529175162315369 
759	 0.529540956020355 
760	 0.529809474945068 
761	 0.52995765209198 
762	 0.530224323272705 
763	 0.530655086040497 
764	 0.531099498271942 
765	 0.531247556209564 
766	 0.531416594982147 
767	 0.531642138957977 
768	 0.531912744045258 
769	 0.532250225543976 
770	 0.532564759254456 
771	 0.532803654670715 
772	 0.532958507537842 
773	 0.533139228820801 
774	 0.533267974853516 
775	 0.533403933048248 
776	 0.533698379993439 
777	 0.533968865871429 
778	 0.534149050712585 
779	 0.534226775169373 
780	 0.534239530563354 
781	 0.534383356571198 
782	 0.534617304801941 
783	 0.534821689128876 
784	 0.534893691539764 
785	 0.534891664981842 
786	 0.534898996353149 
787	 0.535002171993256 
788	 0.535221993923187 
789	 0.535352170467377 
790	 0.535322606563568 
791	 0.535253524780273 
792	 0.535287499427795 
793	 0.535383760929108 
794	 0.535449922084808 
795	 0.535363972187042 
796	 0.535408437252045 
797	 0.535444617271423 
798	 0.535278677940369 
799	 0.535255968570709 
800	 0.535330355167389 
801	 0.535420000553131 
802	 0.535434007644653 
803	 0.535380423069 
804	 0.535274088382721 
805	 0.535162806510925 
806	 0.535134017467499 
807	 0.535169243812561 
808	 0.535223305225372 
809	 0.535243153572083 
810	 0.535165727138519 
811	 0.535204887390137 
812	 0.535250067710876 
813	 0.535120248794556 
814	 0.535153925418854 
815	 0.535129725933075 
816	 0.535001039505005 
817	 0.534902930259705 
818	 0.534821450710297 
819	 0.534789144992828 
820	 0.534799814224243 
821	 0.534783124923706 
822	 0.534622430801392 
823	 0.534493207931519 
824	 0.534531593322754 
825	 0.534500122070313 
826	 0.534448385238647 
827	 0.534401118755341 
828	 0.534357786178589 
829	 0.534220099449158 
830	 0.534097850322723 
831	 0.534047961235046 
832	 0.5340536236763 
833	 0.533968687057495 
834	 0.533856213092804 
835	 0.533769488334656 
836	 0.533694505691528 
837	 0.533676564693451 
838	 0.53363698720932 
839	 0.533532202243805 
840	 0.533509910106659 
841	 0.533436119556427 
842	 0.533289074897766 
843	 0.533123373985291 
844	 0.533103287220001 
845	 0.533136010169983 
846	 0.533131062984467 
847	 0.533028662204742 
848	 0.532906413078308 
849	 0.532835960388184 
850	 0.532838106155396 
851	 0.532868206501007 
852	 0.532804846763611 
853	 0.532724261283875 
854	 0.53270411491394 
855	 0.532727956771851 
856	 0.532800793647766 
857	 0.532845318317413 
858	 0.532831311225891 
859	 0.533000707626343 
860	 0.533020496368408 
861	 0.532950401306152 
862	 0.533019006252289 
863	 0.533100068569183 
864	 0.533194720745087 
865	 0.533267557621002 
866	 0.533265173435211 
867	 0.533311903476715 
868	 0.533423721790314 
869	 0.5335533618927 
870	 0.533598065376282 
871	 0.53361850976944 
872	 0.533751428127289 
873	 0.534008681774139 
874	 0.534102320671082 
875	 0.534198999404907 
876	 0.534292936325073 
877	 0.53437465429306 
878	 0.534614562988281 
879	 0.534775257110596 
880	 0.534908354282379 
881	 0.535155713558197 
882	 0.535305261611938 
883	 0.535459756851196 
884	 0.535653531551361 
885	 0.535850524902344 
886	 0.53600686788559 
887	 0.536179840564728 
888	 0.536394238471985 
889	 0.536622285842896 
890	 0.536845266819 
891	 0.537072420120239 
892	 0.537299931049347 
893	 0.537492990493774 
894	 0.53767454624176 
895	 0.53791731595993 
896	 0.53823333978653 
897	 0.538459002971649 
898	 0.538597643375397 
899	 0.538789331912994 
900	 0.539146602153778 
901	 0.53950047492981 
902	 0.539755761623383 
903	 0.539932310581207 
904	 0.540124237537384 
905	 0.540431141853333 
906	 0.540805518627167 
907	 0.541229605674744 
908	 0.541700839996338 
909	 0.542128622531891 
910	 0.542440176010132 
911	 0.542702555656433 
912	 0.543098509311676 
913	 0.543535053730011 
914	 0.543984591960907 
915	 0.544434249401093 
916	 0.544881105422974 
917	 0.545269727706909 
918	 0.545680820941925 
919	 0.546157598495483 
920	 0.546623289585114 
921	 0.547025322914124 
922	 0.547409057617188 
923	 0.547832190990448 
924	 0.548305630683899 
925	 0.548813760280609 
926	 0.549355208873749 
927	 0.549899041652679 
928	 0.550293624401093 
929	 0.55077737569809 
930	 0.551331341266632 
931	 0.551842093467712 
932	 0.552322745323181 
933	 0.552816331386566 
934	 0.553327620029449 
935	 0.553840100765228 
936	 0.554351210594177 
937	 0.554913401603699 
938	 0.55551815032959 
939	 0.556114494800568 
940	 0.556704103946686 
941	 0.557259261608124 
942	 0.557742476463318 
943	 0.558143377304077 
944	 0.558712124824524 
945	 0.559307515621185 
946	 0.559842050075531 
947	 0.560342729091644 
948	 0.560839712619781 
949	 0.561319172382355 
950	 0.561808407306671 
951	 0.562382757663727 
952	 0.562956869602203 
953	 0.563521683216095 
954	 0.564047038555145 
955	 0.564460873603821 
956	 0.564838886260986 
957	 0.565343201160431 
958	 0.565942406654358 
959	 0.566273868083954 
960	 0.566713392734528 
961	 0.567222535610199 
962	 0.567709147930145 
963	 0.568179786205292 
964	 0.56856107711792 
965	 0.569030106067657 
966	 0.569636642932892 
967	 0.570005774497986 
968	 0.570508658885956 
969	 0.571131944656372 
970	 0.57172429561615 
971	 0.572091996669769 
972	 0.572464823722839 
973	 0.572994232177734 
974	 0.573650300502777 
975	 0.574011623859406 
976	 0.574288725852966 
977	 0.574567675590515 
978	 0.574910223484039 
979	 0.575419723987579 
980	 0.575894176959991 
981	 0.576358556747437 
982	 0.576878368854523 
983	 0.577365100383759 
984	 0.578029155731201 
985	 0.578576147556305 
986	 0.578799068927765 
987	 0.579360008239746 
988	 0.580023348331451 
989	 0.580732703208923 
990	 0.581442594528198 
991	 0.581944823265076 
992	 0.582599103450775 
993	 0.583331525325775 
994	 0.583938419818878 
995	 0.58436131477356 
996	 0.585002541542053 
997	 0.585690200328827 
998	 0.586181640625 
999	 0.586752831935883 
1000	 0.587458372116089 
1001	 0.574862837791443 
1002	 0.575372874736786 
1003	 0.575917541980743 
1004	 0.576388955116272 
1005	 0.576789736747742 
1006	 0.577238738536835 
1007	 0.577661514282227 
1008	 0.578100085258484 
1009	 0.57857346534729 
1010	 0.579027771949768 
1011	 0.579441010951996 
1012	 0.579898715019226 
1013	 0.580393850803375 
1014	 0.580869853496552 
1015	 0.581353008747101 
1016	 0.581832647323608 
1017	 0.582346677780151 
1018	 0.582807242870331 
1019	 0.583265006542206 
1020	 0.583779692649841 
1021	 0.58425110578537 
1022	 0.584683477878571 
1023	 0.585143625736237 
1024	 0.585623741149902 
1025	 0.586079895496368 
1026	 0.586520731449127 
1027	 0.586981356143951 
1028	 0.587441682815552 
1029	 0.587898254394531 
1030	 0.588381409645081 
1031	 0.58886444568634 
1032	 0.589328765869141 
1033	 0.58975887298584 
1034	 0.59020334482193 
1035	 0.590700566768646 
1036	 0.591147184371948 
1037	 0.591590225696564 
1038	 0.592002928256989 
1039	 0.592354297637939 
1040	 0.592762589454651 
1041	 0.59316223859787 
1042	 0.593633532524109 
1043	 0.594194710254669 
1044	 0.594673037528992 
1045	 0.595182597637177 
1046	 0.595690369606018 
1047	 0.596044898033142 
1048	 0.596427142620087 
1049	 0.596830070018768 
1050	 0.59722375869751 
1051	 0.597695350646973 
1052	 0.598151028156281 
1053	 0.598601579666138 
1054	 0.599061727523804 
1055	 0.5994793176651 
1056	 0.599861443042755 
1057	 0.600281536579132 
1058	 0.600682139396667 
1059	 0.601085186004639 
1060	 0.60158371925354 
1061	 0.602068662643433 
1062	 0.602568089962006 
1063	 0.603068292140961 
1064	 0.603468418121338 
1065	 0.603921115398407 
1066	 0.604398369789124 
1067	 0.604803740978241 
1068	 0.6052126288414 
1069	 0.60560929775238 
1070	 0.606039822101593 
1071	 0.606443345546722 
1072	 0.606917142868042 
1073	 0.607435345649719 
1074	 0.607940435409546 
1075	 0.608417689800262 
1076	 0.608883738517761 
1077	 0.609353125095367 
1078	 0.609832286834717 
1079	 0.610338568687439 
1080	 0.610811650753021 
1081	 0.611217200756073 
1082	 0.611630499362946 
1083	 0.612016916275024 
1084	 0.61240017414093 
1085	 0.612875878810883 
1086	 0.613336801528931 
1087	 0.613806486129761 
1088	 0.614289164543152 
1089	 0.614800930023193 
1090	 0.615209639072418 
1091	 0.615590691566467 
1092	 0.615988612174988 
1093	 0.616367220878601 
1094	 0.616821706295013 
1095	 0.617297232151031 
1096	 0.617717623710632 
1097	 0.618141055107117 
1098	 0.61853164434433 
1099	 0.618912875652313 
1100	 0.619306325912476 
1101	 0.619713127613068 
1102	 0.62012106180191 
1103	 0.620487034320831 
1104	 0.6208256483078 
1105	 0.621200680732727 
1106	 0.621560990810394 
1107	 0.621891677379608 
1108	 0.622276842594147 
1109	 0.622629761695862 
1110	 0.622983157634735 
1111	 0.623348355293274 
1112	 0.623659014701843 
1113	 0.623990952968597 
1114	 0.624271869659424 
1115	 0.624459683895111 
1116	 0.624700307846069 
1117	 0.624990463256836 
1118	 0.625280916690826 
1119	 0.625618815422058 
1120	 0.625928401947021 
1121	 0.626247346401215 
1122	 0.626516699790955 
1123	 0.626784563064575 
1124	 0.627045333385468 
1125	 0.62729674577713 
1126	 0.627514839172363 
1127	 0.627743184566498 
1128	 0.627970695495605 
1129	 0.62815523147583 
1130	 0.628340184688568 
1131	 0.628450691699982 
1132	 0.628557920455933 
1133	 0.628707587718964 
1134	 0.628818035125732 
1135	 0.628935217857361 
1136	 0.629086077213287 
1137	 0.629183351993561 
1138	 0.629263341426849 
1139	 0.629317104816437 
1140	 0.62935870885849 
1141	 0.629331052303314 
1142	 0.629305005073547 
1143	 0.629267871379852 
1144	 0.629241824150085 
1145	 0.629250109195709 
1146	 0.629211723804474 
1147	 0.629169642925262 
1148	 0.629139721393585 
1149	 0.629110753536224 
1150	 0.629127979278564 
1151	 0.62918096780777 
1152	 0.629206418991089 
1153	 0.629246771335602 
1154	 0.629234254360199 
1155	 0.629208445549011 
1156	 0.629139363765717 
1157	 0.62903219461441 
1158	 0.628908753395081 
1159	 0.628757953643799 
1160	 0.628572165966034 
1161	 0.628393113613129 
1162	 0.628193557262421 
1163	 0.627972960472107 
1164	 0.62774932384491 
1165	 0.627508640289307 
1166	 0.62726217508316 
1167	 0.627017796039581 
1168	 0.626796305179596 
1169	 0.626543164253235 
1170	 0.626273930072784 
1171	 0.625982403755188 
1172	 0.625681459903717 
1173	 0.625349700450897 
1174	 0.624988973140717 
1175	 0.624635457992554 
1176	 0.624266386032104 
1177	 0.623884201049805 
1178	 0.623486936092377 
1179	 0.623088300228119 
1180	 0.622717380523682 
1181	 0.622313916683197 
1182	 0.621917188167572 
1183	 0.621573328971863 
1184	 0.621236860752106 
1185	 0.620938181877136 
1186	 0.620690405368805 
1187	 0.620505452156067 
1188	 0.620334982872009 
1189	 0.62017959356308 
1190	 0.620085716247559 
1191	 0.620062947273254 
1192	 0.620025932788849 
1193	 0.620006144046783 
1194	 0.620029389858246 
1195	 0.620069801807404 
1196	 0.620127856731415 
1197	 0.620220482349396 
1198	 0.620348811149597 
1199	 0.620474100112915 
1200	 0.620612680912018 
1201	 0.620799481868744 
1202	 0.621017754077911 
1203	 0.621233105659485 
1204	 0.621474325656891 
1205	 0.621742010116577 
1206	 0.622011661529541 
1207	 0.62234491109848 
1208	 0.622727513313293 
1209	 0.62312513589859 
1210	 0.623537063598633 
1211	 0.624028205871582 
1212	 0.624571263790131 
1213	 0.625143527984619 
1214	 0.625779330730438 
1215	 0.62644499540329 
1216	 0.627135872840881 
1217	 0.627854645252228 
1218	 0.628621995449066 
1219	 0.629411518573761 
1220	 0.630253374576569 
1221	 0.631131172180176 
1222	 0.631961107254028 
1223	 0.632813036441803 
1224	 0.633600115776062 
1225	 0.634315490722656 
1226	 0.63503360748291 
1227	 0.635743618011475 
1228	 0.636422336101532 
1229	 0.63707035779953 
1230	 0.637706220149994 
1231	 0.638343036174774 
1232	 0.638921320438385 
1233	 0.639472782611847 
1234	 0.639971673488617 
1235	 0.640397310256958 
1236	 0.640825390815735 
1237	 0.641205608844757 
1238	 0.641597330570221 
1239	 0.641968071460724 
1240	 0.642372488975525 
1241	 0.64277571439743 
1242	 0.643118798732758 
1243	 0.643464744091034 
1244	 0.643789649009705 
1245	 0.644120395183563 
1246	 0.644451260566711 
1247	 0.644752264022827 
1248	 0.645049810409546 
1249	 0.645318269729614 
1250	 0.645544767379761 
1251	 0.64577978849411 
1252	 0.646016955375671 
1253	 0.646227896213531 
1254	 0.646425843238831 
1255	 0.646607458591461 
1256	 0.646756589412689 
1257	 0.646911084651947 
1258	 0.647049784660339 
1259	 0.647197782993317 
1260	 0.647367835044861 
1261	 0.647506833076477 
1262	 0.647622168064117 
1263	 0.647750020027161 
1264	 0.647865355014801 
1265	 0.647962272167206 
1266	 0.648052513599396 
1267	 0.648142635822296 
1268	 0.648226976394653 
1269	 0.648272514343262 
1270	 0.648370563983917 
1271	 0.648511290550232 
1272	 0.648613333702087 
1273	 0.648709833621979 
1274	 0.648820161819458 
1275	 0.648915648460388 
1276	 0.64902138710022 
1277	 0.649158716201782 
1278	 0.649275183677673 
1279	 0.649371266365051 
1280	 0.649474680423737 
1281	 0.649579346179962 
1282	 0.649683356285095 
1283	 0.64978414773941 
1284	 0.649888217449188 
1285	 0.649993717670441 
1286	 0.650108635425568 
1287	 0.650195002555847 
1288	 0.650267481803894 
1289	 0.650352895259857 
1290	 0.650414288043976 
1291	 0.650512456893921 
1292	 0.650632441043854 
1293	 0.650758624076843 
1294	 0.650896549224854 
1295	 0.651041269302368 
1296	 0.651218116283417 
1297	 0.651357471942902 
1298	 0.651498317718506 
1299	 0.651611506938934 
1300	 0.651690006256104 
1301	 0.65177196264267 
1302	 0.651835143566132 
1303	 0.651906609535217 
1304	 0.651990473270416 
1305	 0.652050375938416 
1306	 0.652102887630463 
1307	 0.652146220207214 
1308	 0.652161478996277 
1309	 0.652179598808289 
1310	 0.652212858200073 
1311	 0.652250528335571 
1312	 0.652291834354401 
1313	 0.652346789836884 
1314	 0.652389109134674 
1315	 0.652435004711151 
1316	 0.652462422847748 
1317	 0.652484774589539 
1318	 0.652492344379425 
1319	 0.652487695217133 
1320	 0.652469158172607 
1321	 0.652455866336823 
1322	 0.65239691734314 
1323	 0.652280509471893 
1324	 0.652206122875214 
1325	 0.652136325836182 
1326	 0.65204244852066 
1327	 0.651974558830261 
1328	 0.651871144771576 
1329	 0.651714563369751 
1330	 0.651570796966553 
1331	 0.65143620967865 
1332	 0.65128082036972 
1333	 0.651118755340576 
1334	 0.650941848754883 
1335	 0.650735676288605 
1336	 0.650512218475342 
1337	 0.650259017944336 
1338	 0.649969458580017 
1339	 0.649692177772522 
1340	 0.649407625198364 
1341	 0.649095714092255 
1342	 0.648791670799255 
1343	 0.648430109024048 
1344	 0.648034751415253 
1345	 0.647601246833801 
1346	 0.647139132022858 
1347	 0.646630883216858 
1348	 0.646080076694489 
1349	 0.645497262477875 
1350	 0.644879877567291 
1351	 0.644219696521759 
1352	 0.643505036830902 
1353	 0.64278507232666 
1354	 0.641992211341858 
1355	 0.641255915164948 
1356	 0.640536308288574 
1357	 0.639821767807007 
1358	 0.639111638069153 
1359	 0.638435363769531 
1360	 0.637768745422363 
1361	 0.637120246887207 
1362	 0.636508524417877 
1363	 0.635972917079926 
1364	 0.635457098484039 
1365	 0.634988069534302 
1366	 0.634514927864075 
1367	 0.63408887386322 
1368	 0.633622050285339 
1369	 0.6331587433815 
1370	 0.63265734910965 
1371	 0.632145583629608 
1372	 0.631599724292755 
1373	 0.631041049957275 
1374	 0.630420088768005 
1375	 0.629772961139679 
1376	 0.629056394100189 
1377	 0.628260612487793 
1378	 0.627449214458466 
1379	 0.626544892787933 
1380	 0.625709474086761 
1381	 0.624832212924957 
1382	 0.624048173427582 
1383	 0.623300731182098 
1384	 0.622628629207611 
1385	 0.622040569782257 
1386	 0.621481776237488 
1387	 0.621021687984467 
1388	 0.620541751384735 
1389	 0.620090186595917 
1390	 0.619630098342896 
1391	 0.619176208972931 
1392	 0.618690729141235 
1393	 0.618247449398041 
1394	 0.617822051048279 
1395	 0.617412090301514 
1396	 0.617047011852264 
1397	 0.616626679897308 
1398	 0.616232395172119 
1399	 0.61572653055191 
1400	 0.615189552307129 
1401	 0.614544451236725 
1402	 0.613835752010345 
1403	 0.613004088401794 
1404	 0.612090051174164 
1405	 0.611061990261078 
1406	 0.609896004199982 
1407	 0.608692467212677 
1408	 0.607380509376526 
1409	 0.606047213077545 
1410	 0.604671061038971 
1411	 0.603233873844147 
1412	 0.601725220680237 
1413	 0.600213050842285 
1414	 0.598662555217743 
1415	 0.597074866294861 
1416	 0.595459043979645 
1417	 0.593811750411987 
1418	 0.592172503471375 
1419	 0.59040892124176 
1420	 0.588623762130737 
1421	 0.586716890335083 
1422	 0.584689319133759 
1423	 0.58256471157074 
1424	 0.580391645431519 
1425	 0.578002452850342 
1426	 0.575614988803864 
1427	 0.573132991790771 
1428	 0.570529997348785 
1429	 0.568111181259155 
1430	 0.565705001354218 
1431	 0.563283860683441 
1432	 0.560990750789642 
1433	 0.558779358863831 
1434	 0.556664943695068 
1435	 0.554621040821075 
1436	 0.552658438682556 
1437	 0.550820231437683 
1438	 0.549020826816559 
1439	 0.547274231910706 
1440	 0.545591711997986 
1441	 0.543946027755737 
1442	 0.542430639266968 
1443	 0.5408735871315 
1444	 0.539680421352386 
1445	 0.5385582447052 
1446	 0.537929654121399 
1447	 0.537524521350861 
1448	 0.537684142589569 
1449	 0.538290679454803 
1450	 0.5393345952034 
1451	 0.540949702262878 
1452	 0.542817652225494 
1453	 0.545232951641083 
1454	 0.547655999660492 
1455	 0.550463557243347 
1456	 0.553166568279266 
1457	 0.556089043617249 
1458	 0.558758616447449 
1459	 0.561412513256073 
1460	 0.563849925994873 
1461	 0.56609570980072 
1462	 0.568155348300934 
1463	 0.570050060749054 
1464	 0.571768760681152 
1465	 0.573235690593719 
1466	 0.57463401556015 
1467	 0.575856268405914 
1468	 0.576957285404205 
1469	 0.577973961830139 
1470	 0.5788334608078 
1471	 0.579656660556793 
1472	 0.580370008945465 
1473	 0.581070601940155 
1474	 0.581707119941711 
1475	 0.582317352294922 
1476	 0.58288186788559 
1477	 0.583425939083099 
1478	 0.583927154541016 
1479	 0.584412634372711 
1480	 0.584891259670258 
1481	 0.585299611091614 
1482	 0.585683584213257 
1483	 0.585986137390137 
1484	 0.58619213104248 
1485	 0.586421549320221 
1486	 0.586590886116028 
1487	 0.586788237094879 
1488	 0.58698707818985 
1489	 0.587196469306946 
1490	 0.587375223636627 
1491	 0.587629377841949 
1492	 0.587908327579498 
1493	 0.588242650032043 
1494	 0.588642179965973 
1495	 0.589055478572845 
1496	 0.58950662612915 
1497	 0.589982986450195 
1498	 0.59050452709198 
1499	 0.591020226478577 
1500	 0.591558039188385 
1501	 0.592100441455841 
1502	 0.59266209602356 
1503	 0.593198359012604 
1504	 0.593741893768311 
1505	 0.594267904758453 
1506	 0.594769299030304 
1507	 0.595264673233032 
1508	 0.595773756504059 
1509	 0.596238851547241 
1510	 0.596691787242889 
1511	 0.597092926502228 
1512	 0.597438514232636 
1513	 0.59777170419693 
1514	 0.598084092140198 
1515	 0.598349094390869 
1516	 0.598562180995941 
1517	 0.598777651786804 
1518	 0.59895384311676 
1519	 0.599122822284698 
1520	 0.599298357963562 
1521	 0.599463999271393 
1522	 0.599577307701111 
1523	 0.599663734436035 
1524	 0.599741101264954 
1525	 0.599791288375854 
1526	 0.599839448928833 
1527	 0.599883437156677 
1528	 0.599894523620605 
1529	 0.599890172481537 
1530	 0.599852204322815 
1531	 0.599776566028595 
1532	 0.599708378314972 
1533	 0.599605202674866 
1534	 0.599547743797302 
1535	 0.59949654340744 
1536	 0.599472343921661 
1537	 0.599481582641602 
1538	 0.599477708339691 
1539	 0.599466323852539 
1540	 0.599508106708527 
1541	 0.599555969238281 
1542	 0.599658250808716 
1543	 0.599815964698792 
1544	 0.599987685680389 
1545	 0.600187003612518 
1546	 0.600412845611572 
1547	 0.600694000720978 
1548	 0.600936233997345 
1549	 0.601207554340363 
1550	 0.601418077945709 
1551	 0.601592183113098 
1552	 0.601752460002899 
1553	 0.601863145828247 
1554	 0.602007508277893 
1555	 0.602150619029999 
1556	 0.60229480266571 
1557	 0.602463901042938 
1558	 0.602598190307617 
1559	 0.602714836597443 
1560	 0.602822780609131 
1561	 0.60290914773941 
1562	 0.603000223636627 
1563	 0.603080272674561 
1564	 0.603168547153473 
1565	 0.603236317634583 
1566	 0.603352963924408 
1567	 0.603504121303558 
1568	 0.603643417358398 
1569	 0.603811860084534 
1570	 0.603968322277069 
1571	 0.604111909866333 
1572	 0.604257881641388 
1573	 0.604426681995392 
1574	 0.604561150074005 
1575	 0.604672014713287 
1576	 0.604781091213226 
1577	 0.604873776435852 
1578	 0.604962587356567 
1579	 0.605054259300232 
1580	 0.605123519897461 
1581	 0.605175793170929 
1582	 0.605219900608063 
1583	 0.605231106281281 
1584	 0.605268061161041 
1585	 0.605298519134521 
1586	 0.605354487895966 
1587	 0.605438530445099 
1588	 0.605519831180573 
1589	 0.605612993240356 
1590	 0.605708181858063 
1591	 0.60581636428833 
1592	 0.605909109115601 
1593	 0.605991184711456 
1594	 0.606086909770966 
1595	 0.606172382831573 
1596	 0.606274902820587 
1597	 0.606402575969696 
1598	 0.606522977352142 
1599	 0.606651365756989 
1600	 0.606767654418945 
1601	 0.606888651847839 
1602	 0.606989741325378 
1603	 0.607094585895538 
1604	 0.607156991958618 
1605	 0.607173502445221 
1606	 0.607200264930725 
1607	 0.607192754745483 
1608	 0.607200801372528 
1609	 0.607231557369232 
1610	 0.607246220111847 
1611	 0.607276380062103 
1612	 0.60725861787796 
1613	 0.607201039791107 
1614	 0.60714590549469 
1615	 0.607044279575348 
1616	 0.606969594955444 
1617	 0.606927573680878 
1618	 0.606859266757965 
1619	 0.606771767139435 
1620	 0.606699526309967 
1621	 0.606637358665466 
1622	 0.606546938419342 
1623	 0.606490254402161 
1624	 0.606358170509338 
1625	 0.606146335601807 
1626	 0.605949580669403 
1627	 0.605713725090027 
1628	 0.605486869812012 
1629	 0.605228424072266 
1630	 0.605032920837402 
1631	 0.604841768741608 
1632	 0.604702115058899 
1633	 0.604664206504822 
1634	 0.604588687419891 
1635	 0.604528963565826 
1636	 0.604451656341553 
1637	 0.604344487190247 
1638	 0.604259490966797 
1639	 0.604160189628601 
1640	 0.604101955890656 
1641	 0.604105114936829 
1642	 0.604063928127289 
1643	 0.604060590267181 
1644	 0.603984773159027 
1645	 0.60385650396347 
1646	 0.603692948818207 
1647	 0.603483140468597 
1648	 0.603241741657257 
1649	 0.602971017360687 
1650	 0.602644145488739 
1651	 0.602263808250427 
1652	 0.60186380147934 
1653	 0.6014524102211 
1654	 0.600951671600342 
1655	 0.600400328636169 
1656	 0.599786281585693 
1657	 0.599079072475433 
1658	 0.59833037853241 
1659	 0.597544312477112 
1660	 0.596702575683594 
1661	 0.595823884010315 
1662	 0.594837963581085 
1663	 0.593774855136871 
1664	 0.592629790306091 
1665	 0.591402292251587 
1666	 0.590059459209442 
1667	 0.588646233081818 
1668	 0.58712512254715 
1669	 0.585502743721008 
1670	 0.583738267421722 
1671	 0.581845462322235 
1672	 0.579843163490295 
1673	 0.577691733837128 
1674	 0.575440585613251 
1675	 0.573098480701447 
1676	 0.570674121379852 
1677	 0.568101704120636 
1678	 0.565518617630005 
1679	 0.562840819358826 
1680	 0.560147941112518 
1681	 0.557450413703918 
1682	 0.554624617099762 
1683	 0.551721274852753 
1684	 0.548827409744263 
1685	 0.545829236507416 
1686	 0.542861759662628 
1687	 0.539869964122772 
1688	 0.53690493106842 
1689	 0.533894121646881 
1690	 0.530974984169006 
1691	 0.528112351894379 
1692	 0.525380492210388 
1693	 0.522725224494934 
1694	 0.520153820514679 
1695	 0.517671167850494 
1696	 0.515252351760864 
1697	 0.51291561126709 
1698	 0.510605871677399 
1699	 0.508404433727264 
1700	 0.506247997283936 
1701	 0.504114270210266 
1702	 0.502052843570709 
1703	 0.500038385391235 
1704	 0.498096406459808 
1705	 0.496193587779999 
1706	 0.494342595338821 
1707	 0.492723286151886 
1708	 0.49117237329483 
1709	 0.48971688747406 
1710	 0.488388001918793 
1711	 0.487064808607101 
1712	 0.485837936401367 
1713	 0.484665483236313 
1714	 0.483532130718231 
1715	 0.482516229152679 
1716	 0.481518656015396 
1717	 0.480573266744614 
1718	 0.479685127735138 
1719	 0.478800177574158 
1720	 0.477985978126526 
1721	 0.477214932441711 
1722	 0.476506173610687 
1723	 0.475906610488892 
1724	 0.475345432758331 
1725	 0.474867701530457 
1726	 0.474482297897339 
1727	 0.474205374717712 
1728	 0.474073350429535 
1729	 0.474123865365982 
1730	 0.47440367937088 
1731	 0.47483828663826 
1732	 0.475481957197189 
1733	 0.476245433092117 
1734	 0.47710844874382 
1735	 0.478137731552124 
1736	 0.479173988103867 
1737	 0.480145037174225 
1738	 0.481042921543121 
1739	 0.48176121711731 
1740	 0.48234361410141 
1741	 0.482824683189392 
1742	 0.483161568641663 
1743	 0.483427166938782 
1744	 0.483554542064667 
1745	 0.483661293983459 
1746	 0.483647018671036 
1747	 0.48369425535202 
1748	 0.483697384595871 
1749	 0.483796387910843 
1750	 0.483940005302429 
1751	 0.484145790338516 
1752	 0.484390705823898 
1753	 0.484750747680664 
1754	 0.48519167304039 
1755	 0.485677987337112 
1756	 0.486243814229965 
1757	 0.486873090267181 
1758	 0.487634778022766 
1759	 0.488501787185669 
1760	 0.489479780197144 
1761	 0.490551620721817 
1762	 0.491647243499756 
1763	 0.492874830961227 
1764	 0.494183987379074 
1765	 0.49562868475914 
1766	 0.497322171926498 
1767	 0.49906998872757 
1768	 0.50093412399292 
1769	 0.502865016460419 
1770	 0.504662573337555 
1771	 0.506529986858368 
1772	 0.508378744125366 
1773	 0.510101497173309 
1774	 0.511849105358124 
1775	 0.513460755348206 
1776	 0.514996707439423 
1777	 0.516492486000061 
1778	 0.517765820026398 
1779	 0.51897794008255 
1780	 0.520072758197784 
1781	 0.521024763584137 
1782	 0.52199375629425 
1783	 0.522824168205261 
1784	 0.52354770898819 
1785	 0.524181663990021 
1786	 0.524791181087494 
1787	 0.525357902050018 
1788	 0.525896787643433 
1789	 0.526391327381134 
1790	 0.526859164237976 
1791	 0.527302920818329 
1792	 0.527704954147339 
1793	 0.528054177761078 
1794	 0.528381109237671 
1795	 0.528664529323578 
1796	 0.528956174850464 
1797	 0.529258131980896 
1798	 0.52953565120697 
1799	 0.529855251312256 
1800	 0.530186891555786 
1801	 0.512199223041534 
1802	 0.513576567173004 
1803	 0.514737725257874 
1804	 0.515783607959747 
1805	 0.516886353492737 
1806	 0.517813563346863 
1807	 0.518613219261169 
1808	 0.51936411857605 
1809	 0.520047724246979 
1810	 0.520641922950745 
1811	 0.521150171756744 
1812	 0.52160370349884 
1813	 0.521949827671051 
1814	 0.52227920293808 
1815	 0.522595167160034 
1816	 0.522862911224365 
1817	 0.523177027702332 
1818	 0.523508369922638 
1819	 0.523830115795136 
1820	 0.52415144443512 
1821	 0.524488747119904 
1822	 0.524830937385559 
1823	 0.52518755197525 
1824	 0.525532901287079 
1825	 0.525874555110931 
1826	 0.526194095611572 
1827	 0.526489675045013 
1828	 0.526772975921631 
1829	 0.52703332901001 
1830	 0.52731055021286 
1831	 0.527576565742493 
1832	 0.527858793735504 
1833	 0.528124570846558 
1834	 0.528404116630554 
1835	 0.528655886650085 
1836	 0.528901338577271 
1837	 0.529195368289948 
1838	 0.529489755630493 
1839	 0.529842138290405 
1840	 0.53025221824646 
1841	 0.530667722225189 
1842	 0.531115829944611 
1843	 0.531591594219208 
1844	 0.532079517841339 
1845	 0.532522022724152 
1846	 0.532950520515442 
1847	 0.533358871936798 
1848	 0.533754587173462 
1849	 0.534164786338806 
1850	 0.534491181373596 
1851	 0.534791231155396 
1852	 0.535040140151978 
1853	 0.535201191902161 
1854	 0.535297155380249 
1855	 0.535357594490051 
1856	 0.535401046276093 
1857	 0.535405099391937 
1858	 0.535345613956451 
1859	 0.535261869430542 
1860	 0.535161018371582 
1861	 0.534985959529877 
1862	 0.534778833389282 
1863	 0.534504115581512 
1864	 0.534115612506866 
1865	 0.533662617206573 
1866	 0.5330610871315 
1867	 0.53236335515976 
1868	 0.531595289707184 
1869	 0.530735731124878 
1870	 0.529896020889282 
1871	 0.528978407382965 
1872	 0.528160214424133 
1873	 0.527378380298615 
1874	 0.526612162590027 
1875	 0.525905907154083 
1876	 0.525110840797424 
1877	 0.524296462535858 
1878	 0.523383796215057 
1879	 0.52232164144516 
1880	 0.521229088306427 
1881	 0.519960939884186 
1882	 0.518532633781433 
1883	 0.51703006029129 
1884	 0.515369117259979 
1885	 0.513441026210785 
1886	 0.51144927740097 
1887	 0.509251296520233 
1888	 0.506881475448608 
1889	 0.504599034786224 
1890	 0.502171158790588 
1891	 0.499715566635132 
1892	 0.49725130200386 
1893	 0.494602799415588 
1894	 0.491778373718262 
1895	 0.488991856575012 
1896	 0.486036449670792 
1897	 0.482945144176483 
1898	 0.480033785104752 
1899	 0.476915627717972 
1900	 0.473828911781311 
1901	 0.47080984711647 
1902	 0.467539072036743 
1903	 0.464433938264847 
1904	 0.461312592029572 
1905	 0.458149135112762 
1906	 0.454967856407166 
1907	 0.452074259519577 
1908	 0.449076324701309 
1909	 0.446147948503494 
1910	 0.443328499794006 
1911	 0.440325975418091 
1912	 0.437419086694717 
1913	 0.434532701969147 
1914	 0.431618541479111 
1915	 0.42894920706749 
1916	 0.426470667123795 
1917	 0.424024552106857 
1918	 0.421749413013458 
1919	 0.41969707608223 
1920	 0.4176265001297 
1921	 0.415823996067047 
1922	 0.414122104644775 
1923	 0.412543058395386 
1924	 0.411202728748322 
1925	 0.409862756729126 
1926	 0.4085373878479 
1927	 0.407340258359909 
1928	 0.406032979488373 
1929	 0.404668718576431 
1930	 0.403343230485916 
1931	 0.402004599571228 
1932	 0.400642395019531 
1933	 0.399430990219116 
1934	 0.398232877254486 
1935	 0.397103577852249 
1936	 0.396093875169754 
1937	 0.395150244235992 
1938	 0.394219547510147 
1939	 0.393510580062866 
1940	 0.392914891242981 
1941	 0.392474979162216 
1942	 0.392234712839127 
1943	 0.392131567001343 
1944	 0.392134428024292 
1945	 0.392284244298935 
1946	 0.392568796873093 
1947	 0.392917364835739 
1948	 0.393446654081345 
1949	 0.39412397146225 
1950	 0.394885569810867 
1951	 0.395772695541382 
1952	 0.396794885396957 
1953	 0.397912383079529 
1954	 0.399166256189346 
1955	 0.400630861520767 
1956	 0.402106612920761 
1957	 0.403671681880951 
1958	 0.405272871255875 
1959	 0.406694233417511 
1960	 0.408097147941589 
1961	 0.40937739610672 
1962	 0.410526812076569 
1963	 0.411594390869141 
1964	 0.412605464458466 
1965	 0.413470953702927 
1966	 0.414212465286255 
1967	 0.414873540401459 
1968	 0.415407180786133 
1969	 0.41591289639473 
1970	 0.416394382715225 
1971	 0.416872650384903 
1972	 0.417398601770401 
1973	 0.417958706617355 
1974	 0.418535768985748 
1975	 0.419172823429108 
1976	 0.419777095317841 
1977	 0.420377939939499 
1978	 0.420982301235199 
1979	 0.42157182097435 
1980	 0.422181785106659 
1981	 0.422837316989899 
1982	 0.423459678888321 
1983	 0.424116134643555 
1984	 0.424787372350693 
1985	 0.425423115491867 
1986	 0.426123410463333 
1987	 0.426852375268936 
1988	 0.427569001913071 
1989	 0.428395867347717 
1990	 0.429268658161163 
1991	 0.430229842662811 
1992	 0.431287199258804 
1993	 0.432428985834122 
1994	 0.433554530143738 
1995	 0.434759318828583 
1996	 0.435920745134354 
1997	 0.437106788158417 
1998	 0.438337087631226 
1999	 0.439618706703186 
2000	 0.440839916467667 
2001	 0.442149758338928 
2002	 0.443286508321762 
2003	 0.444317847490311 
2004	 0.445354491472244 
2005	 0.446304053068161 
2006	 0.447235465049744 
2007	 0.44817852973938 
2008	 0.449029475450516 
2009	 0.449838161468506 
2010	 0.450608253479004 
2011	 0.451304078102112 
2012	 0.452010214328766 
2013	 0.452657729387283 
2014	 0.453239291906357 
2015	 0.453823089599609 
2016	 0.454385548830032 
2017	 0.454909920692444 
2018	 0.455439507961273 
2019	 0.455890983343124 
2020	 0.456278145313263 
2021	 0.456654578447342 
2022	 0.456952154636383 
2023	 0.457179397344589 
2024	 0.457358688116074 
2025	 0.457448095083237 
2026	 0.457513362169266 
2027	 0.457504004240036 
2028	 0.457487791776657 
2029	 0.45745125412941 
2030	 0.457364529371262 
2031	 0.457242965698242 
2032	 0.457078188657761 
2033	 0.456863224506378 
2034	 0.45661723613739 
2035	 0.45633739233017 
2036	 0.456006109714508 
2037	 0.455646812915802 
2038	 0.455235242843628 
2039	 0.454819113016129 
2040	 0.454363256692886 
2041	 0.453908979892731 
2042	 0.453426837921143 
2043	 0.452977955341339 
2044	 0.452527552843094 
2045	 0.452081888914108 
2046	 0.451667547225952 
2047	 0.451222211122513 
2048	 0.450760692358017 
2049	 0.450297117233276 
2050	 0.449806451797485 
2051	 0.449343353509903 
2052	 0.448884308338165 
2053	 0.448429763317108 
2054	 0.448006898164749 
2055	 0.447613745927811 
2056	 0.44721457362175 
2057	 0.446858257055283 
2058	 0.44645157456398 
2059	 0.446019619703293 
2060	 0.445602923631668 
2061	 0.445140570402145 
2062	 0.444724828004837 
2063	 0.444334864616394 
2064	 0.443967133760452 
2065	 0.443622291088104 
2066	 0.44330096244812 
2067	 0.442997366189957 
2068	 0.44270458817482 
2069	 0.442412823438644 
2070	 0.442126303911209 
2071	 0.441857635974884 
2072	 0.441599607467651 
2073	 0.441345989704132 
2074	 0.44113153219223 
2075	 0.440864831209183 
2076	 0.440564155578613 
2077	 0.440289199352264 
2078	 0.439996063709259 
2079	 0.439715296030045 
2080	 0.439477652311325 
2081	 0.439207494258881 
2082	 0.438922196626663 
2083	 0.438620060682297 
2084	 0.438321381807327 
2085	 0.438003480434418 
2086	 0.437661379575729 
2087	 0.437289446592331 
2088	 0.436938315629959 
2089	 0.436569839715958 
2090	 0.436204016208649 
2091	 0.435847967863083 
2092	 0.435494154691696 
2093	 0.435130834579468 
2094	 0.434773713350296 
2095	 0.434417903423309 
2096	 0.434079736471176 
2097	 0.433747798204422 
2098	 0.43342325091362 
2099	 0.433108121156693 
2100	 0.432788282632828 
2101	 0.432455122470856 
2102	 0.43210956454277 
2103	 0.431752949953079 
2104	 0.431379407644272 
2105	 0.431023567914963 
2106	 0.430658310651779 
2107	 0.430296540260315 
2108	 0.429944455623627 
2109	 0.429599821567535 
2110	 0.429251492023468 
2111	 0.428909510374069 
2112	 0.428581148386002 
2113	 0.428255617618561 
2114	 0.427943259477615 
2115	 0.427610725164413 
2116	 0.427278399467468 
2117	 0.426942646503448 
2118	 0.426590144634247 
2119	 0.426206111907959 
2120	 0.425853997468948 
2121	 0.425493150949478 
2122	 0.425172835588455 
2123	 0.424883097410202 
2124	 0.424583524465561 
2125	 0.424336045980453 
2126	 0.424019604921341 
2127	 0.423662960529327 
2128	 0.423315465450287 
2129	 0.422942578792572 
2130	 0.422563165426254 
2131	 0.422187685966492 
2132	 0.421799063682556 
2133	 0.421375513076782 
2134	 0.420977801084518 
2135	 0.420560419559479 
2136	 0.420140087604523 
2137	 0.41971030831337 
2138	 0.419258236885071 
2139	 0.418821752071381 
2140	 0.418376922607422 
2141	 0.41796213388443 
2142	 0.417569279670715 
2143	 0.417168825864792 
2144	 0.416769713163376 
2145	 0.416399419307709 
2146	 0.41603410243988 
2147	 0.41568386554718 
2148	 0.415355026721954 
2149	 0.415047973394394 
2150	 0.414778172969818 
2151	 0.414482772350311 
2152	 0.414196074008942 
2153	 0.413923710584641 
2154	 0.413620054721832 
2155	 0.413256794214249 
2156	 0.412907212972641 
2157	 0.412552833557129 
2158	 0.412180244922638 
2159	 0.41178622841835 
2160	 0.411394387483597 
2161	 0.410994112491608 
2162	 0.410590350627899 
2163	 0.410168945789337 
2164	 0.409765541553497 
2165	 0.409353017807007 
2166	 0.40896737575531 
2167	 0.408604323863983 
2168	 0.408244073390961 
2169	 0.407906413078308 
2170	 0.40755957365036 
2171	 0.407183349132538 
2172	 0.406857877969742 
2173	 0.406560391187668 
2174	 0.406264871358871 
2175	 0.405991971492767 
2176	 0.405784845352173 
2177	 0.405578911304474 
2178	 0.405381590127945 
2179	 0.405226647853851 
2180	 0.405130803585052 
2181	 0.404987931251526 
2182	 0.404853314161301 
2183	 0.404707878828049 
2184	 0.40455949306488 
2185	 0.404377013444901 
2186	 0.404183030128479 
2187	 0.403980404138565 
2188	 0.403740018606186 
2189	 0.403501391410828 
2190	 0.403284192085266 
2191	 0.40302237868309 
2192	 0.402724176645279 
2193	 0.402417570352554 
2194	 0.402105569839478 
2195	 0.401751846075058 
2196	 0.40135583281517 
2197	 0.400960087776184 
2198	 0.400574415922165 
2199	 0.400093048810959 
2200	 0.399586796760559 
2201	 0.399052739143372 
2202	 0.398490995168686 
2203	 0.397867560386658 
2204	 0.39724937081337 
2205	 0.396619617938995 
2206	 0.395977109670639 
2207	 0.395287930965424 
2208	 0.394632548093796 
2209	 0.394014865159988 
2210	 0.393339872360229 
2211	 0.392652124166489 
2212	 0.391948252916336 
2213	 0.391187846660614 
2214	 0.39045661687851 
2215	 0.38975778222084 
2216	 0.389011710882187 
2217	 0.38826659321785 
2218	 0.387477308511734 
2219	 0.38663050532341 
2220	 0.385787010192871 
2221	 0.384920209646225 
2222	 0.38404056429863 
2223	 0.383193731307983 
2224	 0.382276684045792 
2225	 0.381309449672699 
2226	 0.380274474620819 
2227	 0.37914901971817 
2228	 0.377951920032501 
2229	 0.376646667718887 
2230	 0.375241547822952 
2231	 0.373760223388672 
2232	 0.372194707393646 
2233	 0.370490461587906 
2234	 0.368739902973175 
2235	 0.366766721010208 
2236	 0.364598274230957 
2237	 0.362348884344101 
2238	 0.359907954931259 
2239	 0.357408732175827 
2240	 0.354841709136963 
2241	 0.352107882499695 
2242	 0.349330246448517 
2243	 0.346282422542572 
2244	 0.342966556549072 
2245	 0.339614450931549 
2246	 0.335926055908203 
2247	 0.332372188568115 
2248	 0.328922033309937 
2249	 0.325295686721802 
2250	 0.321586668491364 
2251	 0.317937850952148 
2252	 0.313909530639648 
2253	 0.309962838888168 
2254	 0.305942744016647 
2255	 0.301797211170197 
2256	 0.297984749078751 
2257	 0.294114589691162 
2258	 0.290349125862122 
2259	 0.286794036626816 
2260	 0.283059358596802 
2261	 0.279202789068222 
2262	 0.275570243597031 
2263	 0.271839618682861 
2264	 0.268498927354813 
2265	 0.265439659357071 
2266	 0.262427657842636 
2267	 0.259692341089249 
2268	 0.256909936666489 
2269	 0.254136472940445 
2270	 0.251570135354996 
2271	 0.249082043766975 
2272	 0.246748596429825 
2273	 0.24469368159771 
2274	 0.242538496851921 
2275	 0.24052406847477 
2276	 0.238389894366264 
2277	 0.236189052462578 
2278	 0.233996480703354 
2279	 0.231723204255104 
2280	 0.229478865861893 
2281	 0.2272939234972 
2282	 0.225021034479141 
2283	 0.222709685564041 
2284	 0.220411613583565 
2285	 0.217900484800339 
2286	 0.21547657251358 
2287	 0.213027447462082 
2288	 0.210542142391205 
2289	 0.208237886428833 
2290	 0.205881670117378 
2291	 0.203603371977806 
2292	 0.201345831155777 
2293	 0.198915794491768 
2294	 0.196612134575844 
2295	 0.194333463907242 
2296	 0.192058727145195 
2297	 0.190003022551537 
2298	 0.18809711933136 
2299	 0.186357423663139 
2300	 0.18476065993309 
2301	 0.183358713984489 
2302	 0.182149142026901 
2303	 0.181157693266869 
2304	 0.180322423577309 
2305	 0.179759055376053 
2306	 0.17950876057148 
2307	 0.179352089762688 
2308	 0.179410055279732 
2309	 0.179620608687401 
2310	 0.179945647716522 
2311	 0.180529341101646 
2312	 0.181377172470093 
2313	 0.182359173893929 
2314	 0.183568611741066 
2315	 0.184945851564407 
2316	 0.186553910374641 
2317	 0.188210666179657 
2318	 0.19019578397274 
2319	 0.191909432411194 
2320	 0.193723231554031 
2321	 0.195184260606766 
2322	 0.19639553129673 
2323	 0.197479069232941 
2324	 0.198262140154839 
2325	 0.199015721678734 
2326	 0.199681743979454 
2327	 0.200213357806206 
2328	 0.200619488954544 
2329	 0.200934216380119 
2330	 0.201098367571831 
2331	 0.201179519295692 
2332	 0.201200351119041 
2333	 0.201196119189262 
2334	 0.201166391372681 
2335	 0.201065570116043 
2336	 0.200959384441376 
2337	 0.200846612453461 
2338	 0.200665220618248 
2339	 0.200458809733391 
2340	 0.2002282589674 
2341	 0.199923679232597 
2342	 0.199593305587769 
2343	 0.199338272213936 
2344	 0.199147209525108 
2345	 0.199024185538292 
2346	 0.198990389704704 
2347	 0.199055477976799 
2348	 0.199277073144913 
2349	 0.199670523405075 
2350	 0.20032562315464 
2351	 0.201220065355301 
2352	 0.202365130186081 
2353	 0.203711420297623 
2354	 0.205039978027344 
2355	 0.206569537520409 
2356	 0.208068117499352 
2357	 0.209532409906387 
2358	 0.211186841130257 
2359	 0.21271450817585 
2360	 0.214157730340958 
2361	 0.215435698628426 
2362	 0.216420739889145 
2363	 0.217271581292152 
2364	 0.217949047684669 
2365	 0.218500599265099 
2366	 0.219092667102814 
2367	 0.219571620225906 
2368	 0.219924256205559 
2369	 0.220212951302528 
2370	 0.220424175262451 
2371	 0.220642745494843 
2372	 0.220932215452194 
2373	 0.221280336380005 
2374	 0.221561715006828 
2375	 0.221749126911163 
2376	 0.221853509545326 
2377	 0.221892416477203 
2378	 0.221868574619293 
2379	 0.221721112728119 
2380	 0.221591800451279 
2381	 0.221507653594017 
2382	 0.221346065402031 
2383	 0.221148133277893 
2384	 0.220990717411041 
2385	 0.220749825239182 
2386	 0.22057232260704 
2387	 0.220460444688797 
2388	 0.220436155796051 
2389	 0.220504477620125 
2390	 0.220459938049316 
2391	 0.220428496599197 
2392	 0.220360592007637 
2393	 0.220196142792702 
2394	 0.220086693763733 
2395	 0.220089018344879 
2396	 0.219962760806084 
2397	 0.219677820801735 
2398	 0.219526320695877 
2399	 0.219367459416389 
2400	 0.219250917434692 
2401	 0.219263911247253 
2402	 0.219218343496323 
2403	 0.219126880168915 
2404	 0.219011425971985 
2405	 0.218912124633789 
2406	 0.218866884708405 
2407	 0.218896940350533 
2408	 0.218969166278839 
2409	 0.218999356031418 
2410	 0.218959227204323 
2411	 0.218891009688377 
2412	 0.218807369470596 
2413	 0.218724727630615 
2414	 0.218754827976227 
2415	 0.218771412968636 
2416	 0.21869558095932 
2417	 0.218685626983643 
2418	 0.218675792217255 
2419	 0.218719780445099 
2420	 0.218796014785767 
2421	 0.218763306736946 
2422	 0.218697249889374 
2423	 0.218518435955048 
2424	 0.218368768692017 
2425	 0.218231528997421 
2426	 0.21812316775322 
2427	 0.218107059597969 
2428	 0.217972159385681 
2429	 0.217941552400589 
2430	 0.217955484986305 
2431	 0.217855960130692 
2432	 0.217646330595016 
2433	 0.217345252633095 
2434	 0.216992288827896 
2435	 0.216499388217926 
2436	 0.216173440217972 
2437	 0.216037109494209 
2438	 0.215772747993469 
2439	 0.215476840734482 
2440	 0.2153440117836 
2441	 0.215120986104012 
2442	 0.214787125587463 
2443	 0.214602395892143 
2444	 0.21436271071434 
2445	 0.214084178209305 
2446	 0.213890165090561 
2447	 0.213623732328415 
2448	 0.213159382343292 
2449	 0.212628692388535 
2450	 0.21221299469471 
2451	 0.211895883083344 
2452	 0.21167616546154 
2453	 0.211369693279266 
2454	 0.210841536521912 
2455	 0.210151150822639 
2456	 0.209360748529434 
2457	 0.208760887384415 
2458	 0.20832459628582 
2459	 0.207756534218788 
2460	 0.207206174731255 
2461	 0.206654936075211 
2462	 0.206056281924248 
2463	 0.205725461244583 
2464	 0.205520167946815 
2465	 0.205059587955475 
2466	 0.204569429159164 
2467	 0.204212486743927 
2468	 0.20388999581337 
2469	 0.203883245587349 
2470	 0.20411129295826 
2471	 0.204253226518631 
2472	 0.204150900244713 
2473	 0.204054802656174 
2474	 0.204040050506592 
2475	 0.203786388039589 
2476	 0.203638836741447 
2477	 0.203810080885887 
2478	 0.20398822426796 
2479	 0.204201593995094 
2480	 0.204753696918488 
2481	 0.204832538962364 
2482	 0.204441383481026 
2483	 0.204095587134361 
2484	 0.204154804348946 
2485	 0.204279527068138 
2486	 0.204727739095688 
2487	 0.205194771289825 
2488	 0.205224424600601 
2489	 0.205238595604897 
2490	 0.205258429050446 
2491	 0.205926164984703 
2492	 0.206849813461304 
2493	 0.207443103194237 
2494	 0.208002462983131 
2495	 0.20831273496151 
2496	 0.208746582269669 
2497	 0.20951347053051 
2498	 0.210292711853981 
2499	 0.21087858080864 
2500	 0.211096957325935 
