Wavelength	Echave.022
350	 0.146069169044495 
351	 0.147285386919975 
352	 0.14482669532299 
353	 0.135952085256577 
354	 0.134452566504478 
355	 0.124031521379948 
356	 0.116658695042133 
357	 0.120972074568272 
358	 0.118768192827702 
359	 0.109288580715656 
360	 0.101983219385147 
361	 0.108077980577946 
362	 0.109703302383423 
363	 0.107904970645905 
364	 0.104617856442928 
365	 0.100323125720024 
366	 9.75802317261696E-02 
367	 0.096716083586216 
368	 9.68824103474617E-02 
369	 9.58810523152351E-02 
370	 9.40293744206429E-02 
371	 9.28210467100143E-02 
372	 9.38012078404427E-02 
373	 9.33301970362663E-02 
374	 9.33149382472038E-02 
375	 9.43830162286758E-02 
376	 9.46441516280174E-02 
377	 9.54111069440842E-02 
378	 9.50213447213173E-02 
379	 9.28147807717323E-02 
380	 9.34464931488037E-02 
381	 9.61114019155502E-02 
382	 9.87164005637169E-02 
383	 9.88470390439034E-02 
384	 9.74188521504402E-02 
385	 9.70224291086197E-02 
386	 9.84522551298141E-02 
387	 9.97830629348755E-02 
388	 0.100706189870834 
389	 0.101447068154812 
390	 0.102183900773525 
391	 0.101982459425926 
392	 0.102547012269497 
393	 0.104037635028362 
394	 0.105534501373768 
395	 0.106344729661942 
396	 0.107437387108803 
397	 0.108726806938648 
398	 0.107996486127377 
399	 0.108424864709377 
400	 0.109230987727642 
401	 0.10905709862709 
402	 0.109014838933945 
403	 0.109799891710281 
404	 0.110459335148335 
405	 0.109233260154724 
406	 0.109758995473385 
407	 0.111147738993168 
408	 0.111971408128738 
409	 0.11090761423111 
410	 0.110446035861969 
411	 0.110705129802227 
412	 0.110923133790493 
413	 0.110257111489773 
414	 0.10978377610445 
415	 0.109714910387993 
416	 0.109429754316807 
417	 0.108642540872097 
418	 0.108315333724022 
419	 0.10879423469305 
420	 0.108616858720779 
421	 0.108139835298061 
422	 0.107961542904377 
423	 0.108494386076927 
424	 0.108308605849743 
425	 0.107902847230434 
426	 0.107661493122578 
427	 0.107656270265579 
428	 0.108147725462914 
429	 0.108249060809612 
430	 0.107506461441517 
431	 0.107369460165501 
432	 0.107616305351257 
433	 0.107747495174408 
434	 0.107260666787624 
435	 0.107071295380592 
436	 0.107044972479343 
437	 0.107057794928551 
438	 0.107207983732224 
439	 0.107193008065224 
440	 0.107057891786098 
441	 0.106947220861912 
442	 0.106971338391304 
443	 0.106753036379814 
444	 0.106432221829891 
445	 0.106512777507305 
446	 0.106481939554214 
447	 0.106398090720177 
448	 0.106316037476063 
449	 0.106067351996899 
450	 0.105846084654331 
451	 0.105623804032803 
452	 0.105336733162403 
453	 0.105243541300297 
454	 0.105182945728302 
455	 0.104993291199207 
456	 0.104557737708092 
457	 0.104318633675575 
458	 0.104200221598148 
459	 0.104039959609509 
460	 0.103799238801003 
461	 0.103541612625122 
462	 0.103337943553925 
463	 0.103212051093578 
464	 0.102757707238197 
465	 0.10235471278429 
466	 0.102172873914242 
467	 0.101938188076019 
468	 0.10157585144043 
469	 0.101191125810146 
470	 0.10088873654604 
471	 0.100489817559719 
472	 0.100208424031734 
473	 9.99772772192955E-02 
474	 9.95273217558861E-02 
475	 9.91588830947876E-02 
476	 9.88154038786888E-02 
477	 9.84288156032562E-02 
478	 9.80347692966461E-02 
479	 0.097617506980896 
480	 9.72119867801666E-02 
481	 9.68640223145485E-02 
482	 0.096574030816555 
483	 9.61973071098328E-02 
484	 9.58086028695107E-02 
485	 9.57305282354355E-02 
486	 0.095507837831974 
487	 9.52923968434334E-02 
488	 9.52167809009552E-02 
489	 0.094906710088253 
490	 9.46107357740402E-02 
491	 9.44191217422485E-02 
492	 0.094306617975235 
493	 9.41201075911522E-02 
494	 9.39809754490852E-02 
495	 9.39293056726456E-02 
496	 9.38113555312157E-02 
497	 9.38038527965546E-02 
498	 9.38530117273331E-02 
499	 9.38635244965553E-02 
500	 9.39019694924355E-02 
501	 9.39194411039352E-02 
502	 0.093939021229744 
503	 9.40410569310188E-02 
504	 9.40914079546928E-02 
505	 9.41862091422081E-02 
506	 9.43619385361671E-02 
507	 9.44239869713783E-02 
508	 9.43826362490654E-02 
509	 9.43424254655838E-02 
510	 9.44081917405128E-02 
511	 9.43375900387764E-02 
512	 9.42682027816772E-02 
513	 9.42592024803162E-02 
514	 9.42277982831001E-02 
515	 9.41879525780678E-02 
516	 9.41134840250015E-02 
517	 9.40041914582253E-02 
518	 9.39719527959824E-02 
519	 9.39728543162346E-02 
520	 9.39837098121643E-02 
521	 9.40010473132133E-02 
522	 9.40564200282097E-02 
523	 9.41381305456162E-02 
524	 9.42461267113686E-02 
525	 9.44152697920799E-02 
526	 9.46459174156189E-02 
527	 9.48963388800621E-02 
528	 9.51316058635712E-02 
529	 9.54523608088493E-02 
530	 9.57594215869904E-02 
531	 9.60545241832733E-02 
532	 9.64539498090744E-02 
533	 9.69086289405823E-02 
534	 9.74083766341209E-02 
535	 9.79251936078072E-02 
536	 9.83586460351944E-02 
537	 9.87835228443146E-02 
538	 0.099282868206501 
539	 9.99118536710739E-02 
540	 0.100438311696053 
541	 0.100995883345604 
542	 0.101619973778725 
543	 0.102117531001568 
544	 0.102621830999851 
545	 0.103147268295288 
546	 0.103670336306095 
547	 0.10416255146265 
548	 0.104670591652393 
549	 0.105199955403805 
550	 0.105714939534664 
551	 0.106178134679794 
552	 0.106670096516609 
553	 0.107224136590958 
554	 0.107682257890701 
555	 0.108248718082905 
556	 0.108901374042034 
557	 0.109521016478539 
558	 0.110151313245296 
559	 0.110856808722019 
560	 0.111641608178616 
561	 0.112425751984119 
562	 0.113253504037857 
563	 0.114122711122036 
564	 0.115040600299835 
565	 0.116095691919327 
566	 0.117204874753952 
567	 0.118360981345177 
568	 0.11961567401886 
569	 0.120965793728828 
570	 0.122386053204536 
571	 0.123872064054012 
572	 0.125468313694 
573	 0.127176687121391 
574	 0.128960698843002 
575	 0.130785465240479 
576	 0.132709175348282 
577	 0.13472318649292 
578	 0.136843264102936 
579	 0.139112874865532 
580	 0.141475111246109 
581	 0.143933236598969 
582	 0.146505117416382 
583	 0.149191647768021 
584	 0.15198016166687 
585	 0.154848009347916 
586	 0.157777518033981 
587	 0.160836234688759 
588	 0.163937047123909 
589	 0.167035937309265 
590	 0.170179843902588 
591	 0.173364549875259 
592	 0.176557168364525 
593	 0.179725632071495 
594	 0.182858690619469 
595	 0.18598148226738 
596	 0.189118549227715 
597	 0.192282095551491 
598	 0.195371240377426 
599	 0.198425903916359 
600	 0.201481521129608 
601	 0.204477488994598 
602	 0.207447752356529 
603	 0.210367664694786 
604	 0.213196232914925 
605	 0.215992733836174 
606	 0.21867823600769 
607	 0.221248432993889 
608	 0.223797485232353 
609	 0.2263213545084 
610	 0.228743046522141 
611	 0.231013759970665 
612	 0.233214169740677 
613	 0.235391527414322 
614	 0.237533986568451 
615	 0.239594772458076 
616	 0.241591215133667 
617	 0.243537783622742 
618	 0.24544121325016 
619	 0.247299268841743 
620	 0.249086916446686 
621	 0.250832855701447 
622	 0.252561807632446 
623	 0.254177987575531 
624	 0.255744606256485 
625	 0.257292747497559 
626	 0.258813261985779 
627	 0.260260611772537 
628	 0.261657327413559 
629	 0.26303818821907 
630	 0.264439970254898 
631	 0.265754491090775 
632	 0.266985476016998 
633	 0.268193900585175 
634	 0.269449084997177 
635	 0.270664274692535 
636	 0.271809667348862 
637	 0.272939473390579 
638	 0.274023324251175 
639	 0.275077372789383 
640	 0.276125252246857 
641	 0.277181535959244 
642	 0.27821746468544 
643	 0.279216080904007 
644	 0.28017458319664 
645	 0.281124740839005 
646	 0.282060086727142 
647	 0.282975047826767 
648	 0.283870548009872 
649	 0.284778982400894 
650	 0.285680890083313 
651	 0.286554038524628 
652	 0.287442684173584 
653	 0.288294404745102 
654	 0.289118200540543 
655	 0.289968878030777 
656	 0.290786594152451 
657	 0.291587114334106 
658	 0.292404145002365 
659	 0.293294280767441 
660	 0.294120460748672 
661	 0.294922053813934 
662	 0.295776009559631 
663	 0.296560078859329 
664	 0.29736602306366 
665	 0.29821515083313 
666	 0.299047619104385 
667	 0.299887120723724 
668	 0.300719648599625 
669	 0.301547020673752 
670	 0.30243319272995 
671	 0.303302586078644 
672	 0.304156452417374 
673	 0.305026262998581 
674	 0.305868089199066 
675	 0.306738495826721 
676	 0.307634860277176 
677	 0.30847641825676 
678	 0.30938908457756 
679	 0.310332030057907 
680	 0.311251163482666 
681	 0.312174946069717 
682	 0.313155323266983 
683	 0.314155220985413 
684	 0.315106093883514 
685	 0.31612765789032 
686	 0.317133396863937 
687	 0.318109691143036 
688	 0.31917279958725 
689	 0.320222139358521 
690	 0.321259200572968 
691	 0.322316199541092 
692	 0.323429554700851 
693	 0.324562460184097 
694	 0.325688242912292 
695	 0.326790362596512 
696	 0.327860742807388 
697	 0.328956961631775 
698	 0.330094933509827 
699	 0.331217765808105 
700	 0.332335859537125 
701	 0.333441734313965 
702	 0.334532618522644 
703	 0.335633009672165 
704	 0.33672559261322 
705	 0.337795346975327 
706	 0.338831692934036 
707	 0.339827328920364 
708	 0.340814858675003 
709	 0.341799080371857 
710	 0.34272688627243 
711	 0.343663364648819 
712	 0.344584375619888 
713	 0.345453560352325 
714	 0.346289962530136 
715	 0.347165554761887 
716	 0.348026156425476 
717	 0.348747998476028 
718	 0.349522829055786 
719	 0.350243151187897 
720	 0.350869029760361 
721	 0.351539343595505 
722	 0.352259635925293 
723	 0.352956563234329 
724	 0.353574186563492 
725	 0.354246079921722 
726	 0.354866355657578 
727	 0.355441719293594 
728	 0.356049597263336 
729	 0.356589734554291 
730	 0.357141375541687 
731	 0.357724845409393 
732	 0.358225494623184 
733	 0.358735471963882 
734	 0.359258741140366 
735	 0.359784096479416 
736	 0.360352337360382 
737	 0.360840052366257 
738	 0.361283719539642 
739	 0.36180591583252 
740	 0.36225488781929 
741	 0.362694203853607 
742	 0.363154262304306 
743	 0.36357781291008 
744	 0.363997966051102 
745	 0.364431828260422 
746	 0.364875227212906 
747	 0.365269839763641 
748	 0.365654528141022 
749	 0.366050660610199 
750	 0.366463840007782 
751	 0.366869419813156 
752	 0.367286086082459 
753	 0.367688804864883 
754	 0.367994666099548 
755	 0.368381887674332 
756	 0.368775695562363 
757	 0.36909344792366 
758	 0.369399309158325 
759	 0.369773477315903 
760	 0.370176374912262 
761	 0.370519191026688 
762	 0.370825886726379 
763	 0.371118307113647 
764	 0.371429294347763 
765	 0.371796160936356 
766	 0.372115969657898 
767	 0.37240806221962 
768	 0.372710347175598 
769	 0.373046100139618 
770	 0.373373299837112 
771	 0.373678475618362 
772	 0.373963415622711 
773	 0.3742416203022 
774	 0.374544262886047 
775	 0.374858111143112 
776	 0.375139385461807 
777	 0.375429421663284 
778	 0.375737458467484 
779	 0.376043111085892 
780	 0.376283377408981 
781	 0.376541435718536 
782	 0.376829504966736 
783	 0.377125829458237 
784	 0.377370029687881 
785	 0.377617239952087 
786	 0.377899497747421 
787	 0.378218501806259 
788	 0.378476113080978 
789	 0.378755748271942 
790	 0.379056483507156 
791	 0.379266649484634 
792	 0.379575967788696 
793	 0.379892617464066 
794	 0.380135953426361 
795	 0.380398839712143 
796	 0.380644828081131 
797	 0.380894720554352 
798	 0.381170898675919 
799	 0.381404906511307 
800	 0.381657212972641 
801	 0.381945341825485 
802	 0.382240861654282 
803	 0.382456481456757 
804	 0.382681667804718 
805	 0.382962256669998 
806	 0.383241832256317 
807	 0.383504122495651 
808	 0.38374999165535 
809	 0.383992940187454 
810	 0.384263902902603 
811	 0.384524375200272 
812	 0.384776711463928 
813	 0.38503685593605 
814	 0.385285705327988 
815	 0.385511189699173 
816	 0.385733425617218 
817	 0.38599219918251 
818	 0.386218577623367 
819	 0.38645401597023 
820	 0.386714398860931 
821	 0.386947304010391 
822	 0.387174069881439 
823	 0.387416899204254 
824	 0.387678951025009 
825	 0.38789826631546 
826	 0.388171404600143 
827	 0.388439774513245 
828	 0.388605266809464 
829	 0.388780057430267 
830	 0.389030039310455 
831	 0.389328718185425 
832	 0.389576852321625 
833	 0.389788717031479 
834	 0.389990091323853 
835	 0.390195786952972 
836	 0.390397936105728 
837	 0.390638083219528 
838	 0.390883713960648 
839	 0.391098082065582 
840	 0.391285270452499 
841	 0.391474395990372 
842	 0.391691833734512 
843	 0.391943693161011 
844	 0.392158031463623 
845	 0.392360180616379 
846	 0.392586499452591 
847	 0.392860680818558 
848	 0.393062055110931 
849	 0.393250823020935 
850	 0.393453747034073 
851	 0.393631786108017 
852	 0.393891543149948 
853	 0.394151926040649 
854	 0.394350826740265 
855	 0.39454984664917 
856	 0.394761294126511 
857	 0.395018488168716 
858	 0.395319759845734 
859	 0.395526081323624 
860	 0.395791292190552 
861	 0.396073877811432 
862	 0.396263748407364 
863	 0.396504193544388 
864	 0.396752595901489 
865	 0.396995633840561 
866	 0.397250950336456 
867	 0.397470891475677 
868	 0.397692888975143 
869	 0.39791738986969 
870	 0.398084253072739 
871	 0.398373126983643 
872	 0.398682773113251 
873	 0.398928105831146 
874	 0.399206846952438 
875	 0.399414360523224 
876	 0.399629235267639 
877	 0.399927020072937 
878	 0.400162696838379 
879	 0.400398582220078 
880	 0.400638550519943 
881	 0.40086355805397 
882	 0.401092529296875 
883	 0.401346921920776 
884	 0.401598244905472 
885	 0.401801615953445 
886	 0.4021155834198 
887	 0.402359247207642 
888	 0.402513384819031 
889	 0.402773022651672 
890	 0.403003096580505 
891	 0.403290152549744 
892	 0.403639107942581 
893	 0.403860747814178 
894	 0.404078960418701 
895	 0.40431347489357 
896	 0.404555171728134 
897	 0.404786497354507 
898	 0.405027627944946 
899	 0.405259072780609 
900	 0.405471920967102 
901	 0.405748009681702 
902	 0.406009942293167 
903	 0.406239897012711 
904	 0.406452596187592 
905	 0.406638979911804 
906	 0.406902700662613 
907	 0.407207280397415 
908	 0.407433867454529 
909	 0.407687187194824 
910	 0.407954186201096 
911	 0.408236116170883 
912	 0.408552587032318 
913	 0.408841252326965 
914	 0.40908282995224 
915	 0.40933158993721 
916	 0.409717530012131 
917	 0.41011443734169 
918	 0.410418391227722 
919	 0.410624653100967 
920	 0.4108906686306 
921	 0.411206245422363 
922	 0.411571979522705 
923	 0.41194099187851 
924	 0.412155151367188 
925	 0.412389576435089 
926	 0.41269850730896 
927	 0.413065165281296 
928	 0.413391470909119 
929	 0.413719803094864 
930	 0.414044082164764 
931	 0.414346218109131 
932	 0.414648294448853 
933	 0.414908945560455 
934	 0.415200918912888 
935	 0.415602385997772 
936	 0.415874600410461 
937	 0.416191875934601 
938	 0.416546076536179 
939	 0.416818529367447 
940	 0.417172759771347 
941	 0.417481333017349 
942	 0.417739659547806 
943	 0.4180568754673 
944	 0.418368726968765 
945	 0.41868793964386 
946	 0.419010072946548 
947	 0.4193075299263 
948	 0.41959884762764 
949	 0.419846713542938 
950	 0.420085340738297 
951	 0.420432299375534 
952	 0.420791774988174 
953	 0.421110302209854 
954	 0.421376794576645 
955	 0.421631097793579 
956	 0.421895772218704 
957	 0.422168672084808 
958	 0.422425866127014 
959	 0.422622948884964 
960	 0.422922521829605 
961	 0.423240453004837 
962	 0.423488616943359 
963	 0.42369544506073 
964	 0.423963397741318 
965	 0.424295663833618 
966	 0.424629211425781 
967	 0.424830287694931 
968	 0.425073564052582 
969	 0.425356179475784 
970	 0.425622016191483 
971	 0.425817042589188 
972	 0.426101624965668 
973	 0.426341027021408 
974	 0.426448225975037 
975	 0.426727414131165 
976	 0.426964610815048 
977	 0.42720291018486 
978	 0.427521854639053 
979	 0.427868038415909 
980	 0.428078651428223 
981	 0.428265601396561 
982	 0.428561747074127 
983	 0.428828597068787 
984	 0.429156631231308 
985	 0.429520815610886 
986	 0.429850488901138 
987	 0.430072635412216 
988	 0.430255830287933 
989	 0.430566042661667 
990	 0.431034296751022 
991	 0.431139379739761 
992	 0.431454390287399 
993	 0.431881874799728 
994	 0.432161271572113 
995	 0.43238428235054 
996	 0.432688802480698 
997	 0.433046877384186 
998	 0.433363497257233 
999	 0.433559626340866 
1000	 0.433832913637161 
1001	 0.428375750780106 
1002	 0.428659319877625 
1003	 0.428938657045364 
1004	 0.429186671972275 
1005	 0.429330497980118 
1006	 0.42955157160759 
1007	 0.429815620183945 
1008	 0.430059731006622 
1009	 0.430300056934357 
1010	 0.430545568466187 
1011	 0.430796086788177 
1012	 0.431045800447464 
1013	 0.431303411722183 
1014	 0.431533753871918 
1015	 0.431722432374954 
1016	 0.431962877511978 
1017	 0.432288736104965 
1018	 0.43255403637886 
1019	 0.43279230594635 
1020	 0.433069884777069 
1021	 0.43327859044075 
1022	 0.433354198932648 
1023	 0.433552503585815 
1024	 0.433792144060135 
1025	 0.434028834104538 
1026	 0.434312075376511 
1027	 0.434560745954514 
1028	 0.434795558452606 
1029	 0.435054540634155 
1030	 0.435278356075287 
1031	 0.435514450073242 
1032	 0.435797333717346 
1033	 0.436016321182251 
1034	 0.436207145452499 
1035	 0.436458110809326 
1036	 0.436688095331192 
1037	 0.436905324459076 
1038	 0.437113851308823 
1039	 0.437313795089722 
1040	 0.43753182888031 
1041	 0.43775087594986 
1042	 0.437960475683212 
1043	 0.438192903995514 
1044	 0.438402861356735 
1045	 0.438598126173019 
1046	 0.438820689916611 
1047	 0.439035773277283 
1048	 0.439257502555847 
1049	 0.43942654132843 
1050	 0.439568817615509 
1051	 0.439756870269775 
1052	 0.439950287342072 
1053	 0.440156280994415 
1054	 0.440412819385529 
1055	 0.440613090991974 
1056	 0.440766990184784 
1057	 0.440978854894638 
1058	 0.441198319196701 
1059	 0.44141611456871 
1060	 0.441665053367615 
1061	 0.441888809204102 
1062	 0.442055404186249 
1063	 0.442245006561279 
1064	 0.44246706366539 
1065	 0.442680239677429 
1066	 0.442886531352997 
1067	 0.443076580762863 
1068	 0.44328561425209 
1069	 0.443470269441605 
1070	 0.443658411502838 
1071	 0.443850725889206 
1072	 0.44407707452774 
1073	 0.44422447681427 
1074	 0.44438511133194 
1075	 0.444602847099304 
1076	 0.444770306348801 
1077	 0.444977641105652 
1078	 0.445228487253189 
1079	 0.445449143648148 
1080	 0.445657968521118 
1081	 0.445843786001205 
1082	 0.446040660142899 
1083	 0.446261495351791 
1084	 0.446502089500427 
1085	 0.446757435798645 
1086	 0.446960359811783 
1087	 0.44714018702507 
1088	 0.447277218103409 
1089	 0.447424918413162 
1090	 0.447601586580276 
1091	 0.447803616523743 
1092	 0.447990328073502 
1093	 0.448173135519028 
1094	 0.448359102010727 
1095	 0.448541849851608 
1096	 0.448779612779617 
1097	 0.449003905057907 
1098	 0.449177622795105 
1099	 0.449363023042679 
1100	 0.449492424726486 
1101	 0.449612408876419 
1102	 0.449789762496948 
1103	 0.449946463108063 
1104	 0.450089693069458 
1105	 0.450263023376465 
1106	 0.450432389974594 
1107	 0.450552552938461 
1108	 0.450725853443146 
1109	 0.450869113206863 
1110	 0.451004087924957 
1111	 0.451174676418304 
1112	 0.45126861333847 
1113	 0.451390385627747 
1114	 0.451573014259338 
1115	 0.451703608036041 
1116	 0.451830625534058 
1117	 0.451968818902969 
1118	 0.452087551355362 
1119	 0.452167451381683 
1120	 0.452283591032028 
1121	 0.452425420284271 
1122	 0.452522665262222 
1123	 0.452634185552597 
1124	 0.452724903821945 
1125	 0.452787756919861 
1126	 0.452890068292618 
1127	 0.452990502119064 
1128	 0.453050553798676 
1129	 0.453118413686752 
1130	 0.453185647726059 
1131	 0.453200668096542 
1132	 0.453213006258011 
1133	 0.453236073255539 
1134	 0.453220635652542 
1135	 0.453221499919891 
1136	 0.453240841627121 
1137	 0.453251570463181 
1138	 0.453245669603348 
1139	 0.453255593776703 
1140	 0.453282237052917 
1141	 0.453290641307831 
1142	 0.453284949064255 
1143	 0.453279167413712 
1144	 0.453247040510178 
1145	 0.45320987701416 
1146	 0.453177630901337 
1147	 0.453131854534149 
1148	 0.453071743249893 
1149	 0.453019320964813 
1150	 0.452970236539841 
1151	 0.452907800674438 
1152	 0.452847450971603 
1153	 0.452795505523682 
1154	 0.452728062868118 
1155	 0.452654033899307 
1156	 0.452573597431183 
1157	 0.452504009008408 
1158	 0.452396959066391 
1159	 0.452273517847061 
1160	 0.452122449874878 
1161	 0.451934605836868 
1162	 0.451737284660339 
1163	 0.451532602310181 
1164	 0.451301664113998 
1165	 0.451087206602097 
1166	 0.450888782739639 
1167	 0.450662463903427 
1168	 0.45044207572937 
1169	 0.450233727693558 
1170	 0.450016379356384 
1171	 0.449817299842834 
1172	 0.449647724628448 
1173	 0.449464589357376 
1174	 0.449297070503235 
1175	 0.449103504419327 
1176	 0.448884665966034 
1177	 0.448681950569153 
1178	 0.448482155799866 
1179	 0.448255062103271 
1180	 0.448064029216766 
1181	 0.447867870330811 
1182	 0.447659641504288 
1183	 0.447504073381424 
1184	 0.44734600186348 
1185	 0.447192937135696 
1186	 0.447088003158569 
1187	 0.447007298469543 
1188	 0.446954637765884 
1189	 0.446943074464798 
1190	 0.446952790021896 
1191	 0.446974992752075 
1192	 0.447038590908051 
1193	 0.447131395339966 
1194	 0.447263240814209 
1195	 0.447454690933228 
1196	 0.447637379169464 
1197	 0.44785013794899 
1198	 0.44806432723999 
1199	 0.448263645172119 
1200	 0.448466122150421 
1201	 0.448687791824341 
1202	 0.448921263217926 
1203	 0.449158728122711 
1204	 0.449402958154678 
1205	 0.449651807546616 
1206	 0.449886530637741 
1207	 0.450171202421188 
1208	 0.450479030609131 
1209	 0.450800150632858 
1210	 0.451130986213684 
1211	 0.451517105102539 
1212	 0.451940834522247 
1213	 0.452380061149597 
1214	 0.45286825299263 
1215	 0.45336976647377 
1216	 0.453881621360779 
1217	 0.45440348982811 
1218	 0.454964429140091 
1219	 0.455522119998932 
1220	 0.456060290336609 
1221	 0.456639051437378 
1222	 0.457194179296494 
1223	 0.457749158143997 
1224	 0.458284974098206 
1225	 0.458810538053513 
1226	 0.459310382604599 
1227	 0.459794282913208 
1228	 0.460263043642044 
1229	 0.460715562105179 
1230	 0.461145132780075 
1231	 0.461542844772339 
1232	 0.461957931518555 
1233	 0.462370842695236 
1234	 0.462758541107178 
1235	 0.463156521320343 
1236	 0.46352019906044 
1237	 0.463832020759583 
1238	 0.464158445596695 
1239	 0.464478701353073 
1240	 0.464796483516693 
1241	 0.465116888284683 
1242	 0.465401887893677 
1243	 0.465693175792694 
1244	 0.465971052646637 
1245	 0.466253697872162 
1246	 0.466534227132797 
1247	 0.466814249753952 
1248	 0.467094898223877 
1249	 0.467369586229324 
1250	 0.467647641897202 
1251	 0.467907935380936 
1252	 0.468166261911392 
1253	 0.468401581048965 
1254	 0.468605369329453 
1255	 0.468826234340668 
1256	 0.469055950641632 
1257	 0.469257473945618 
1258	 0.469449251890183 
1259	 0.46963906288147 
1260	 0.469792723655701 
1261	 0.469965100288391 
1262	 0.470148742198944 
1263	 0.470344454050064 
1264	 0.47052413225174 
1265	 0.47070249915123 
1266	 0.470872581005096 
1267	 0.471027851104736 
1268	 0.471198558807373 
1269	 0.471376985311508 
1270	 0.471543222665787 
1271	 0.47171476483345 
1272	 0.47187414765358 
1273	 0.472016155719757 
1274	 0.472164064645767 
1275	 0.472306251525879 
1276	 0.472455382347107 
1277	 0.472612828016281 
1278	 0.472758263349533 
1279	 0.472901463508606 
1280	 0.473044753074646 
1281	 0.473162263631821 
1282	 0.473307102918625 
1283	 0.473479777574539 
1284	 0.47363755106926 
1285	 0.473795533180237 
1286	 0.473967760801315 
1287	 0.474114805459976 
1288	 0.474236756563187 
1289	 0.47438371181488 
1290	 0.47453361749649 
1291	 0.474684357643127 
1292	 0.474849343299866 
1293	 0.474997580051422 
1294	 0.475138634443283 
1295	 0.475274920463562 
1296	 0.475399374961853 
1297	 0.475532859563828 
1298	 0.475667804479599 
1299	 0.475798040628433 
1300	 0.475934714078903 
1301	 0.476060658693314 
1302	 0.476165503263474 
1303	 0.476289063692093 
1304	 0.476436972618103 
1305	 0.47655388712883 
1306	 0.476652473211288 
1307	 0.476765036582947 
1308	 0.476870983839035 
1309	 0.476966917514801 
1310	 0.477061808109283 
1311	 0.477179378271103 
1312	 0.477256536483765 
1313	 0.477300196886063 
1314	 0.477360427379608 
1315	 0.477407664060593 
1316	 0.477475613355637 
1317	 0.477564126253128 
1318	 0.477622628211975 
1319	 0.477687418460846 
1320	 0.477726638317108 
1321	 0.47773078083992 
1322	 0.477748364210129 
1323	 0.477757096290588 
1324	 0.477774649858475 
1325	 0.477804183959961 
1326	 0.477817088365555 
1327	 0.477848649024963 
1328	 0.47783687710762 
1329	 0.477794051170349 
1330	 0.477742612361908 
1331	 0.477662175893784 
1332	 0.47757688164711 
1333	 0.477483034133911 
1334	 0.477380841970444 
1335	 0.477274894714355 
1336	 0.477160155773163 
1337	 0.477039515972137 
1338	 0.476920515298843 
1339	 0.476778477430344 
1340	 0.476624965667725 
1341	 0.476454883813858 
1342	 0.476275652647018 
1343	 0.476068466901779 
1344	 0.475847959518433 
1345	 0.47559443116188 
1346	 0.475316911935806 
1347	 0.475012272596359 
1348	 0.47468701004982 
1349	 0.474326103925705 
1350	 0.473920464515686 
1351	 0.473515182733536 
1352	 0.473074287176132 
1353	 0.472643464803696 
1354	 0.472209066152573 
1355	 0.471777528524399 
1356	 0.471327871084213 
1357	 0.470904916524887 
1358	 0.470478653907776 
1359	 0.470086574554443 
1360	 0.469720155000687 
1361	 0.469379723072052 
1362	 0.469046026468277 
1363	 0.468730479478836 
1364	 0.468422949314117 
1365	 0.468129098415375 
1366	 0.46782660484314 
1367	 0.467536419630051 
1368	 0.467234015464783 
1369	 0.466918438673019 
1370	 0.466615945100784 
1371	 0.466329038143158 
1372	 0.466019004583359 
1373	 0.465721756219864 
1374	 0.46537184715271 
1375	 0.465000003576279 
1376	 0.464590042829514 
1377	 0.464135497808456 
1378	 0.46366748213768 
1379	 0.463153004646301 
1380	 0.462655961513519 
1381	 0.462121576070786 
1382	 0.461635857820511 
1383	 0.461151123046875 
1384	 0.460716098546982 
1385	 0.46034300327301 
1386	 0.459960609674454 
1387	 0.459619432687759 
1388	 0.459264516830444 
1389	 0.458909898996353 
1390	 0.45854577422142 
1391	 0.458171784877777 
1392	 0.457792669534683 
1393	 0.457447588443756 
1394	 0.45709165930748 
1395	 0.456754177808762 
1396	 0.456456035375595 
1397	 0.456107407808304 
1398	 0.455770343542099 
1399	 0.455345273017883 
1400	 0.454903125762939 
1401	 0.454353541135788 
1402	 0.453737437725067 
1403	 0.453027725219727 
1404	 0.452225089073181 
1405	 0.451379686594009 
1406	 0.450451850891113 
1407	 0.449482887983322 
1408	 0.448451578617096 
1409	 0.44739031791687 
1410	 0.446270853281021 
1411	 0.445127338171005 
1412	 0.443955600261688 
1413	 0.442755788564682 
1414	 0.441509902477264 
1415	 0.440254837274551 
1416	 0.438957124948502 
1417	 0.43766975402832 
1418	 0.436372965574265 
1419	 0.435069918632507 
1420	 0.433765411376953 
1421	 0.43246591091156 
1422	 0.43114560842514 
1423	 0.429845541715622 
1424	 0.428581237792969 
1425	 0.427260428667068 
1426	 0.426016241312027 
1427	 0.424784034490585 
1428	 0.423534452915192 
1429	 0.422392934560776 
1430	 0.421254307031631 
1431	 0.420149505138397 
1432	 0.41903418302536 
1433	 0.417956858873367 
1434	 0.416851848363876 
1435	 0.415730863809586 
1436	 0.414602160453796 
1437	 0.413483142852783 
1438	 0.412349045276642 
1439	 0.411177754402161 
1440	 0.41004553437233 
1441	 0.408844530582428 
1442	 0.407833129167557 
1443	 0.406800538301468 
1444	 0.406062126159668 
1445	 0.40544268488884 
1446	 0.405150026082993 
1447	 0.405062079429626 
1448	 0.405292600393295 
1449	 0.40586593747139 
1450	 0.406621366739273 
1451	 0.407706946134567 
1452	 0.408881276845932 
1453	 0.410351395606995 
1454	 0.411752313375473 
1455	 0.413304477930069 
1456	 0.41477182507515 
1457	 0.41627311706543 
1458	 0.417661815881729 
1459	 0.419028967618942 
1460	 0.420274913311005 
1461	 0.421401381492615 
1462	 0.422448247671127 
1463	 0.423391610383987 
1464	 0.424273580312729 
1465	 0.425056159496307 
1466	 0.425808429718018 
1467	 0.426463693380356 
1468	 0.427069544792175 
1469	 0.427641957998276 
1470	 0.428141355514526 
1471	 0.428632229566574 
1472	 0.429089218378067 
1473	 0.429533571004868 
1474	 0.429941624403 
1475	 0.430351108312607 
1476	 0.430751353502274 
1477	 0.431136816740036 
1478	 0.431520611047745 
1479	 0.431852012872696 
1480	 0.432157039642334 
1481	 0.432436615228653 
1482	 0.432684034109116 
1483	 0.432890951633453 
1484	 0.433070957660675 
1485	 0.433222681283951 
1486	 0.433302789926529 
1487	 0.433423340320587 
1488	 0.433511704206467 
1489	 0.43367138504982 
1490	 0.433828890323639 
1491	 0.434084475040436 
1492	 0.434404045343399 
1493	 0.434787452220917 
1494	 0.435252755880356 
1495	 0.435753017663956 
1496	 0.436313778162003 
1497	 0.436910510063171 
1498	 0.437575817108154 
1499	 0.438239067792892 
1500	 0.438943237066269 
1501	 0.439647346735001 
1502	 0.440378397703171 
1503	 0.441079437732697 
1504	 0.441800534725189 
1505	 0.442474126815796 
1506	 0.443128526210785 
1507	 0.443735241889954 
1508	 0.444308996200562 
1509	 0.444839090108871 
1510	 0.445311486721039 
1511	 0.445759505033493 
1512	 0.446162670850754 
1513	 0.446551889181137 
1514	 0.4469253718853 
1515	 0.447262227535248 
1516	 0.447563350200653 
1517	 0.447851300239563 
1518	 0.448109269142151 
1519	 0.44834503531456 
1520	 0.448566466569901 
1521	 0.448768049478531 
1522	 0.448925793170929 
1523	 0.449068963527679 
1524	 0.449198037385941 
1525	 0.449310272932053 
1526	 0.449394404888153 
1527	 0.449454188346863 
1528	 0.449515968561172 
1529	 0.449547111988068 
1530	 0.449602603912354 
1531	 0.449666917324066 
1532	 0.449729532003403 
1533	 0.449788421392441 
1534	 0.449865162372589 
1535	 0.449939340353012 
1536	 0.450052708387375 
1537	 0.450186550617218 
1538	 0.450340926647186 
1539	 0.450513273477554 
1540	 0.450729876756668 
1541	 0.450963377952576 
1542	 0.451253563165665 
1543	 0.451605230569839 
1544	 0.451960414648056 
1545	 0.452346920967102 
1546	 0.452754348516464 
1547	 0.453186333179474 
1548	 0.453631788492203 
1549	 0.454113572835922 
1550	 0.454583197832108 
1551	 0.455072224140167 
1552	 0.455530732870102 
1553	 0.455987215042114 
1554	 0.456419944763184 
1555	 0.456820726394653 
1556	 0.457232087850571 
1557	 0.457640379667282 
1558	 0.458036005496979 
1559	 0.458428412675858 
1560	 0.458809077739716 
1561	 0.459183931350708 
1562	 0.459533363580704 
1563	 0.459863215684891 
1564	 0.4601911008358 
1565	 0.460493922233582 
1566	 0.460803598165512 
1567	 0.461115300655365 
1568	 0.461424320936203 
1569	 0.46172896027565 
1570	 0.462029486894608 
1571	 0.462326347827911 
1572	 0.462626814842224 
1573	 0.462920010089874 
1574	 0.463221490383148 
1575	 0.463538497686386 
1576	 0.463840395212173 
1577	 0.464136987924576 
1578	 0.464431643486023 
1579	 0.464723646640778 
1580	 0.465004354715347 
1581	 0.465278208255768 
1582	 0.465550422668457 
1583	 0.465816676616669 
1584	 0.466073334217072 
1585	 0.466323375701904 
1586	 0.466573476791382 
1587	 0.46680474281311 
1588	 0.467051118612289 
1589	 0.467306315898895 
1590	 0.467564523220062 
1591	 0.467833966016769 
1592	 0.468096196651459 
1593	 0.468357533216476 
1594	 0.468619793653488 
1595	 0.468877285718918 
1596	 0.469137787818909 
1597	 0.469402968883514 
1598	 0.469666033983231 
1599	 0.469933927059174 
1600	 0.470191419124603 
1601	 0.47043976187706 
1602	 0.470693528652191 
1603	 0.470948785543442 
1604	 0.471192538738251 
1605	 0.471439599990845 
1606	 0.471674859523773 
1607	 0.471899271011353 
1608	 0.472112745046616 
1609	 0.47232049703598 
1610	 0.472514241933823 
1611	 0.472688049077988 
1612	 0.47285783290863 
1613	 0.473012685775757 
1614	 0.473172008991241 
1615	 0.473344266414642 
1616	 0.473485201597214 
1617	 0.473615646362305 
1618	 0.473731815814972 
1619	 0.473819345235825 
1620	 0.473898977041245 
1621	 0.473982900381088 
1622	 0.474034339189529 
1623	 0.474062353372574 
1624	 0.474069267511368 
1625	 0.474039286375046 
1626	 0.474009722471237 
1627	 0.473959684371948 
1628	 0.473913103342056 
1629	 0.473858445882797 
1630	 0.473810940980911 
1631	 0.473741829395294 
1632	 0.473713576793671 
1633	 0.473694920539856 
1634	 0.473714768886566 
1635	 0.473774671554565 
1636	 0.473856300115585 
1637	 0.473962157964706 
1638	 0.474101722240448 
1639	 0.47430694103241 
1640	 0.474473267793655 
1641	 0.474680840969086 
1642	 0.474822402000427 
1643	 0.474904417991638 
1644	 0.474982857704163 
1645	 0.475041151046753 
1646	 0.475068598985672 
1647	 0.475094884634018 
1648	 0.475064218044281 
1649	 0.474983811378479 
1650	 0.474866449832916 
1651	 0.474715709686279 
1652	 0.474509477615356 
1653	 0.47426426410675 
1654	 0.473962694406509 
1655	 0.473594307899475 
1656	 0.473188042640686 
1657	 0.472724556922913 
1658	 0.472234934568405 
1659	 0.471718430519104 
1660	 0.471149027347565 
1661	 0.470550328493118 
1662	 0.469881325960159 
1663	 0.469157993793488 
1664	 0.468351304531097 
1665	 0.467507183551788 
1666	 0.466523766517639 
1667	 0.465444564819336 
1668	 0.464269638061523 
1669	 0.46296963095665 
1670	 0.461594760417938 
1671	 0.460105955600739 
1672	 0.458558410406113 
1673	 0.456940859556198 
1674	 0.45521867275238 
1675	 0.453424453735352 
1676	 0.451567053794861 
1677	 0.449587404727936 
1678	 0.447594374418259 
1679	 0.445526719093323 
1680	 0.443440049886703 
1681	 0.44129490852356 
1682	 0.439159154891968 
1683	 0.437015771865845 
1684	 0.434888631105423 
1685	 0.432762652635574 
1686	 0.43062487244606 
1687	 0.428431034088135 
1688	 0.426316797733307 
1689	 0.42419558763504 
1690	 0.422175258398056 
1691	 0.420230001211166 
1692	 0.418408185243607 
1693	 0.416670083999634 
1694	 0.415016144514084 
1695	 0.413465470075607 
1696	 0.411992013454437 
1697	 0.41060870885849 
1698	 0.409265846014023 
1699	 0.408040046691895 
1700	 0.406815737485886 
1701	 0.405619740486145 
1702	 0.404457837343216 
1703	 0.403315395116806 
1704	 0.402245104312897 
1705	 0.401213586330414 
1706	 0.40023136138916 
1707	 0.399369895458221 
1708	 0.398497968912125 
1709	 0.397679328918457 
1710	 0.396930068731308 
1711	 0.396154344081879 
1712	 0.395420342683792 
1713	 0.394673585891724 
1714	 0.39389106631279 
1715	 0.393166393041611 
1716	 0.392435431480408 
1717	 0.391709387302399 
1718	 0.3910191655159 
1719	 0.39031258225441 
1720	 0.389634191989899 
1721	 0.38898491859436 
1722	 0.388335525989532 
1723	 0.387738853693008 
1724	 0.387207895517349 
1725	 0.386749804019928 
1726	 0.386363863945007 
1727	 0.386034429073334 
1728	 0.385778307914734 
1729	 0.385601997375488 
1730	 0.385547369718552 
1731	 0.385664165019989 
1732	 0.385922878980637 
1733	 0.386286169290543 
1734	 0.386777341365814 
1735	 0.387338250875473 
1736	 0.387929350137711 
1737	 0.388525456190109 
1738	 0.38911297917366 
1739	 0.389579653739929 
1740	 0.389956116676331 
1741	 0.390280604362488 
1742	 0.390501767396927 
1743	 0.390726089477539 
1744	 0.390890151262283 
1745	 0.391086220741272 
1746	 0.391256898641586 
1747	 0.391474157571793 
1748	 0.391705334186554 
1749	 0.391977369785309 
1750	 0.392272531986237 
1751	 0.392641603946686 
1752	 0.393059015274048 
1753	 0.393541306257248 
1754	 0.394088268280029 
1755	 0.394672602415085 
1756	 0.395300328731537 
1757	 0.395964384078979 
1758	 0.396741449832916 
1759	 0.397511333227158 
1760	 0.398364812135696 
1761	 0.399334043264389 
1762	 0.400265663862228 
1763	 0.40128955245018 
1764	 0.402389883995056 
1765	 0.403504759073257 
1766	 0.404753416776657 
1767	 0.406037449836731 
1768	 0.407383441925049 
1769	 0.408794581890106 
1770	 0.41014164686203 
1771	 0.41152748465538 
1772	 0.412858456373215 
1773	 0.414132863283157 
1774	 0.415465384721756 
1775	 0.41668227314949 
1776	 0.417861700057983 
1777	 0.419013321399689 
1778	 0.419997841119766 
1779	 0.420964032411575 
1780	 0.421867460012436 
1781	 0.422675430774689 
1782	 0.423495560884476 
1783	 0.424243450164795 
1784	 0.424981713294983 
1785	 0.425626456737518 
1786	 0.426264047622681 
1787	 0.426898121833801 
1788	 0.427476823329926 
1789	 0.428030610084534 
1790	 0.42856827378273 
1791	 0.429032027721405 
1792	 0.429525107145309 
1793	 0.43003123998642 
1794	 0.430502206087112 
1795	 0.430955797433853 
1796	 0.431381702423096 
1797	 0.431830942630768 
1798	 0.43221178650856 
1799	 0.432564705610275 
1800	 0.4329494535923 
1801	 0.426003724336624 
1802	 0.426643997430801 
1803	 0.427239596843719 
1804	 0.427756100893021 
1805	 0.428252100944519 
1806	 0.428715199232101 
1807	 0.429151624441147 
1808	 0.429543823003769 
1809	 0.429877310991287 
1810	 0.430218935012817 
1811	 0.430530339479446 
1812	 0.430830746889114 
1813	 0.431115448474884 
1814	 0.431418240070343 
1815	 0.431682944297791 
1816	 0.431904792785645 
1817	 0.432140678167343 
1818	 0.432344049215317 
1819	 0.432592302560806 
1820	 0.432857006788254 
1821	 0.433127641677856 
1822	 0.433428257703781 
1823	 0.433724462985992 
1824	 0.43400564789772 
1825	 0.434287875890732 
1826	 0.434549063444138 
1827	 0.434817284345627 
1828	 0.435036987066269 
1829	 0.435199022293091 
1830	 0.435398101806641 
1831	 0.435593634843826 
1832	 0.435785382986069 
1833	 0.435955673456192 
1834	 0.436148881912231 
1835	 0.436310112476349 
1836	 0.436444669961929 
1837	 0.436622351408005 
1838	 0.436819046735764 
1839	 0.437033534049988 
1840	 0.437264382839203 
1841	 0.437514245510101 
1842	 0.437790155410767 
1843	 0.438075989484787 
1844	 0.438385099172592 
1845	 0.438654720783234 
1846	 0.438905298709869 
1847	 0.439132660627365 
1848	 0.439310848712921 
1849	 0.439449071884155 
1850	 0.439555644989014 
1851	 0.439641684293747 
1852	 0.439662545919418 
1853	 0.439611524343491 
1854	 0.439531087875366 
1855	 0.439399063587189 
1856	 0.439228594303131 
1857	 0.439041376113892 
1858	 0.438783943653107 
1859	 0.438470631837845 
1860	 0.438117444515228 
1861	 0.437665998935699 
1862	 0.437141805887222 
1863	 0.436573594808578 
1864	 0.435876697301865 
1865	 0.435135364532471 
1866	 0.434317618608475 
1867	 0.433362990617752 
1868	 0.432369321584702 
1869	 0.43129950761795 
1870	 0.430210083723068 
1871	 0.429064899682999 
1872	 0.42794331908226 
1873	 0.426808059215546 
1874	 0.425660997629166 
1875	 0.424525767564774 
1876	 0.423264235258102 
1877	 0.422020107507706 
1878	 0.420666009187698 
1879	 0.419171750545502 
1880	 0.417687773704529 
1881	 0.41601949930191 
1882	 0.414191126823425 
1883	 0.412292271852493 
1884	 0.410271376371384 
1885	 0.407992959022522 
1886	 0.405701875686646 
1887	 0.403199732303619 
1888	 0.400523960590363 
1889	 0.39797431230545 
1890	 0.395220339298248 
1891	 0.392431259155273 
1892	 0.389640420675278 
1893	 0.386654406785965 
1894	 0.383445024490356 
1895	 0.380319982767105 
1896	 0.377060234546661 
1897	 0.373662978410721 
1898	 0.370470494031906 
1899	 0.367070078849792 
1900	 0.363683104515076 
1901	 0.360340684652328 
1902	 0.356713533401489 
1903	 0.353214114904404 
1904	 0.349666148424149 
1905	 0.346031546592712 
1906	 0.342380076646805 
1907	 0.339011758565903 
1908	 0.335494071245193 
1909	 0.332066237926483 
1910	 0.32868030667305 
1911	 0.325044363737106 
1912	 0.32154506444931 
1913	 0.318032532930374 
1914	 0.314508587121964 
1915	 0.311298310756683 
1916	 0.308335930109024 
1917	 0.305406391620636 
1918	 0.302709698677063 
1919	 0.30030632019043 
1920	 0.297898292541504 
1921	 0.295820385217667 
1922	 0.293893843889236 
1923	 0.292132645845413 
1924	 0.290649384260178 
1925	 0.289208710193634 
1926	 0.287793278694153 
1927	 0.28655081987381 
1928	 0.285172492265701 
1929	 0.283761650323868 
1930	 0.2823566198349 
1931	 0.280894875526428 
1932	 0.279348641633987 
1933	 0.277949899435043 
1934	 0.276534527540207 
1935	 0.275180697441101 
1936	 0.273966014385223 
1937	 0.272850930690765 
1938	 0.271739393472672 
1939	 0.270922034978867 
1940	 0.270265430212021 
1941	 0.269807308912277 
1942	 0.269568592309952 
1943	 0.26951014995575 
1944	 0.269573330879211 
1945	 0.269850105047226 
1946	 0.270376026630402 
1947	 0.271026700735092 
1948	 0.271934539079666 
1949	 0.273100405931473 
1950	 0.274378508329391 
1951	 0.275835871696472 
1952	 0.27748030424118 
1953	 0.279292851686478 
1954	 0.281253695487976 
1955	 0.283495545387268 
1956	 0.285744577646255 
1957	 0.288029670715332 
1958	 0.290341585874558 
1959	 0.292400896549225 
1960	 0.294385999441147 
1961	 0.296212255954742 
1962	 0.297876477241516 
1963	 0.299405634403229 
1964	 0.300816416740417 
1965	 0.30204039812088 
1966	 0.303100794553757 
1967	 0.304041117429733 
1968	 0.304782509803772 
1969	 0.305515170097351 
1970	 0.30619877576828 
1971	 0.306880950927734 
1972	 0.3076291680336 
1973	 0.30837145447731 
1974	 0.309163093566895 
1975	 0.310006946325302 
1976	 0.310861319303513 
1977	 0.311732351779938 
1978	 0.312658071517944 
1979	 0.313625633716583 
1980	 0.314589351415634 
1981	 0.315656393766403 
1982	 0.316696733236313 
1983	 0.31777760386467 
1984	 0.318909138441086 
1985	 0.320013731718063 
1986	 0.321207582950592 
1987	 0.322476357221603 
1988	 0.32373434305191 
1989	 0.325211197137833 
1990	 0.326819330453873 
1991	 0.328530430793762 
1992	 0.330406129360199 
1993	 0.332411855459213 
1994	 0.334338247776031 
1995	 0.336443811655045 
1996	 0.338577061891556 
1997	 0.340702503919601 
1998	 0.342894375324249 
1999	 0.345217853784561 
2000	 0.347385317087173 
2001	 0.349629163742065 
2002	 0.35165011882782 
2003	 0.353540122509003 
2004	 0.355364382266998 
2005	 0.357018887996674 
2006	 0.358646988868713 
2007	 0.360270172357559 
2008	 0.361731827259064 
2009	 0.363091766834259 
2010	 0.364392399787903 
2011	 0.365492612123489 
2012	 0.366532623767853 
2013	 0.367497712373734 
2014	 0.368342339992523 
2015	 0.369165778160095 
2016	 0.369938403367996 
2017	 0.370636522769928 
2018	 0.371291786432266 
2019	 0.371864914894104 
2020	 0.372344851493835 
2021	 0.372779726982117 
2022	 0.373159945011139 
2023	 0.373454123735428 
2024	 0.373691260814667 
2025	 0.373864263296127 
2026	 0.373980700969696 
2027	 0.374015271663666 
2028	 0.374031245708466 
2029	 0.373995721340179 
2030	 0.373921930789948 
2031	 0.373812258243561 
2032	 0.37365984916687 
2033	 0.373449683189392 
2034	 0.373224496841431 
2035	 0.372972309589386 
2036	 0.37266406416893 
2037	 0.372349262237549 
2038	 0.372015714645386 
2039	 0.371706038713455 
2040	 0.371400356292725 
2041	 0.371083289384842 
2042	 0.370779097080231 
2043	 0.370457351207733 
2044	 0.37009397149086 
2045	 0.369775086641312 
2046	 0.369480043649673 
2047	 0.369173794984818 
2048	 0.368884831666946 
2049	 0.368590027093887 
2050	 0.368279308080673 
2051	 0.367982566356659 
2052	 0.367695301771164 
2053	 0.367412954568863 
2054	 0.367138773202896 
2055	 0.366872280836105 
2056	 0.366611838340759 
2057	 0.366362333297729 
2058	 0.366110324859619 
2059	 0.365842252969742 
2060	 0.365616500377655 
2061	 0.365401685237885 
2062	 0.365213871002197 
2063	 0.365078806877136 
2064	 0.364929735660553 
2065	 0.364780962467194 
2066	 0.36465385556221 
2067	 0.364525437355042 
2068	 0.364389777183533 
2069	 0.364257991313934 
2070	 0.364123523235321 
2071	 0.364002197980881 
2072	 0.363881826400757 
2073	 0.363776981830597 
2074	 0.363707393407822 
2075	 0.363602042198181 
2076	 0.363483369350433 
2077	 0.363369256258011 
2078	 0.363243490457535 
2079	 0.36311274766922 
2080	 0.362988024950027 
2081	 0.36285611987114 
2082	 0.362715661525726 
2083	 0.362572550773621 
2084	 0.36240541934967 
2085	 0.362224668264389 
2086	 0.362021833658218 
2087	 0.361777275800705 
2088	 0.361547648906708 
2089	 0.361320823431015 
2090	 0.361069560050964 
2091	 0.360808342695236 
2092	 0.360533624887466 
2093	 0.3602235019207 
2094	 0.359936684370041 
2095	 0.359654158353806 
2096	 0.35936626791954 
2097	 0.35910028219223 
2098	 0.358798652887344 
2099	 0.358503490686417 
2100	 0.358179360628128 
2101	 0.357856243848801 
2102	 0.357529878616333 
2103	 0.35719159245491 
2104	 0.356821984052658 
2105	 0.356494694948196 
2106	 0.356193333864212 
2107	 0.35585156083107 
2108	 0.355539202690125 
2109	 0.355167090892792 
2110	 0.35470724105835 
2111	 0.354305803775787 
2112	 0.353896111249924 
2113	 0.353505164384842 
2114	 0.3531434237957 
2115	 0.352783679962158 
2116	 0.352412521839142 
2117	 0.35209658741951 
2118	 0.351745575666428 
2119	 0.351397007703781 
2120	 0.351058691740036 
2121	 0.350702941417694 
2122	 0.350377410650253 
2123	 0.350102365016937 
2124	 0.349768847227097 
2125	 0.349416702985764 
2126	 0.349068135023117 
2127	 0.348699629306793 
2128	 0.348327547311783 
2129	 0.347962111234665 
2130	 0.347578883171082 
2131	 0.347180485725403 
2132	 0.346765339374542 
2133	 0.346340119838715 
2134	 0.345917195081711 
2135	 0.345429092645645 
2136	 0.344925791025162 
2137	 0.344432592391968 
2138	 0.343913108110428 
2139	 0.343416273593903 
2140	 0.342922806739807 
2141	 0.342453867197037 
2142	 0.342014342546463 
2143	 0.34154000878334 
2144	 0.341070711612701 
2145	 0.340600430965424 
2146	 0.340082228183746 
2147	 0.339612603187561 
2148	 0.339183747768402 
2149	 0.338750928640366 
2150	 0.338345617055893 
2151	 0.337917268276215 
2152	 0.337492614984512 
2153	 0.337051004171371 
2154	 0.336579829454422 
2155	 0.33609876036644 
2156	 0.335639476776123 
2157	 0.335175901651382 
2158	 0.334716260433197 
2159	 0.334295153617859 
2160	 0.33381462097168 
2161	 0.33329364657402 
2162	 0.332800447940826 
2163	 0.332254886627197 
2164	 0.331790000200272 
2165	 0.331379324197769 
2166	 0.330961525440216 
2167	 0.330580145120621 
2168	 0.330201297998428 
2169	 0.329799324274063 
2170	 0.329456686973572 
2171	 0.329164355993271 
2172	 0.32887265086174 
2173	 0.328611880540848 
2174	 0.328355878591537 
2175	 0.328131705522537 
2176	 0.327911108732224 
2177	 0.327744871377945 
2178	 0.327627509832382 
2179	 0.327528268098831 
2180	 0.327461689710617 
2181	 0.327408194541931 
2182	 0.327399373054504 
2183	 0.327364176511765 
2184	 0.32733565568924 
2185	 0.32730433344841 
2186	 0.327281147241592 
2187	 0.327228307723999 
2188	 0.327188074588776 
2189	 0.327097117900848 
2190	 0.326947599649429 
2191	 0.326812833547592 
2192	 0.326673358678818 
2193	 0.326499313116074 
2194	 0.326310247182846 
2195	 0.32610610127449 
2196	 0.325870603322983 
2197	 0.325617969036102 
2198	 0.325349181890488 
2199	 0.325058966875076 
2200	 0.32474473118782 
2201	 0.324392884969711 
2202	 0.324031680822372 
2203	 0.323661893606186 
2204	 0.323261231184006 
2205	 0.322824448347092 
2206	 0.322383761405945 
2207	 0.321918189525604 
2208	 0.321455746889114 
2209	 0.321003556251526 
2210	 0.320505499839783 
2211	 0.319965153932571 
2212	 0.319458037614822 
2213	 0.318890780210495 
2214	 0.318406134843826 
2215	 0.318003714084625 
2216	 0.317567825317383 
2217	 0.31716912984848 
2218	 0.316752105951309 
2219	 0.316297858953476 
2220	 0.31587815284729 
2221	 0.315478682518005 
2222	 0.315070927143097 
2223	 0.314708232879639 
2224	 0.314334064722061 
2225	 0.313927114009857 
2226	 0.313435584306717 
2227	 0.312833726406097 
2228	 0.312138199806213 
2229	 0.311366140842438 
2230	 0.310482352972031 
2231	 0.309558838605881 
2232	 0.308579653501511 
2233	 0.307487934827805 
2234	 0.306373625993729 
2235	 0.305034160614014 
2236	 0.303550869226456 
2237	 0.301930785179138 
2238	 0.300066649913788 
2239	 0.298203080892563 
2240	 0.296262800693512 
2241	 0.294204413890839 
2242	 0.292132049798965 
2243	 0.289835423231125 
2244	 0.287341386079788 
2245	 0.284776747226715 
2246	 0.281953930854797 
2247	 0.279185682535172 
2248	 0.276389837265015 
2249	 0.273520112037659 
2250	 0.2706019282341 
2251	 0.267718583345413 
2252	 0.264565855264664 
2253	 0.261468499898911 
2254	 0.258266717195511 
2255	 0.255010396242142 
2256	 0.252032071352005 
2257	 0.248974770307541 
2258	 0.246012285351753 
2259	 0.243209809064865 
2260	 0.240281507372856 
2261	 0.237259283661842 
2262	 0.234429478645325 
2263	 0.231544554233551 
2264	 0.22894386947155 
2265	 0.226564332842827 
2266	 0.224227607250214 
2267	 0.22207510471344 
2268	 0.21995547413826 
2269	 0.217890828847885 
2270	 0.215964198112488 
2271	 0.214137554168701 
2272	 0.21240796148777 
2273	 0.210822582244873 
2274	 0.209267869591713 
2275	 0.20786415040493 
2276	 0.206413984298706 
2277	 0.205044493079185 
2278	 0.203596919775009 
2279	 0.202062234282494 
2280	 0.200565695762634 
2281	 0.199072226881981 
2282	 0.197549149394035 
2283	 0.196042910218239 
2284	 0.194557249546051 
2285	 0.192868128418922 
2286	 0.191135659813881 
2287	 0.189346730709076 
2288	 0.187498062849045 
2289	 0.185774683952332 
2290	 0.184046164155006 
2291	 0.182356223464012 
2292	 0.180699303746223 
2293	 0.178941741585732 
2294	 0.177248001098633 
2295	 0.175564706325531 
2296	 0.173859402537346 
2297	 0.172333672642708 
2298	 0.170890256762505 
2299	 0.169619292020798 
2300	 0.168484136462212 
2301	 0.167512431740761 
2302	 0.166680216789246 
2303	 0.166072830557823 
2304	 0.165667176246643 
2305	 0.16539591550827 
2306	 0.165358662605286 
2307	 0.165400773286819 
2308	 0.16550986468792 
2309	 0.165884450078011 
2310	 0.166411995887756 
2311	 0.167214304208755 
2312	 0.168312519788742 
2313	 0.169574290513992 
2314	 0.171101182699203 
2315	 0.172772467136383 
2316	 0.1747105717659 
2317	 0.176657766103745 
2318	 0.178899452090263 
2319	 0.180884599685669 
2320	 0.182950422167778 
2321	 0.184685200452805 
2322	 0.186227142810822 
2323	 0.187551602721214 
2324	 0.188573405146599 
2325	 0.18949955701828 
2326	 0.190221697092056 
2327	 0.190825939178467 
2328	 0.191282495856285 
2329	 0.191629931330681 
2330	 0.191803634166718 
2331	 0.191889435052872 
2332	 0.191953703761101 
2333	 0.191887319087982 
2334	 0.191726863384247 
2335	 0.191607624292374 
2336	 0.191367357969284 
2337	 0.191078513860703 
2338	 0.190846085548401 
2339	 0.1904706209898 
2340	 0.190066665410995 
2341	 0.18975855410099 
2342	 0.189478695392609 
2343	 0.189205393195152 
2344	 0.188888400793076 
2345	 0.188517570495605 
2346	 0.188172876834869 
2347	 0.18793049454689 
2348	 0.187884226441383 
2349	 0.188094079494476 
2350	 0.188470095396042 
2351	 0.18898306787014 
2352	 0.189715623855591 
2353	 0.190674766898155 
2354	 0.191702753305435 
2355	 0.192917078733444 
2356	 0.194169521331787 
2357	 0.195313856005669 
2358	 0.196462020277977 
2359	 0.19746832549572 
2360	 0.198343768715858 
2361	 0.199111521244049 
2362	 0.199715033173561 
2363	 0.200182676315308 
2364	 0.200526922941208 
2365	 0.200726315379143 
2366	 0.200866118073463 
2367	 0.20096144080162 
2368	 0.201033785939217 
2369	 0.201149091124535 
2370	 0.201203927397728 
2371	 0.201172664761543 
2372	 0.201129943132401 
2373	 0.201036915183067 
2374	 0.200883030891418 
2375	 0.200711101293564 
2376	 0.200499564409256 
2377	 0.200206682085991 
2378	 0.19987116754055 
2379	 0.199546739459038 
2380	 0.19920302927494 
2381	 0.198782220482826 
2382	 0.198323875665665 
2383	 0.197787404060364 
2384	 0.197349175810814 
2385	 0.196886166930199 
2386	 0.19645781815052 
2387	 0.19614689052105 
2388	 0.195747330784798 
2389	 0.195286124944687 
2390	 0.194855824112892 
2391	 0.194475457072258 
2392	 0.193980842828751 
2393	 0.193408787250519 
2394	 0.19288894534111 
2395	 0.192307516932487 
2396	 0.191751435399055 
2397	 0.191219672560692 
2398	 0.190687984228134 
2399	 0.190141126513481 
2400	 0.189633950591087 
2401	 0.189163237810135 
2402	 0.188794285058975 
2403	 0.188397392630577 
2404	 0.187994584441185 
2405	 0.187617108225822 
2406	 0.187120169401169 
2407	 0.186572834849358 
2408	 0.186131790280342 
2409	 0.185757800936699 
2410	 0.185399502515793 
2411	 0.185102358460426 
2412	 0.184744015336037 
2413	 0.184218183159828 
2414	 0.183812230825424 
2415	 0.183619886636734 
2416	 0.183401972055435 
2417	 0.183136790990829 
2418	 0.182965606451035 
2419	 0.182631447911263 
2420	 0.182261392474175 
2421	 0.182161688804626 
2422	 0.181979238986969 
2423	 0.181808933615685 
2424	 0.181780561804771 
2425	 0.181626513600349 
2426	 0.181379690766335 
2427	 0.18110466003418 
2428	 0.180738881230354 
2429	 0.180413514375687 
2430	 0.18021135032177 
2431	 0.180017098784447 
2432	 0.179747715592384 
2433	 0.179342597723007 
2434	 0.179036155343056 
2435	 0.178811922669411 
2436	 0.17852970957756 
2437	 0.178382843732834 
2438	 0.178194031119347 
2439	 0.177802175283432 
2440	 0.177341535687447 
2441	 0.177072510123253 
2442	 0.17694129049778 
2443	 0.176728799939156 
2444	 0.176698952913284 
2445	 0.176534727215767 
2446	 0.175989106297493 
2447	 0.175568804144859 
2448	 0.175251096487045 
2449	 0.174871057271957 
2450	 0.174437373876572 
2451	 0.174002781510353 
2452	 0.173547238111496 
2453	 0.173058152198792 
2454	 0.17278379201889 
2455	 0.172474414110184 
2456	 0.171884596347809 
2457	 0.171414151787758 
2458	 0.171088755130768 
2459	 0.170624762773514 
2460	 0.17023654282093 
2461	 0.169786989688873 
2462	 0.169094979763031 
2463	 0.168544262647629 
2464	 0.168205246329308 
2465	 0.167892619967461 
2466	 0.167616039514542 
2467	 0.167502269148827 
2468	 0.167247772216797 
2469	 0.166951715946198 
2470	 0.166893795132637 
2471	 0.166804999113083 
2472	 0.166840627789497 
2473	 0.166977867484093 
2474	 0.167063623666763 
2475	 0.167054489254951 
2476	 0.167067423462868 
2477	 0.167256295681 
2478	 0.167296126484871 
2479	 0.167313501238823 
2480	 0.167062059044838 
2481	 0.167150869965553 
2482	 0.167513087391853 
2483	 0.167656451463699 
2484	 0.167894273996353 
2485	 0.167981654405594 
2486	 0.168209239840508 
2487	 0.168746143579483 
2488	 0.169176548719406 
2489	 0.169258520007133 
2490	 0.169315844774246 
2491	 0.169587671756744 
2492	 0.169788107275963 
2493	 0.170294746756554 
2494	 0.170835360884666 
2495	 0.171068102121353 
2496	 0.171532437205315 
2497	 0.171883538365364 
2498	 0.172511905431747 
2499	 0.173176765441895 
2500	 0.173080861568451 
