Wavelength	Echave.082
350	 0.17309658229351 
351	 0.166473492980003 
352	 0.165394231677055 
353	 0.162289917469025 
354	 0.150381714105606 
355	 0.145918548107147 
356	 0.145250752568245 
357	 0.142608687281609 
358	 0.140596076846123 
359	 0.136731192469597 
360	 0.130356252193451 
361	 0.122638046741486 
362	 0.119169145822525 
363	 0.117847852408886 
364	 0.117258638143539 
365	 0.118000775575638 
366	 0.115038797259331 
367	 0.109340898692608 
368	 0.104148298501968 
369	 0.104757316410542 
370	 0.10555250197649 
371	 0.10432855784893 
372	 0.101351179182529 
373	 9.90258157253265E-02 
374	 9.85236912965775E-02 
375	 9.90531519055367E-02 
376	 9.74580645561218E-02 
377	 9.75619480013847E-02 
378	 9.69034284353256E-02 
379	 9.37256217002869E-02 
380	 9.39872786402702E-02 
381	 0.092860072851181 
382	 9.02713760733604E-02 
383	 8.88735055923462E-02 
384	 8.83863568305969E-02 
385	 8.80344063043594E-02 
386	 8.72543677687645E-02 
387	 8.58501344919205E-02 
388	 8.55145305395126E-02 
389	 8.62149223685265E-02 
390	 8.66523161530495E-02 
391	 8.25222656130791E-02 
392	 8.14049690961838E-02 
393	 8.32210406661034E-02 
394	 8.30526724457741E-02 
395	 8.22779610753059E-02 
396	 0.081809401512146 
397	 8.18028599023819E-02 
398	 8.12225267291069E-02 
399	 8.13514292240143E-02 
400	 8.12799483537674E-02 
401	 8.01549479365349E-02 
402	 7.97504857182503E-02 
403	 8.03665518760681E-02 
404	 8.13537612557411E-02 
405	 8.15244615077972E-02 
406	 8.12039077281952E-02 
407	 8.12736675143242E-02 
408	 8.19556713104248E-02 
409	 8.21531414985657E-02 
410	 8.22853595018387E-02 
411	 8.20303857326508E-02 
412	 8.13363566994667E-02 
413	 8.25358778238297E-02 
414	 8.32836925983429E-02 
415	 8.32054987549782E-02 
416	 8.37852358818054E-02 
417	 8.43029692769051E-02 
418	 0.084924727678299 
419	 8.58235880732536E-02 
420	 8.70084315538406E-02 
421	 8.72881412506104E-02 
422	 8.72159749269485E-02 
423	 8.79205912351608E-02 
424	 8.91766473650932E-02 
425	 9.05768498778343E-02 
426	 0.091676726937294 
427	 9.20263007283211E-02 
428	 9.30019542574883E-02 
429	 9.42815393209457E-02 
430	 9.53811556100845E-02 
431	 9.65539142489433E-02 
432	 9.76952463388443E-02 
433	 9.87792983651161E-02 
434	 9.98339802026749E-02 
435	 0.100920893251896 
436	 0.102200269699097 
437	 0.103691153228283 
438	 0.105203941464424 
439	 0.106557562947273 
440	 0.107744164764881 
441	 0.108859233558178 
442	 0.110117256641388 
443	 0.111592009663582 
444	 0.113126628100872 
445	 0.114418640732765 
446	 0.115594908595085 
447	 0.117019891738892 
448	 0.118684269487858 
449	 0.119670167565346 
450	 0.12077522277832 
451	 0.122090958058834 
452	 0.123431347310543 
453	 0.124666094779968 
454	 0.125890329480171 
455	 0.127125948667526 
456	 0.12830363214016 
457	 0.129424467682838 
458	 0.130453854799271 
459	 0.13146710395813 
460	 0.132908850908279 
461	 0.134079739451408 
462	 0.135022923350334 
463	 0.136154994368553 
464	 0.137208014726639 
465	 0.138278663158417 
466	 0.139436200261116 
467	 0.140662640333176 
468	 0.141772404313087 
469	 0.142779275774956 
470	 0.143772125244141 
471	 0.144845962524414 
472	 0.145964756608009 
473	 0.147033229470253 
474	 0.147944137454033 
475	 0.149061426520348 
476	 0.150184616446495 
477	 0.151193112134933 
478	 0.152355387806892 
479	 0.153449028730392 
480	 0.154521375894547 
481	 0.15568433701992 
482	 0.156762525439262 
483	 0.157830879092216 
484	 0.158982992172241 
485	 0.160300597548485 
486	 0.161454066634178 
487	 0.162626668810844 
488	 0.163980528712273 
489	 0.165246203541756 
490	 0.166454032063484 
491	 0.167694896459579 
492	 0.169067054986954 
493	 0.170355051755905 
494	 0.171686127781868 
495	 0.173136442899704 
496	 0.174641236662865 
497	 0.1760333776474 
498	 0.177405163645744 
499	 0.178891539573669 
500	 0.1804259121418 
501	 0.181868657469749 
502	 0.183265000581741 
503	 0.184808030724525 
504	 0.186278805136681 
505	 0.187718823552132 
506	 0.189200788736343 
507	 0.190774276852608 
508	 0.192252397537231 
509	 0.193730175495148 
510	 0.195378288626671 
511	 0.196925342082977 
512	 0.198540717363358 
513	 0.200222119688988 
514	 0.201706558465958 
515	 0.203235045075417 
516	 0.204803511500359 
517	 0.206359073519707 
518	 0.207888379693031 
519	 0.209529936313629 
520	 0.211262241005898 
521	 0.212955385446548 
522	 0.214652270078659 
523	 0.216356530785561 
524	 0.218079045414925 
525	 0.219858273863792 
526	 0.221642017364502 
527	 0.223442062735558 
528	 0.225274309515953 
529	 0.227033853530884 
530	 0.228814154863358 
531	 0.230658397078514 
532	 0.232539221644402 
533	 0.234497338533401 
534	 0.236453473567963 
535	 0.238337680697441 
536	 0.24017059803009 
537	 0.242058753967285 
538	 0.243971630930901 
539	 0.245819851756096 
540	 0.247727766633034 
541	 0.249591991305351 
542	 0.25136598944664 
543	 0.253129661083221 
544	 0.254864394664764 
545	 0.256595134735107 
546	 0.258331388235092 
547	 0.259962826967239 
548	 0.261621057987213 
549	 0.263297349214554 
550	 0.264856427907944 
551	 0.266450107097626 
552	 0.26806578040123 
553	 0.269679427146912 
554	 0.271323710680008 
555	 0.272938817739487 
556	 0.274528443813324 
557	 0.276130795478821 
558	 0.277779847383499 
559	 0.279436349868774 
560	 0.281082630157471 
561	 0.282746493816376 
562	 0.284345239400864 
563	 0.285804718732834 
564	 0.287133783102036 
565	 0.28862527012825 
566	 0.290061473846436 
567	 0.291370391845703 
568	 0.292605519294739 
569	 0.293842196464539 
570	 0.295076638460159 
571	 0.296327114105225 
572	 0.297694951295853 
573	 0.299107104539871 
574	 0.300448000431061 
575	 0.301629304885864 
576	 0.302817642688751 
577	 0.303963124752045 
578	 0.305085450410843 
579	 0.306296646595001 
580	 0.307693779468536 
581	 0.309136092662811 
582	 0.310511320829391 
583	 0.311971426010132 
584	 0.313476115465164 
585	 0.314972341060638 
586	 0.316401958465576 
587	 0.317752242088318 
588	 0.319013744592667 
589	 0.320211410522461 
590	 0.321420103311539 
591	 0.322550088167191 
592	 0.323624491691589 
593	 0.324695140123367 
594	 0.325761258602142 
595	 0.326854526996613 
596	 0.327954441308975 
597	 0.32899871468544 
598	 0.330060750246048 
599	 0.331134021282196 
600	 0.332195937633514 
601	 0.333203762769699 
602	 0.334294617176056 
603	 0.33539217710495 
604	 0.336364060640335 
605	 0.337407022714615 
606	 0.338433653116226 
607	 0.339406132698059 
608	 0.340374737977982 
609	 0.341287046670914 
610	 0.342171758413315 
611	 0.343050688505173 
612	 0.343843072652817 
613	 0.344619691371918 
614	 0.345389544963837 
615	 0.34613299369812 
616	 0.34697413444519 
617	 0.347841560840607 
618	 0.348659932613373 
619	 0.349394708871841 
620	 0.350090533494949 
621	 0.350825309753418 
622	 0.351637005805969 
623	 0.352324038743973 
624	 0.353002339601517 
625	 0.353735238313675 
626	 0.35451477766037 
627	 0.35520476102829 
628	 0.355823338031769 
629	 0.356428921222687 
630	 0.357099324464798 
631	 0.357743620872498 
632	 0.358348697423935 
633	 0.358951091766357 
634	 0.359676450490952 
635	 0.360334128141403 
636	 0.360878080129623 
637	 0.361470848321915 
638	 0.362068712711334 
639	 0.362644612789154 
640	 0.363198846578598 
641	 0.363816261291504 
642	 0.364446967840195 
643	 0.365054279565811 
644	 0.365619778633118 
645	 0.366194635629654 
646	 0.366805076599121 
647	 0.367429107427597 
648	 0.367969483137131 
649	 0.368551343679428 
650	 0.369162499904633 
651	 0.369760513305664 
652	 0.370368748903275 
653	 0.37098291516304 
654	 0.37157467007637 
655	 0.372108936309814 
656	 0.372739106416702 
657	 0.373330771923065 
658	 0.373841226100922 
659	 0.374524414539337 
660	 0.375211209058762 
661	 0.375873118638992 
662	 0.37653174996376 
663	 0.377189099788666 
664	 0.377886027097702 
665	 0.378609389066696 
666	 0.379293590784073 
667	 0.379977703094482 
668	 0.380664378404617 
669	 0.381376981735229 
670	 0.382219076156616 
671	 0.383053630590439 
672	 0.383840352296829 
673	 0.38460099697113 
674	 0.385411739349365 
675	 0.386283487081528 
676	 0.387176424264908 
677	 0.388002157211304 
678	 0.388885796070099 
679	 0.389797300100327 
680	 0.390710204839706 
681	 0.391729533672333 
682	 0.392784148454666 
683	 0.3938008248806 
684	 0.394730627536774 
685	 0.395710647106171 
686	 0.396734952926636 
687	 0.397777050733566 
688	 0.398806095123291 
689	 0.399798721075058 
690	 0.400823175907135 
691	 0.401955902576447 
692	 0.403228491544724 
693	 0.404432326555252 
694	 0.405522733926773 
695	 0.406580746173859 
696	 0.407748013734818 
697	 0.408881694078445 
698	 0.409938812255859 
699	 0.411088794469833 
700	 0.412289589643478 
701	 0.413430660963058 
702	 0.414453774690628 
703	 0.415562629699707 
704	 0.416757434606552 
705	 0.417939364910126 
706	 0.418962448835373 
707	 0.419893026351929 
708	 0.420889645814896 
709	 0.422004044055939 
710	 0.423099339008331 
711	 0.4240782558918 
712	 0.424990236759186 
713	 0.425918489694595 
714	 0.426855236291885 
715	 0.427798330783844 
716	 0.428686946630478 
717	 0.429438203573227 
718	 0.430213660001755 
719	 0.430931061506271 
720	 0.431580781936646 
721	 0.432331085205078 
722	 0.433107912540436 
723	 0.433847546577454 
724	 0.434518814086914 
725	 0.435216665267944 
726	 0.435884326696396 
727	 0.436535000801086 
728	 0.437214970588684 
729	 0.437762826681137 
730	 0.43827098608017 
731	 0.438830852508545 
732	 0.439476788043976 
733	 0.440076053142548 
734	 0.440615952014923 
735	 0.441128551959991 
736	 0.44164165854454 
737	 0.442234933376312 
738	 0.442889839410782 
739	 0.443514049053192 
740	 0.444007694721222 
741	 0.444494426250458 
742	 0.445040285587311 
743	 0.445582658052444 
744	 0.446101516485214 
745	 0.44660672545433 
746	 0.447123140096664 
747	 0.447705984115601 
748	 0.448161363601685 
749	 0.448568910360336 
750	 0.449124425649643 
751	 0.449570626020432 
752	 0.449997276067734 
753	 0.450442224740982 
754	 0.450832366943359 
755	 0.451219946146011 
756	 0.451626539230347 
757	 0.452039420604706 
758	 0.4523566365242 
759	 0.452771365642548 
760	 0.453255653381348 
761	 0.453679770231247 
762	 0.45402467250824 
763	 0.454365104436874 
764	 0.454751908779144 
765	 0.455194532871246 
766	 0.455578476190567 
767	 0.45593050122261 
768	 0.456296920776367 
769	 0.45669412612915 
770	 0.457168906927109 
771	 0.457593232393265 
772	 0.457863330841064 
773	 0.45833021402359 
774	 0.458753675222397 
775	 0.459096431732178 
776	 0.459502220153809 
777	 0.459937691688538 
778	 0.460346937179565 
779	 0.460718363523483 
780	 0.46112135052681 
781	 0.461480677127838 
782	 0.461850047111511 
783	 0.462272167205811 
784	 0.462612390518188 
785	 0.463017076253891 
786	 0.463462561368942 
787	 0.463836520910263 
788	 0.464172005653381 
789	 0.46454256772995 
790	 0.464936137199402 
791	 0.465244352817535 
792	 0.465663403272629 
793	 0.466082066297531 
794	 0.46640557050705 
795	 0.466743111610413 
796	 0.466987788677216 
797	 0.467250555753708 
798	 0.467654377222061 
799	 0.467982649803162 
800	 0.468236893415451 
801	 0.468480378389359 
802	 0.468797475099564 
803	 0.469031393527985 
804	 0.46928471326828 
805	 0.46960386633873 
806	 0.469900667667389 
807	 0.470211565494537 
808	 0.470480531454086 
809	 0.470685303211212 
810	 0.470960199832916 
811	 0.471254229545593 
812	 0.471568673849106 
813	 0.471904873847961 
814	 0.472142159938812 
815	 0.4723881483078 
816	 0.472674518823624 
817	 0.47295606136322 
818	 0.473285317420959 
819	 0.473617374897003 
820	 0.473913490772247 
821	 0.474170207977295 
822	 0.474384784698486 
823	 0.474654138088226 
824	 0.475024938583374 
825	 0.475313603878021 
826	 0.475604027509689 
827	 0.475923776626587 
828	 0.476257175207138 
829	 0.476502299308777 
830	 0.476768493652344 
831	 0.477063626050949 
832	 0.477301716804504 
833	 0.47751572728157 
834	 0.477753728628159 
835	 0.478035897016525 
836	 0.478336364030838 
837	 0.478545010089874 
838	 0.478742837905884 
839	 0.47900602221489 
840	 0.479257196187973 
841	 0.479461848735809 
842	 0.479652106761932 
843	 0.479874908924103 
844	 0.480087757110596 
845	 0.480291962623596 
846	 0.480504751205444 
847	 0.480742514133453 
848	 0.480928719043732 
849	 0.481035947799683 
850	 0.481121063232422 
851	 0.481324344873428 
852	 0.481527119874954 
853	 0.481719791889191 
854	 0.481919348239899 
855	 0.482153236865997 
856	 0.48235484957695 
857	 0.482580333948135 
858	 0.482862859964371 
859	 0.48300176858902 
860	 0.483215093612671 
861	 0.483517616987228 
862	 0.483810037374496 
863	 0.484044402837753 
864	 0.484261780977249 
865	 0.484506249427795 
866	 0.484806686639786 
867	 0.485095113515854 
868	 0.485320657491684 
869	 0.485505163669586 
870	 0.485759407281876 
871	 0.486082464456558 
872	 0.486474901437759 
873	 0.486887067556381 
874	 0.4871706366539 
875	 0.48746120929718 
876	 0.48777911067009 
877	 0.488103628158569 
878	 0.488404601812363 
879	 0.488709837198257 
880	 0.489026725292206 
881	 0.489349961280823 
882	 0.489672541618347 
883	 0.489977091550827 
884	 0.49028155207634 
885	 0.490622162818909 
886	 0.490953624248505 
887	 0.491230994462967 
888	 0.491480857133865 
889	 0.491801530122757 
890	 0.492140173912048 
891	 0.492498606443405 
892	 0.492859661579132 
893	 0.493163883686066 
894	 0.493375182151794 
895	 0.493591219186783 
896	 0.493900835514069 
897	 0.49428653717041 
898	 0.494598954916 
899	 0.494842737913132 
900	 0.495081186294556 
901	 0.495350867509842 
902	 0.495620787143707 
903	 0.495870292186737 
904	 0.496093481779099 
905	 0.496323436498642 
906	 0.496537983417511 
907	 0.496784538030624 
908	 0.497141242027283 
909	 0.49752539396286 
910	 0.497872203588486 
911	 0.498186051845551 
912	 0.498537987470627 
913	 0.49896228313446 
914	 0.49931526184082 
915	 0.499608188867569 
916	 0.500083088874817 
917	 0.500576257705688 
918	 0.50096982717514 
919	 0.501256585121155 
920	 0.50160676240921 
921	 0.501986443996429 
922	 0.502362728118896 
923	 0.502727508544922 
924	 0.50314325094223 
925	 0.503561496734619 
926	 0.504008829593658 
927	 0.504501700401306 
928	 0.504940271377563 
929	 0.50540816783905 
930	 0.505909860134125 
931	 0.506398797035217 
932	 0.506771624088287 
933	 0.507198214530945 
934	 0.507661283016205 
935	 0.508062958717346 
936	 0.508497476577759 
937	 0.508968591690063 
938	 0.50943911075592 
939	 0.509871304035187 
940	 0.510401666164398 
941	 0.510920763015747 
942	 0.511398613452911 
943	 0.511878609657288 
944	 0.512214243412018 
945	 0.51263040304184 
946	 0.513168454170227 
947	 0.5136359333992 
948	 0.513983190059662 
949	 0.514355301856995 
950	 0.514837026596069 
951	 0.515382289886475 
952	 0.515810430049896 
953	 0.516155004501343 
954	 0.516494929790497 
955	 0.516899049282074 
956	 0.517258882522583 
957	 0.517645657062531 
958	 0.518100559711456 
959	 0.518549740314484 
960	 0.518869340419769 
961	 0.519182682037354 
962	 0.519551694393158 
963	 0.519795715808868 
964	 0.520168542861938 
965	 0.520579874515533 
966	 0.52091771364212 
967	 0.521234393119812 
968	 0.521605670452118 
969	 0.522030413150787 
970	 0.522435426712036 
971	 0.522637248039246 
972	 0.522948265075684 
973	 0.523260891437531 
974	 0.523473501205444 
975	 0.523882746696472 
976	 0.524224519729614 
977	 0.524629652500153 
978	 0.52522599697113 
979	 0.525770783424377 
980	 0.526032984256744 
981	 0.526231646537781 
982	 0.526624262332916 
983	 0.527028560638428 
984	 0.52745532989502 
985	 0.528006136417389 
986	 0.528671026229858 
987	 0.528976261615753 
988	 0.529302895069122 
989	 0.529813289642334 
990	 0.530472338199615 
991	 0.530908226966858 
992	 0.531463146209717 
993	 0.531986117362976 
994	 0.532319903373718 
995	 0.532905459403992 
996	 0.533532321453094 
997	 0.534208536148071 
998	 0.534949958324432 
999	 0.535556018352509 
1000	 0.536096036434174 
1001	 0.516010701656342 
1002	 0.516392290592194 
1003	 0.516818463802338 
1004	 0.517179369926453 
1005	 0.517511427402496 
1006	 0.517882525920868 
1007	 0.51822304725647 
1008	 0.518597006797791 
1009	 0.519055187702179 
1010	 0.519416213035584 
1011	 0.51973295211792 
1012	 0.520056843757629 
1013	 0.520321428775787 
1014	 0.520622968673706 
1015	 0.520941317081451 
1016	 0.521252810955048 
1017	 0.521615743637085 
1018	 0.521974444389343 
1019	 0.52233499288559 
1020	 0.522695004940033 
1021	 0.522981524467468 
1022	 0.523196518421173 
1023	 0.523447871208191 
1024	 0.523661375045776 
1025	 0.523900985717773 
1026	 0.524165034294128 
1027	 0.52441942691803 
1028	 0.524662792682648 
1029	 0.524916708469391 
1030	 0.525227844715118 
1031	 0.525504112243652 
1032	 0.525720119476318 
1033	 0.525928199291229 
1034	 0.52610057592392 
1035	 0.52628880739212 
1036	 0.526522099971771 
1037	 0.526841223239899 
1038	 0.527079641819 
1039	 0.527268648147583 
1040	 0.527525901794434 
1041	 0.527801513671875 
1042	 0.528063535690308 
1043	 0.528363704681396 
1044	 0.528634130954742 
1045	 0.528927087783813 
1046	 0.529241502285004 
1047	 0.529532015323639 
1048	 0.52986741065979 
1049	 0.530156493186951 
1050	 0.530416011810303 
1051	 0.530772984027863 
1052	 0.531146585941315 
1053	 0.531513810157776 
1054	 0.531908929347992 
1055	 0.53229159116745 
1056	 0.532647907733917 
1057	 0.533034861087799 
1058	 0.533451318740845 
1059	 0.533852636814117 
1060	 0.534217357635498 
1061	 0.534609258174896 
1062	 0.534988641738892 
1063	 0.535338461399078 
1064	 0.535704135894775 
1065	 0.536093294620514 
1066	 0.536509335041046 
1067	 0.536916136741638 
1068	 0.537369668483734 
1069	 0.537841200828552 
1070	 0.538258910179138 
1071	 0.538642764091492 
1072	 0.539037048816681 
1073	 0.539394199848175 
1074	 0.539747893810272 
1075	 0.540120601654053 
1076	 0.540463328361511 
1077	 0.540833950042725 
1078	 0.541204035282135 
1079	 0.54157954454422 
1080	 0.541990458965302 
1081	 0.542385935783386 
1082	 0.542742311954498 
1083	 0.54308956861496 
1084	 0.543480455875397 
1085	 0.543890237808228 
1086	 0.544265389442444 
1087	 0.544638216495514 
1088	 0.545010566711426 
1089	 0.54535847902298 
1090	 0.545684099197388 
1091	 0.546066224575043 
1092	 0.546448826789856 
1093	 0.546789288520813 
1094	 0.547146737575531 
1095	 0.547505259513855 
1096	 0.547868311405182 
1097	 0.548225164413452 
1098	 0.548554122447968 
1099	 0.548857271671295 
1100	 0.549142241477966 
1101	 0.549465417861938 
1102	 0.549762547016144 
1103	 0.55003958940506 
1104	 0.550297856330872 
1105	 0.550582766532898 
1106	 0.550828993320465 
1107	 0.551073133945465 
1108	 0.551342308521271 
1109	 0.551573574542999 
1110	 0.55180037021637 
1111	 0.552036762237549 
1112	 0.552254319190979 
1113	 0.552481353282928 
1114	 0.552694261074066 
1115	 0.552877008914948 
1116	 0.553092896938324 
1117	 0.553312122821808 
1118	 0.553493738174438 
1119	 0.553650438785553 
1120	 0.55382239818573 
1121	 0.553987681865692 
1122	 0.554119408130646 
1123	 0.554271757602692 
1124	 0.554426074028015 
1125	 0.554558038711548 
1126	 0.554699122905731 
1127	 0.554873287677765 
1128	 0.555041909217834 
1129	 0.555191814899445 
1130	 0.55532169342041 
1131	 0.555395841598511 
1132	 0.555462002754211 
1133	 0.55555933713913 
1134	 0.555631577968597 
1135	 0.555688679218292 
1136	 0.555751264095306 
1137	 0.555794894695282 
1138	 0.555793225765228 
1139	 0.55582058429718 
1140	 0.555865585803986 
1141	 0.555886566638947 
1142	 0.555906295776367 
1143	 0.55592679977417 
1144	 0.555941343307495 
1145	 0.555952966213226 
1146	 0.555960595607758 
1147	 0.555976212024689 
1148	 0.555992841720581 
1149	 0.555997848510742 
1150	 0.556007027626038 
1151	 0.556009531021118 
1152	 0.556008219718933 
1153	 0.556015491485596 
1154	 0.555991411209106 
1155	 0.555946230888367 
1156	 0.555904746055603 
1157	 0.555850386619568 
1158	 0.555778741836548 
1159	 0.555708646774292 
1160	 0.555623292922974 
1161	 0.555496215820313 
1162	 0.55536162853241 
1163	 0.555239081382751 
1164	 0.555090546607971 
1165	 0.554924368858337 
1166	 0.554756462574005 
1167	 0.554564893245697 
1168	 0.554388046264648 
1169	 0.554208695888519 
1170	 0.554025173187256 
1171	 0.553858160972595 
1172	 0.553706824779511 
1173	 0.553535759449005 
1174	 0.553361654281616 
1175	 0.553206861019135 
1176	 0.553045630455017 
1177	 0.552884757518768 
1178	 0.552741646766663 
1179	 0.552595198154449 
1180	 0.552434146404266 
1181	 0.552296876907349 
1182	 0.552197515964508 
1183	 0.552137911319733 
1184	 0.552103996276855 
1185	 0.552096724510193 
1186	 0.552114844322205 
1187	 0.552152693271637 
1188	 0.552224159240723 
1189	 0.55232185125351 
1190	 0.552461266517639 
1191	 0.55264413356781 
1192	 0.552838027477264 
1193	 0.553048074245453 
1194	 0.553302407264709 
1195	 0.55359560251236 
1196	 0.553898513317108 
1197	 0.554234683513641 
1198	 0.554603099822998 
1199	 0.554954290390015 
1200	 0.555297434329987 
1201	 0.555673778057098 
1202	 0.556024968624115 
1203	 0.55638974905014 
1204	 0.556816458702087 
1205	 0.557220101356506 
1206	 0.557632505893707 
1207	 0.558057069778442 
1208	 0.558463990688324 
1209	 0.558918058872223 
1210	 0.55939108133316 
1211	 0.559904158115387 
1212	 0.560471177101135 
1213	 0.561034560203552 
1214	 0.561625838279724 
1215	 0.562227845191956 
1216	 0.56284773349762 
1217	 0.563454806804657 
1218	 0.564078688621521 
1219	 0.564680516719818 
1220	 0.565299332141876 
1221	 0.565947234630585 
1222	 0.566560029983521 
1223	 0.567185401916504 
1224	 0.567775130271912 
1225	 0.568317174911499 
1226	 0.568873584270477 
1227	 0.569440722465515 
1228	 0.569972634315491 
1229	 0.570481598377228 
1230	 0.570992290973663 
1231	 0.571485340595245 
1232	 0.571972846984863 
1233	 0.572461903095245 
1234	 0.572928547859192 
1235	 0.573370218276978 
1236	 0.573816001415253 
1237	 0.574259042739868 
1238	 0.574691116809845 
1239	 0.575121104717255 
1240	 0.57553505897522 
1241	 0.575940728187561 
1242	 0.57631379365921 
1243	 0.576710879802704 
1244	 0.577117800712585 
1245	 0.577488660812378 
1246	 0.57787424325943 
1247	 0.578197360038757 
1248	 0.578471839427948 
1249	 0.578739941120148 
1250	 0.578961491584778 
1251	 0.579201221466064 
1252	 0.579450368881226 
1253	 0.579661846160889 
1254	 0.579866588115692 
1255	 0.580047309398651 
1256	 0.580166697502136 
1257	 0.580321550369263 
1258	 0.580477833747864 
1259	 0.580640971660614 
1260	 0.580838978290558 
1261	 0.581007182598114 
1262	 0.581146895885468 
1263	 0.581304132938385 
1264	 0.581467747688293 
1265	 0.581616520881653 
1266	 0.581792593002319 
1267	 0.582005023956299 
1268	 0.582184672355652 
1269	 0.582339406013489 
1270	 0.582539975643158 
1271	 0.58273583650589 
1272	 0.582973420619965 
1273	 0.583250343799591 
1274	 0.583544194698334 
1275	 0.583874046802521 
1276	 0.584192514419556 
1277	 0.584543287754059 
1278	 0.584868371486664 
1279	 0.585164070129395 
1280	 0.585483133792877 
1281	 0.585800588130951 
1282	 0.586129605770111 
1283	 0.586473643779755 
1284	 0.586820423603058 
1285	 0.587172210216522 
1286	 0.587523698806763 
1287	 0.587894797325134 
1288	 0.588281095027924 
1289	 0.588660955429077 
1290	 0.589057505130768 
1291	 0.589431703090668 
1292	 0.589801490306854 
1293	 0.590152025222778 
1294	 0.590492248535156 
1295	 0.590816140174866 
1296	 0.591118097305298 
1297	 0.591419339179993 
1298	 0.59170401096344 
1299	 0.591994285583496 
1300	 0.592295944690704 
1301	 0.592568039894104 
1302	 0.592813313007355 
1303	 0.593075573444366 
1304	 0.593338131904602 
1305	 0.593582332134247 
1306	 0.593818426132202 
1307	 0.594066858291626 
1308	 0.594298005104065 
1309	 0.59454870223999 
1310	 0.594760417938232 
1311	 0.594984591007233 
1312	 0.595171391963959 
1313	 0.595309495925903 
1314	 0.595467746257782 
1315	 0.595631837844849 
1316	 0.595777094364166 
1317	 0.595908105373383 
1318	 0.596035718917847 
1319	 0.596166670322418 
1320	 0.596266269683838 
1321	 0.596346855163574 
1322	 0.596420705318451 
1323	 0.596467912197113 
1324	 0.596520781517029 
1325	 0.596578240394592 
1326	 0.596619367599487 
1327	 0.596663594245911 
1328	 0.596676290035248 
1329	 0.596674978733063 
1330	 0.596648693084717 
1331	 0.596581101417542 
1332	 0.596519291400909 
1333	 0.596465051174164 
1334	 0.596370398998261 
1335	 0.596265554428101 
1336	 0.596161186695099 
1337	 0.596008598804474 
1338	 0.595819771289825 
1339	 0.595621943473816 
1340	 0.595397770404816 
1341	 0.595166862010956 
1342	 0.594927489757538 
1343	 0.594657838344574 
1344	 0.594382405281067 
1345	 0.594055891036987 
1346	 0.593707740306854 
1347	 0.593304872512817 
1348	 0.592879354953766 
1349	 0.592372715473175 
1350	 0.591783940792084 
1351	 0.591187238693237 
1352	 0.590518057346344 
1353	 0.589860022068024 
1354	 0.589188516139984 
1355	 0.588517546653748 
1356	 0.587806165218353 
1357	 0.587137639522552 
1358	 0.58644437789917 
1359	 0.58583128452301 
1360	 0.585253179073334 
1361	 0.584739923477173 
1362	 0.584301114082336 
1363	 0.583922445774078 
1364	 0.583585262298584 
1365	 0.583310544490814 
1366	 0.583058893680573 
1367	 0.582854688167572 
1368	 0.582662284374237 
1369	 0.582525432109833 
1370	 0.582340836524963 
1371	 0.582173049449921 
1372	 0.58196234703064 
1373	 0.581751227378845 
1374	 0.581456899642944 
1375	 0.581160843372345 
1376	 0.580732226371765 
1377	 0.580203890800476 
1378	 0.57961630821228 
1379	 0.578852772712708 
1380	 0.578204095363617 
1381	 0.577471673488617 
1382	 0.576896667480469 
1383	 0.576396465301514 
1384	 0.575995802879334 
1385	 0.575748383998871 
1386	 0.575489342212677 
1387	 0.575354397296906 
1388	 0.575152397155762 
1389	 0.574957251548767 
1390	 0.574709355831146 
1391	 0.574407875537872 
1392	 0.574095785617828 
1393	 0.573765873908997 
1394	 0.573403537273407 
1395	 0.573064386844635 
1396	 0.572738945484161 
1397	 0.572380781173706 
1398	 0.572036147117615 
1399	 0.571613729000092 
1400	 0.571174681186676 
1401	 0.570639431476593 
1402	 0.570060968399048 
1403	 0.569364309310913 
1404	 0.568561255931854 
1405	 0.567733287811279 
1406	 0.566814243793488 
1407	 0.565873026847839 
1408	 0.564894258975983 
1409	 0.563876032829285 
1410	 0.562814116477966 
1411	 0.561700522899628 
1412	 0.560561776161194 
1413	 0.559362649917603 
1414	 0.558095276355743 
1415	 0.556795954704285 
1416	 0.555432379245758 
1417	 0.554056823253632 
1418	 0.552670121192932 
1419	 0.551216602325439 
1420	 0.549719512462616 
1421	 0.548202395439148 
1422	 0.546621263027191 
1423	 0.545026123523712 
1424	 0.543441414833069 
1425	 0.54176390171051 
1426	 0.540146052837372 
1427	 0.538488149642944 
1428	 0.536771416664124 
1429	 0.535167992115021 
1430	 0.533571600914001 
1431	 0.53196918964386 
1432	 0.530414283275604 
1433	 0.528918981552124 
1434	 0.527432799339294 
1435	 0.525954008102417 
1436	 0.524492800235748 
1437	 0.52308851480484 
1438	 0.521663963794708 
1439	 0.520208716392517 
1440	 0.51881355047226 
1441	 0.51736980676651 
1442	 0.516122937202454 
1443	 0.514847755432129 
1444	 0.513927817344666 
1445	 0.513123869895935 
1446	 0.512742698192596 
1447	 0.512611150741577 
1448	 0.512898623943329 
1449	 0.513595640659332 
1450	 0.514578580856323 
1451	 0.515995979309082 
1452	 0.517575263977051 
1453	 0.519568145275116 
1454	 0.521514415740967 
1455	 0.523716390132904 
1456	 0.525807559490204 
1457	 0.52799266576767 
1458	 0.530012190341949 
1459	 0.531989991664886 
1460	 0.533833622932434 
1461	 0.535555064678192 
1462	 0.537135601043701 
1463	 0.538594663143158 
1464	 0.539939522743225 
1465	 0.541100144386292 
1466	 0.542230784893036 
1467	 0.543229103088379 
1468	 0.544149398803711 
1469	 0.545029640197754 
1470	 0.545781791210175 
1471	 0.546518266201019 
1472	 0.547200620174408 
1473	 0.54783970117569 
1474	 0.548415124416351 
1475	 0.548975467681885 
1476	 0.54949551820755 
1477	 0.549995899200439 
1478	 0.550462067127228 
1479	 0.550909399986267 
1480	 0.551342248916626 
1481	 0.551725029945374 
1482	 0.552075266838074 
1483	 0.552393436431885 
1484	 0.55266273021698 
1485	 0.552922606468201 
1486	 0.553136646747589 
1487	 0.553381741046906 
1488	 0.553594887256622 
1489	 0.553866982460022 
1490	 0.554154574871063 
1491	 0.554499089717865 
1492	 0.554857730865479 
1493	 0.555314600467682 
1494	 0.555854201316834 
1495	 0.556421339511871 
1496	 0.557065725326538 
1497	 0.557730495929718 
1498	 0.558433473110199 
1499	 0.559156835079193 
1500	 0.559941351413727 
1501	 0.56070750951767 
1502	 0.561501443386078 
1503	 0.562255322933197 
1504	 0.563012480735779 
1505	 0.563725888729095 
1506	 0.564415454864502 
1507	 0.565059900283813 
1508	 0.565662741661072 
1509	 0.566235780715942 
1510	 0.566773235797882 
1511	 0.567267060279846 
1512	 0.567711353302002 
1513	 0.568143665790558 
1514	 0.568544805049896 
1515	 0.568915128707886 
1516	 0.569273710250854 
1517	 0.569592475891113 
1518	 0.56986278295517 
1519	 0.570109009742737 
1520	 0.570325016975403 
1521	 0.570518314838409 
1522	 0.570670187473297 
1523	 0.570799827575684 
1524	 0.570913672447205 
1525	 0.570995807647705 
1526	 0.571082234382629 
1527	 0.571155786514282 
1528	 0.571229457855225 
1529	 0.57129430770874 
1530	 0.571361124515533 
1531	 0.571424841880798 
1532	 0.571489632129669 
1533	 0.571552634239197 
1534	 0.571617066860199 
1535	 0.571670711040497 
1536	 0.571759581565857 
1537	 0.571846961975098 
1538	 0.571985125541687 
1539	 0.57215017080307 
1540	 0.572362780570984 
1541	 0.572613596916199 
1542	 0.572901129722595 
1543	 0.573244214057922 
1544	 0.573587119579315 
1545	 0.573956191539764 
1546	 0.574341952800751 
1547	 0.574742317199707 
1548	 0.575166642665863 
1549	 0.575624883174896 
1550	 0.576078712940216 
1551	 0.576562583446503 
1552	 0.577010989189148 
1553	 0.577452003955841 
1554	 0.577883183956146 
1555	 0.57830011844635 
1556	 0.578702509403229 
1557	 0.579097628593445 
1558	 0.579479396343231 
1559	 0.579837620258331 
1560	 0.580196022987366 
1561	 0.580551326274872 
1562	 0.580895602703094 
1563	 0.581230700016022 
1564	 0.581555306911469 
1565	 0.581867039203644 
1566	 0.582178473472595 
1567	 0.58248096704483 
1568	 0.582780718803406 
1569	 0.583073496818542 
1570	 0.583372354507446 
1571	 0.583661675453186 
1572	 0.583966672420502 
1573	 0.584297657012939 
1574	 0.584600806236267 
1575	 0.584908127784729 
1576	 0.585190176963806 
1577	 0.585437953472137 
1578	 0.585696995258331 
1579	 0.585940539836884 
1580	 0.586198329925537 
1581	 0.586459696292877 
1582	 0.586729943752289 
1583	 0.587025761604309 
1584	 0.587293326854706 
1585	 0.587550461292267 
1586	 0.587809324264526 
1587	 0.58804589509964 
1588	 0.588296234607697 
1589	 0.588560581207275 
1590	 0.588819026947021 
1591	 0.589082002639771 
1592	 0.589333415031433 
1593	 0.589583396911621 
1594	 0.589823186397552 
1595	 0.59004932641983 
1596	 0.590273141860962 
1597	 0.590475618839264 
1598	 0.590703248977661 
1599	 0.590947568416595 
1600	 0.591180145740509 
1601	 0.591427326202393 
1602	 0.591664433479309 
1603	 0.591885447502136 
1604	 0.592106878757477 
1605	 0.59233295917511 
1606	 0.592547297477722 
1607	 0.592763483524323 
1608	 0.592954576015472 
1609	 0.593119204044342 
1610	 0.593294441699982 
1611	 0.593454718589783 
1612	 0.593616485595703 
1613	 0.593798875808716 
1614	 0.593953490257263 
1615	 0.594099819660187 
1616	 0.594221591949463 
1617	 0.594326734542847 
1618	 0.594409227371216 
1619	 0.594455242156982 
1620	 0.594499528408051 
1621	 0.594540059566498 
1622	 0.594550967216492 
1623	 0.59454345703125 
1624	 0.594524383544922 
1625	 0.594472646713257 
1626	 0.594417631626129 
1627	 0.594354331493378 
1628	 0.594286680221558 
1629	 0.594188570976257 
1630	 0.594122648239136 
1631	 0.594052255153656 
1632	 0.59401923418045 
1633	 0.594029009342194 
1634	 0.594034254550934 
1635	 0.59404730796814 
1636	 0.594090104103088 
1637	 0.594156444072723 
1638	 0.594222605228424 
1639	 0.594313859939575 
1640	 0.594408452510834 
1641	 0.594515085220337 
1642	 0.594600260257721 
1643	 0.594727337360382 
1644	 0.594773411750793 
1645	 0.594767570495605 
1646	 0.594732284545898 
1647	 0.594634115695953 
1648	 0.594529092311859 
1649	 0.594426333904266 
1650	 0.594251334667206 
1651	 0.594037652015686 
1652	 0.59378057718277 
1653	 0.593460500240326 
1654	 0.593103110790253 
1655	 0.592721343040466 
1656	 0.592265605926514 
1657	 0.591754794120789 
1658	 0.591177582740784 
1659	 0.590519487857819 
1660	 0.589838027954102 
1661	 0.589125335216522 
1662	 0.588333904743195 
1663	 0.58749783039093 
1664	 0.586571156978607 
1665	 0.585592031478882 
1666	 0.584462583065033 
1667	 0.583242118358612 
1668	 0.581912100315094 
1669	 0.580452680587769 
1670	 0.578870177268982 
1671	 0.577148020267487 
1672	 0.575360417366028 
1673	 0.573445320129395 
1674	 0.571463108062744 
1675	 0.56942218542099 
1676	 0.567319929599762 
1677	 0.565099537372589 
1678	 0.56287670135498 
1679	 0.560582280158997 
1680	 0.558286726474762 
1681	 0.555962383747101 
1682	 0.553615033626556 
1683	 0.551247775554657 
1684	 0.548929393291473 
1685	 0.546608150005341 
1686	 0.544288456439972 
1687	 0.54194051027298 
1688	 0.539663255214691 
1689	 0.537361085414886 
1690	 0.535188674926758 
1691	 0.5331209897995 
1692	 0.531174778938293 
1693	 0.529321551322937 
1694	 0.527563810348511 
1695	 0.525912404060364 
1696	 0.52434104681015 
1697	 0.522875666618347 
1698	 0.521437466144562 
1699	 0.520110964775085 
1700	 0.518811166286469 
1701	 0.51753842830658 
1702	 0.516324877738953 
1703	 0.515160441398621 
1704	 0.514047622680664 
1705	 0.512973129749298 
1706	 0.511945009231567 
1707	 0.511065304279327 
1708	 0.510204672813416 
1709	 0.509390354156494 
1710	 0.508646249771118 
1711	 0.507854759693146 
1712	 0.507126927375793 
1713	 0.506426215171814 
1714	 0.505693852901459 
1715	 0.505034863948822 
1716	 0.504343867301941 
1717	 0.503642499446869 
1718	 0.502972483634949 
1719	 0.50230610370636 
1720	 0.501696527004242 
1721	 0.501104354858398 
1722	 0.50054132938385 
1723	 0.500042319297791 
1724	 0.499580264091492 
1725	 0.499173581600189 
1726	 0.498835772275925 
1727	 0.498546183109283 
1728	 0.498313307762146 
1729	 0.498183161020279 
1730	 0.498153299093246 
1731	 0.498213201761246 
1732	 0.498381525278091 
1733	 0.498631805181503 
1734	 0.498971730470657 
1735	 0.499381840229034 
1736	 0.49982738494873 
1737	 0.500260770320892 
1738	 0.500691652297974 
1739	 0.501025378704071 
1740	 0.50127500295639 
1741	 0.501500248908997 
1742	 0.501659989356995 
1743	 0.501807391643524 
1744	 0.501913666725159 
1745	 0.502038776874542 
1746	 0.502101063728333 
1747	 0.502255856990814 
1748	 0.502432703971863 
1749	 0.502695441246033 
1750	 0.503030955791473 
1751	 0.50343257188797 
1752	 0.503908693790436 
1753	 0.504449605941772 
1754	 0.5050448179245 
1755	 0.505723118782043 
1756	 0.506491184234619 
1757	 0.507251799106598 
1758	 0.50812155008316 
1759	 0.509003877639771 
1760	 0.509988486766815 
1761	 0.511102080345154 
1762	 0.512175738811493 
1763	 0.513317942619324 
1764	 0.514502108097076 
1765	 0.515708565711975 
1766	 0.517119705677032 
1767	 0.518577933311462 
1768	 0.520054817199707 
1769	 0.521567940711975 
1770	 0.522962927818298 
1771	 0.524355411529541 
1772	 0.525701344013214 
1773	 0.527004718780518 
1774	 0.528379261493683 
1775	 0.529667556285858 
1776	 0.530921757221222 
1777	 0.532113552093506 
1778	 0.533125579357147 
1779	 0.534101366996765 
1780	 0.535026788711548 
1781	 0.535871922969818 
1782	 0.536717057228088 
1783	 0.537518918514252 
1784	 0.538282811641693 
1785	 0.539010584354401 
1786	 0.539691030979156 
1787	 0.540298402309418 
1788	 0.54089742898941 
1789	 0.541466295719147 
1790	 0.542017817497253 
1791	 0.542569518089294 
1792	 0.543086767196655 
1793	 0.543559670448303 
1794	 0.544042587280273 
1795	 0.544472813606262 
1796	 0.544874787330627 
1797	 0.545283854007721 
1798	 0.545620381832123 
1799	 0.545934915542603 
1800	 0.54631507396698 
1801	 0.524016559123993 
1802	 0.525951087474823 
1803	 0.527635633945465 
1804	 0.529095590114594 
1805	 0.530530631542206 
1806	 0.531703412532806 
1807	 0.532652199268341 
1808	 0.533550024032593 
1809	 0.534240901470184 
1810	 0.534915328025818 
1811	 0.535501003265381 
1812	 0.536049783229828 
1813	 0.536497592926025 
1814	 0.536963641643524 
1815	 0.537374079227448 
1816	 0.537756025791168 
1817	 0.538136720657349 
1818	 0.538468420505524 
1819	 0.538833796977997 
1820	 0.539192318916321 
1821	 0.539582133293152 
1822	 0.539993107318878 
1823	 0.540418088436127 
1824	 0.540849447250366 
1825	 0.541268587112427 
1826	 0.541667282581329 
1827	 0.542062282562256 
1828	 0.542418241500854 
1829	 0.542741298675537 
1830	 0.54307097196579 
1831	 0.543396711349487 
1832	 0.543690800666809 
1833	 0.543925106525421 
1834	 0.544172763824463 
1835	 0.544363975524902 
1836	 0.544570207595825 
1837	 0.54487419128418 
1838	 0.545228362083435 
1839	 0.545627176761627 
1840	 0.546099543571472 
1841	 0.546595275402069 
1842	 0.547137975692749 
1843	 0.547706723213196 
1844	 0.54831326007843 
1845	 0.548899590969086 
1846	 0.549439191818237 
1847	 0.549937605857849 
1848	 0.550414323806763 
1849	 0.550886988639832 
1850	 0.551271617412567 
1851	 0.551614344120026 
1852	 0.551926910877228 
1853	 0.552108705043793 
1854	 0.552172124385834 
1855	 0.552189946174622 
1856	 0.55218493938446 
1857	 0.552148222923279 
1858	 0.552067875862122 
1859	 0.551930904388428 
1860	 0.551801800727844 
1861	 0.551485121250153 
1862	 0.551081418991089 
1863	 0.550583481788635 
1864	 0.549882769584656 
1865	 0.549104511737823 
1866	 0.54812616109848 
1867	 0.546973526477814 
1868	 0.545705199241638 
1869	 0.544350504875183 
1870	 0.543088853359222 
1871	 0.54176139831543 
1872	 0.540627002716064 
1873	 0.539608240127563 
1874	 0.538625776767731 
1875	 0.537799596786499 
1876	 0.536925971508026 
1877	 0.536087989807129 
1878	 0.535157322883606 
1879	 0.534039616584778 
1880	 0.532893538475037 
1881	 0.531493246555328 
1882	 0.529877007007599 
1883	 0.528149485588074 
1884	 0.526205539703369 
1885	 0.523931682109833 
1886	 0.521608889102936 
1887	 0.519068479537964 
1888	 0.516349017620087 
1889	 0.513735592365265 
1890	 0.510912477970123 
1891	 0.508030295372009 
1892	 0.505140781402588 
1893	 0.502008616924286 
1894	 0.498632669448853 
1895	 0.495303392410278 
1896	 0.491796731948853 
1897	 0.488086372613907 
1898	 0.484620302915573 
1899	 0.480941236019135 
1900	 0.47726035118103 
1901	 0.473653793334961 
1902	 0.469738990068436 
1903	 0.465980052947998 
1904	 0.462202847003937 
1905	 0.458357095718384 
1906	 0.454531997442245 
1907	 0.451022893190384 
1908	 0.4473477602005 
1909	 0.443751394748688 
1910	 0.440182596445084 
1911	 0.436332494020462 
1912	 0.4326092004776 
1913	 0.428870648145676 
1914	 0.425072222948074 
1915	 0.42161950469017 
1916	 0.41842246055603 
1917	 0.415257215499878 
1918	 0.412332594394684 
1919	 0.409771293401718 
1920	 0.407211452722549 
1921	 0.405062347650528 
1922	 0.403107970952988 
1923	 0.401319205760956 
1924	 0.399824172258377 
1925	 0.398349016904831 
1926	 0.39688041806221 
1927	 0.395589828491211 
1928	 0.394110769033432 
1929	 0.392579525709152 
1930	 0.390993535518646 
1931	 0.38931730389595 
1932	 0.387540936470032 
1933	 0.385909348726273 
1934	 0.38426873087883 
1935	 0.382703512907028 
1936	 0.381281822919846 
1937	 0.379986315965652 
1938	 0.378713577985764 
1939	 0.377756536006927 
1940	 0.376970589160919 
1941	 0.376424431800842 
1942	 0.37613120675087 
1943	 0.376057386398315 
1944	 0.376170843839645 
1945	 0.37651401758194 
1946	 0.377139240503311 
1947	 0.377923458814621 
1948	 0.379014194011688 
1949	 0.380418658256531 
1950	 0.38197135925293 
1951	 0.383763134479523 
1952	 0.385776221752167 
1953	 0.387993842363358 
1954	 0.390394538640976 
1955	 0.393130332231522 
1956	 0.395856618881226 
1957	 0.398634970188141 
1958	 0.401445716619492 
1959	 0.403948962688446 
1960	 0.406351327896118 
1961	 0.408542841672897 
1962	 0.410524159669876 
1963	 0.412310719490051 
1964	 0.413922518491745 
1965	 0.415321320295334 
1966	 0.416495561599731 
1967	 0.417538106441498 
1968	 0.418344259262085 
1969	 0.419129610061646 
1970	 0.419899046421051 
1971	 0.420638501644135 
1972	 0.421457171440125 
1973	 0.42229238152504 
1974	 0.423157572746277 
1975	 0.424048274755478 
1976	 0.424970686435699 
1977	 0.425915569067001 
1978	 0.426917046308517 
1979	 0.427955150604248 
1980	 0.42900213599205 
1981	 0.430182576179504 
1982	 0.431325137615204 
1983	 0.432522684335709 
1984	 0.433770179748535 
1985	 0.43494787812233 
1986	 0.43621838092804 
1987	 0.437573105096817 
1988	 0.438910901546478 
1989	 0.440469563007355 
1990	 0.442176282405853 
1991	 0.443976193666458 
1992	 0.445934444665909 
1993	 0.448019981384277 
1994	 0.450027942657471 
1995	 0.452201545238495 
1996	 0.454380095005035 
1997	 0.456570148468018 
1998	 0.45885568857193 
1999	 0.46128511428833 
2000	 0.463566035032272 
2001	 0.465970009565353 
2002	 0.468115419149399 
2003	 0.470118373632431 
2004	 0.472050547599792 
2005	 0.473788410425186 
2006	 0.475522816181183 
2007	 0.477246016263962 
2008	 0.478833734989166 
2009	 0.480335742235184 
2010	 0.481790244579315 
2011	 0.483025133609772 
2012	 0.484186977148056 
2013	 0.485279500484467 
2014	 0.486245006322861 
2015	 0.487181931734085 
2016	 0.488066434860229 
2017	 0.488881349563599 
2018	 0.489643067121506 
2019	 0.49033859372139 
2020	 0.490958541631699 
2021	 0.491519212722778 
2022	 0.492033898830414 
2023	 0.492458909749985 
2024	 0.492835581302643 
2025	 0.493153363466263 
2026	 0.49339884519577 
2027	 0.493570506572723 
2028	 0.493686586618423 
2029	 0.493716597557068 
2030	 0.493727207183838 
2031	 0.493692994117737 
2032	 0.493604481220245 
2033	 0.493451744318008 
2034	 0.493291199207306 
2035	 0.493075966835022 
2036	 0.492847383022308 
2037	 0.492623120546341 
2038	 0.492362827062607 
2039	 0.492108792066574 
2040	 0.491849660873413 
2041	 0.491553068161011 
2042	 0.491247355937958 
2043	 0.490924686193466 
2044	 0.490537166595459 
2045	 0.490198731422424 
2046	 0.489860236644745 
2047	 0.48954114317894 
2048	 0.489271312952042 
2049	 0.488968014717102 
2050	 0.488645911216736 
2051	 0.488355129957199 
2052	 0.488047808408737 
2053	 0.48771458864212 
2054	 0.487405389547348 
2055	 0.487113237380981 
2056	 0.486813604831696 
2057	 0.486521124839783 
2058	 0.486210465431213 
2059	 0.485889405012131 
2060	 0.485580950975418 
2061	 0.485234916210175 
2062	 0.484948694705963 
2063	 0.484695345163345 
2064	 0.484457403421402 
2065	 0.484250664710999 
2066	 0.484069377183914 
2067	 0.483884960412979 
2068	 0.483727842569351 
2069	 0.483560413122177 
2070	 0.483388006687164 
2071	 0.483247727155685 
2072	 0.483120530843735 
2073	 0.482998847961426 
2074	 0.482916563749313 
2075	 0.482807189226151 
2076	 0.482680857181549 
2077	 0.482568562030792 
2078	 0.482461780309677 
2079	 0.48234897851944 
2080	 0.482256293296814 
2081	 0.482132703065872 
2082	 0.481997162103653 
2083	 0.481845408678055 
2084	 0.481640785932541 
2085	 0.481455862522125 
2086	 0.481258779764175 
2087	 0.481047242879868 
2088	 0.480826437473297 
2089	 0.480608850717545 
2090	 0.480366975069046 
2091	 0.480100840330124 
2092	 0.479833692312241 
2093	 0.479548782110214 
2094	 0.479275017976761 
2095	 0.478994965553284 
2096	 0.478716254234314 
2097	 0.478442311286926 
2098	 0.478174179792404 
2099	 0.477901130914688 
2100	 0.477614462375641 
2101	 0.477290689945221 
2102	 0.476932197809219 
2103	 0.476602226495743 
2104	 0.476252764463425 
2105	 0.475909978151321 
2106	 0.475592523813248 
2107	 0.47525355219841 
2108	 0.474898010492325 
2109	 0.474532186985016 
2110	 0.474176168441772 
2111	 0.473793119192123 
2112	 0.473350405693054 
2113	 0.472951471805573 
2114	 0.472562193870544 
2115	 0.472176074981689 
2116	 0.471800804138184 
2117	 0.471460998058319 
2118	 0.471088647842407 
2119	 0.470694690942764 
2120	 0.470333397388458 
2121	 0.469983011484146 
2122	 0.469624519348145 
2123	 0.469282805919647 
2124	 0.468932509422302 
2125	 0.468593031167984 
2126	 0.46820655465126 
2127	 0.467822432518005 
2128	 0.467395722866058 
2129	 0.466891586780548 
2130	 0.466414541006088 
2131	 0.465916931629181 
2132	 0.46543824672699 
2133	 0.464974880218506 
2134	 0.464522063732147 
2135	 0.464024186134338 
2136	 0.463522493839264 
2137	 0.463004022836685 
2138	 0.462428957223892 
2139	 0.461919605731964 
2140	 0.461436599493027 
2141	 0.460948050022125 
2142	 0.460501462221146 
2143	 0.459997802972794 
2144	 0.459446966648102 
2145	 0.458943158388138 
2146	 0.458408027887344 
2147	 0.457933217287064 
2148	 0.457531183958054 
2149	 0.457108080387115 
2150	 0.45674142241478 
2151	 0.456301748752594 
2152	 0.455814987421036 
2153	 0.455336332321167 
2154	 0.454830437898636 
2155	 0.454305768013 
2156	 0.453801780939102 
2157	 0.453324198722839 
2158	 0.452816247940063 
2159	 0.452301740646362 
2160	 0.451761484146118 
2161	 0.451206058263779 
2162	 0.450645744800568 
2163	 0.450035095214844 
2164	 0.449481576681137 
2165	 0.44895276427269 
2166	 0.448419004678726 
2167	 0.447903841733933 
2168	 0.447401255369186 
2169	 0.446874618530273 
2170	 0.446405649185181 
2171	 0.445945531129837 
2172	 0.445552229881287 
2173	 0.445212543010712 
2174	 0.444934874773026 
2175	 0.444641053676605 
2176	 0.444393455982208 
2177	 0.444156914949417 
2178	 0.443903595209122 
2179	 0.443728059530258 
2180	 0.443635880947113 
2181	 0.443497031927109 
2182	 0.443392306566238 
2183	 0.443246752023697 
2184	 0.443063586950302 
2185	 0.442904859781265 
2186	 0.442763328552246 
2187	 0.442584067583084 
2188	 0.442414611577988 
2189	 0.442196518182755 
2190	 0.441912949085236 
2191	 0.441653072834015 
2192	 0.44141098856926 
2193	 0.441108077764511 
2194	 0.440779000520706 
2195	 0.440433531999588 
2196	 0.440034687519073 
2197	 0.439626634120941 
2198	 0.439222604036331 
2199	 0.438777714967728 
2200	 0.438303172588348 
2201	 0.437786281108856 
2202	 0.437257766723633 
2203	 0.436716318130493 
2204	 0.436125487089157 
2205	 0.43547448515892 
2206	 0.434858560562134 
2207	 0.434233576059341 
2208	 0.433580458164215 
2209	 0.432944506406784 
2210	 0.432262063026428 
2211	 0.43151929974556 
2212	 0.430794447660446 
2213	 0.430025160312653 
2214	 0.4293232858181 
2215	 0.428642958402634 
2216	 0.427972882986069 
2217	 0.427379995584488 
2218	 0.426740854978561 
2219	 0.426075726747513 
2220	 0.42542764544487 
2221	 0.424796402454376 
2222	 0.424117475748062 
2223	 0.423485487699509 
2224	 0.422782868146896 
2225	 0.422053992748261 
2226	 0.42128050327301 
2227	 0.420336425304413 
2228	 0.419299393892288 
2229	 0.418149292469025 
2230	 0.416820645332336 
2231	 0.415483474731445 
2232	 0.414123892784119 
2233	 0.412567526102066 
2234	 0.410963207483292 
2235	 0.40908470749855 
2236	 0.406984776258469 
2237	 0.404761075973511 
2238	 0.402269691228867 
2239	 0.399761348962784 
2240	 0.397175282239914 
2241	 0.394418865442276 
2242	 0.391626685857773 
2243	 0.388564229011536 
2244	 0.38522657752037 
2245	 0.381838858127594 
2246	 0.378138422966003 
2247	 0.374533772468567 
2248	 0.370941132307053 
2249	 0.367255121469498 
2250	 0.36354923248291 
2251	 0.359848856925964 
2252	 0.355768352746964 
2253	 0.351796299219131 
2254	 0.34772601723671 
2255	 0.343550056219101 
2256	 0.339763432741165 
2257	 0.335911720991135 
2258	 0.332143217325211 
2259	 0.328526318073273 
2260	 0.324826687574387 
2261	 0.321036159992218 
2262	 0.317491352558136 
2263	 0.31390568614006 
2264	 0.310711830854416 
2265	 0.307823747396469 
2266	 0.304969847202301 
2267	 0.302374839782715 
2268	 0.299814850091934 
2269	 0.297280490398407 
2270	 0.294984221458435 
2271	 0.292863339185715 
2272	 0.290864646434784 
2273	 0.289106220006943 
2274	 0.287326335906982 
2275	 0.285751760005951 
2276	 0.284034043550491 
2277	 0.282312750816345 
2278	 0.28054541349411 
2279	 0.278667032718658 
2280	 0.276805609464645 
2281	 0.274994790554047 
2282	 0.273050844669342 
2283	 0.271043688058853 
2284	 0.269011914730072 
2285	 0.266737282276154 
2286	 0.264511317014694 
2287	 0.262231379747391 
2288	 0.259902387857437 
2289	 0.257754892110825 
2290	 0.255474299192429 
2291	 0.253217995166779 
2292	 0.251054108142853 
2293	 0.248719930648804 
2294	 0.246546238660812 
2295	 0.244428128004074 
2296	 0.242296501994133 
2297	 0.240435019135475 
2298	 0.238735437393188 
2299	 0.237192630767822 
2300	 0.235848873853683 
2301	 0.234683319926262 
2302	 0.233633160591125 
2303	 0.232924073934555 
2304	 0.232489362359047 
2305	 0.232220947742462 
2306	 0.232257023453712 
2307	 0.232426181435585 
2308	 0.232763320207596 
2309	 0.233298450708389 
2310	 0.234079450368881 
2311	 0.234963148832321 
2312	 0.236023753881454 
2313	 0.237231656908989 
2314	 0.238628640770912 
2315	 0.240138903260231 
2316	 0.241884335875511 
2317	 0.243583828210831 
2318	 0.245499894022942 
2319	 0.247145190834999 
2320	 0.248747482895851 
2321	 0.250175923109055 
2322	 0.251432448625565 
2323	 0.252546727657318 
2324	 0.25354540348053 
2325	 0.254362493753433 
2326	 0.254915475845337 
2327	 0.25544199347496 
2328	 0.255803436040878 
2329	 0.256163626909256 
2330	 0.256463140249252 
2331	 0.256737649440765 
2332	 0.256966203451157 
2333	 0.257069885730743 
2334	 0.257107734680176 
2335	 0.257148653268814 
2336	 0.257193505764008 
2337	 0.257272511720657 
2338	 0.257307797670364 
2339	 0.257304221391678 
2340	 0.257275432348251 
2341	 0.257224202156067 
2342	 0.257229655981064 
2343	 0.25727653503418 
2344	 0.257361650466919 
2345	 0.257468193769455 
2346	 0.257676392793655 
2347	 0.258050739765167 
2348	 0.258524388074875 
2349	 0.25921893119812 
2350	 0.260144412517548 
2351	 0.261203289031982 
2352	 0.262452900409698 
2353	 0.263841867446899 
2354	 0.265188753604889 
2355	 0.266674488782883 
2356	 0.268145233392715 
2357	 0.269477248191834 
2358	 0.270879030227661 
2359	 0.272104561328888 
2360	 0.273162007331848 
2361	 0.274113178253174 
2362	 0.27486065030098 
2363	 0.275477111339569 
2364	 0.275971859693527 
2365	 0.27642035484314 
2366	 0.276800960302353 
2367	 0.277059286832809 
2368	 0.277338534593582 
2369	 0.277630656957626 
2370	 0.277870535850525 
2371	 0.278045952320099 
2372	 0.278102606534958 
2373	 0.278090596199036 
2374	 0.27809077501297 
2375	 0.27803298830986 
2376	 0.27791440486908 
2377	 0.277713030576706 
2378	 0.277399986982346 
2379	 0.277081906795502 
2380	 0.276804983615875 
2381	 0.276552140712738 
2382	 0.276203393936157 
2383	 0.275787532329559 
2384	 0.275351762771606 
2385	 0.274830430746078 
2386	 0.274355083703995 
2387	 0.273886442184448 
2388	 0.273482650518417 
2389	 0.273144453763962 
2390	 0.272651642560959 
2391	 0.272158026695251 
2392	 0.271568894386292 
2393	 0.27076518535614 
2394	 0.270134061574936 
2395	 0.269563466310501 
2396	 0.268974125385284 
2397	 0.26847380399704 
2398	 0.267879039049149 
2399	 0.26721128821373 
2400	 0.26658034324646 
2401	 0.265871673822403 
2402	 0.265285104513168 
2403	 0.264783412218094 
2404	 0.264218837022781 
2405	 0.263679504394531 
2406	 0.263192355632782 
2407	 0.262792825698853 
2408	 0.262399792671204 
2409	 0.261974722146988 
2410	 0.261561870574951 
2411	 0.261044055223465 
2412	 0.260561376810074 
2413	 0.260255098342896 
2414	 0.259922713041306 
2415	 0.259603351354599 
2416	 0.259320914745331 
2417	 0.258897542953491 
2418	 0.258551448583603 
2419	 0.258216708898544 
2420	 0.257890105247498 
2421	 0.257743418216705 
2422	 0.257371932268143 
2423	 0.256948858499527 
2424	 0.256712019443512 
2425	 0.256389528512955 
2426	 0.256069391965866 
2427	 0.255882531404495 
2428	 0.255683839321136 
2429	 0.255341947078705 
2430	 0.254940003156662 
2431	 0.254641264677048 
2432	 0.254223853349686 
2433	 0.253615647554398 
2434	 0.253263026475906 
2435	 0.252901673316956 
2436	 0.252250373363495 
2437	 0.251713752746582 
2438	 0.251280546188354 
2439	 0.250764757394791 
2440	 0.250351399183273 
2441	 0.250122427940369 
2442	 0.249811545014381 
2443	 0.249252915382385 
2444	 0.248691007494926 
2445	 0.248161152005196 
2446	 0.247575432062149 
2447	 0.24707368016243 
2448	 0.246446430683136 
2449	 0.245752960443497 
2450	 0.245123162865639 
2451	 0.244489729404449 
2452	 0.244006529450417 
2453	 0.243477359414101 
2454	 0.242883518338203 
2455	 0.242350190877914 
2456	 0.241833597421646 
2457	 0.241328492760658 
2458	 0.2408317476511 
2459	 0.240280106663704 
2460	 0.239674657583237 
2461	 0.239239394664764 
2462	 0.238719031214714 
2463	 0.238017067313194 
2464	 0.237436085939407 
2465	 0.236937865614891 
2466	 0.236485704779625 
2467	 0.236225470900536 
2468	 0.236077025532722 
2469	 0.235844999551773 
2470	 0.235693976283073 
2471	 0.235520049929619 
2472	 0.235378161072731 
2473	 0.235366135835648 
2474	 0.235209167003632 
2475	 0.235150560736656 
2476	 0.23535367846489 
2477	 0.235538527369499 
2478	 0.235780104994774 
2479	 0.23609758913517 
2480	 0.235556811094284 
2481	 0.235533967614174 
2482	 0.235708147287369 
2483	 0.236045956611633 
2484	 0.236421138048172 
2485	 0.236977815628052 
2486	 0.237254425883293 
2487	 0.237425461411476 
2488	 0.237804025411606 
2489	 0.237696975469589 
2490	 0.237783536314964 
2491	 0.238423153758049 
2492	 0.238777130842209 
2493	 0.239260539412498 
2494	 0.239555224776268 
2495	 0.239636719226837 
2496	 0.240095928311348 
2497	 0.240634381771088 
2498	 0.24131378531456 
2499	 0.241675779223442 
2500	 0.24208852648735 
