Wavelength	Echave.081
350	 0.186690643429756 
351	 0.17509426176548 
352	 0.168666258454323 
353	 0.165833860635757 
354	 0.152313053607941 
355	 0.145711526274681 
356	 0.144742146134377 
357	 0.144301205873489 
358	 0.141950309276581 
359	 0.139082923531532 
360	 0.134671047329903 
361	 0.127919182181358 
362	 0.129335045814514 
363	 0.12948352098465 
364	 0.124653361737728 
365	 0.120560266077518 
366	 0.121911257505417 
367	 0.121679082512856 
368	 0.115449130535126 
369	 0.116267830133438 
370	 0.114245139062405 
371	 0.11074049025774 
372	 0.112005829811096 
373	 0.108800783753395 
374	 0.107724130153656 
375	 0.110187269747257 
376	 0.108447007834911 
377	 0.1068070307374 
378	 0.10564736276865 
379	 0.104470483958721 
380	 0.10290389508009 
381	 0.102450512349606 
382	 0.103263773024082 
383	 0.10439371317625 
384	 0.102835513651371 
385	 0.102421596646309 
386	 0.10314217209816 
387	 9.81336012482643E-02 
388	 9.82146039605141E-02 
389	 0.100761465728283 
390	 0.100852690637112 
391	 9.88383740186691E-02 
392	 9.84187051653862E-02 
393	 9.92514342069626E-02 
394	 9.86756384372711E-02 
395	 9.96967628598213E-02 
396	 0.100165598094463 
397	 9.90388914942741E-02 
398	 9.78405177593231E-02 
399	 9.83033925294876E-02 
400	 9.94414091110229E-02 
401	 9.97849404811859E-02 
402	 0.099659875035286 
403	 9.90932583808899E-02 
404	 9.86932367086411E-02 
405	 9.93573442101479E-02 
406	 0.100493751466274 
407	 0.100993931293488 
408	 0.100602306425571 
409	 0.100578710436821 
410	 0.101523973047733 
411	 0.102411285042763 
412	 0.102225132286549 
413	 0.102861940860748 
414	 0.103371359407902 
415	 0.10363046079874 
416	 0.104290217161179 
417	 0.103787481784821 
418	 0.103644542396069 
419	 0.104763269424438 
420	 0.10555986315012 
421	 0.106065765023232 
422	 0.106515444815159 
423	 0.107177808880806 
424	 0.107771962881088 
425	 0.108230635523796 
426	 0.108608037233353 
427	 0.109065018594265 
428	 0.109680198132992 
429	 0.110434629023075 
430	 0.111222773790359 
431	 0.111781120300293 
432	 0.1122070774436 
433	 0.112709738314152 
434	 0.113494373857975 
435	 0.11419852823019 
436	 0.114857353270054 
437	 0.115521788597107 
438	 0.116198308765888 
439	 0.116717480123043 
440	 0.117147296667099 
441	 0.117645673453808 
442	 0.118430458009243 
443	 0.119236938655376 
444	 0.119866155087948 
445	 0.120231337845325 
446	 0.120818316936493 
447	 0.121551275253296 
448	 0.122196115553379 
449	 0.122323527932167 
450	 0.122791923582554 
451	 0.123551465570927 
452	 0.124210149049759 
453	 0.124686367809772 
454	 0.125165179371834 
455	 0.125670567154884 
456	 0.126037776470184 
457	 0.126637682318687 
458	 0.127186045050621 
459	 0.127452597022057 
460	 0.127776384353638 
461	 0.128148019313812 
462	 0.12860980629921 
463	 0.129196166992188 
464	 0.129722222685814 
465	 0.130085334181786 
466	 0.130367428064346 
467	 0.130913197994232 
468	 0.131354585289955 
469	 0.131696417927742 
470	 0.132035106420517 
471	 0.132360249757767 
472	 0.13268555700779 
473	 0.132967263460159 
474	 0.13314063847065 
475	 0.133540093898773 
476	 0.133900910615921 
477	 0.134096011519432 
478	 0.13453508913517 
479	 0.134812250733376 
480	 0.134973421692848 
481	 0.135228708386421 
482	 0.135632172226906 
483	 0.135957553982735 
484	 0.136156693100929 
485	 0.136402368545532 
486	 0.136769011616707 
487	 0.137216508388519 
488	 0.137668386101723 
489	 0.138056129217148 
490	 0.138349264860153 
491	 0.13862019777298 
492	 0.138982519507408 
493	 0.1392932087183 
494	 0.139730587601662 
495	 0.140296772122383 
496	 0.140649020671844 
497	 0.140940696001053 
498	 0.141314253211021 
499	 0.141848847270012 
500	 0.142362430691719 
501	 0.142779171466827 
502	 0.143180787563324 
503	 0.143763914704323 
504	 0.144311517477036 
505	 0.144801542162895 
506	 0.145245790481567 
507	 0.145638063549995 
508	 0.146032333374023 
509	 0.146480575203896 
510	 0.147010922431946 
511	 0.147513449192047 
512	 0.148051962256432 
513	 0.148604810237885 
514	 0.149022862315178 
515	 0.149538606405258 
516	 0.150038152933121 
517	 0.150419399142265 
518	 0.150941699743271 
519	 0.151462987065315 
520	 0.151976123452187 
521	 0.152559772133827 
522	 0.153100371360779 
523	 0.153665274381638 
524	 0.154293328523636 
525	 0.154922217130661 
526	 0.155540108680725 
527	 0.156180620193481 
528	 0.15688145160675 
529	 0.157593190670013 
530	 0.15830947458744 
531	 0.159029915928841 
532	 0.159756496548653 
533	 0.16053831577301 
534	 0.161371350288391 
535	 0.162226781249046 
536	 0.163044989109039 
537	 0.163876250386238 
538	 0.16473500430584 
539	 0.165615096688271 
540	 0.166514024138451 
541	 0.167394056916237 
542	 0.168248385190964 
543	 0.169121354818344 
544	 0.170021340250969 
545	 0.170917734503746 
546	 0.171784713864326 
547	 0.172677055001259 
548	 0.173607975244522 
549	 0.174562141299248 
550	 0.175501435995102 
551	 0.176462233066559 
552	 0.177481040358543 
553	 0.178579017519951 
554	 0.17973767220974 
555	 0.180990949273109 
556	 0.182303532958031 
557	 0.183616921305656 
558	 0.184962227940559 
559	 0.186434477567673 
560	 0.188039094209671 
561	 0.189655378460884 
562	 0.191343948245049 
563	 0.193033441901207 
564	 0.194686397910118 
565	 0.196516990661621 
566	 0.19841556251049 
567	 0.200294554233551 
568	 0.202112913131714 
569	 0.204115927219391 
570	 0.206210240721703 
571	 0.208331808447838 
572	 0.210592955350876 
573	 0.212961852550507 
574	 0.215410187840462 
575	 0.217910870909691 
576	 0.220436111092567 
577	 0.222990795969963 
578	 0.225616693496704 
579	 0.228389725089073 
580	 0.23141522705555 
581	 0.234598129987717 
582	 0.237862929701805 
583	 0.241343423724175 
584	 0.244914084672928 
585	 0.248503550887108 
586	 0.25208380818367 
587	 0.25568288564682 
588	 0.259233981370926 
589	 0.262722134590149 
590	 0.266224473714828 
591	 0.269667744636536 
592	 0.273042649030685 
593	 0.276362508535385 
594	 0.279618203639984 
595	 0.282819867134094 
596	 0.285978138446808 
597	 0.289095461368561 
598	 0.292105168104172 
599	 0.295017123222351 
600	 0.297862440347672 
601	 0.300666391849518 
602	 0.30342310667038 
603	 0.306056141853333 
604	 0.308493256568909 
605	 0.310943871736526 
606	 0.313232034444809 
607	 0.315309971570969 
608	 0.317320883274078 
609	 0.319254070520401 
610	 0.321051746606827 
611	 0.322687745094299 
612	 0.324267029762268 
613	 0.325789332389832 
614	 0.327243119478226 
615	 0.328617423772812 
616	 0.329977452754974 
617	 0.331320703029633 
618	 0.332622349262238 
619	 0.333840638399124 
620	 0.334958165884018 
621	 0.336052119731903 
622	 0.337190449237823 
623	 0.338221937417984 
624	 0.339238047599792 
625	 0.340282440185547 
626	 0.341336697340012 
627	 0.342266112565994 
628	 0.343136072158813 
629	 0.344023585319519 
630	 0.344936728477478 
631	 0.345794409513474 
632	 0.346616685390472 
633	 0.347471922636032 
634	 0.348428428173065 
635	 0.349263250827789 
636	 0.349951863288879 
637	 0.350739389657974 
638	 0.351522207260132 
639	 0.352269321680069 
640	 0.352989077568054 
641	 0.353767812252045 
642	 0.354560166597366 
643	 0.355338901281357 
644	 0.356090098619461 
645	 0.356796890497208 
646	 0.357515752315521 
647	 0.358267337083817 
648	 0.35899817943573 
649	 0.359739273786545 
650	 0.360469907522202 
651	 0.36118021607399 
652	 0.361972868442535 
653	 0.362748801708221 
654	 0.363458216190338 
655	 0.364111393690109 
656	 0.364902436733246 
657	 0.365653574466705 
658	 0.366291373968124 
659	 0.367094963788986 
660	 0.367905229330063 
661	 0.368685692548752 
662	 0.369447708129883 
663	 0.370218902826309 
664	 0.370992839336395 
665	 0.371784538030624 
666	 0.37262761592865 
667	 0.373403787612915 
668	 0.374171257019043 
669	 0.374997287988663 
670	 0.375879377126694 
671	 0.376795619726181 
672	 0.377689570188522 
673	 0.378512799739838 
674	 0.379348993301392 
675	 0.380254507064819 
676	 0.381213963031769 
677	 0.382132142782211 
678	 0.38305476307869 
679	 0.383986175060272 
680	 0.384940445423126 
681	 0.385993510484695 
682	 0.387065589427948 
683	 0.388073921203613 
684	 0.388966381549835 
685	 0.389915227890015 
686	 0.390934199094772 
687	 0.391986936330795 
688	 0.392995297908783 
689	 0.393979430198669 
690	 0.394980132579803 
691	 0.396051943302155 
692	 0.397289752960205 
693	 0.398419976234436 
694	 0.39942529797554 
695	 0.400458157062531 
696	 0.40154829621315 
697	 0.402615815401077 
698	 0.403647541999817 
699	 0.404760628938675 
700	 0.405855357646942 
701	 0.406904667615891 
702	 0.407922118902206 
703	 0.408970087766647 
704	 0.410125941038132 
705	 0.411294221878052 
706	 0.412284970283508 
707	 0.413218200206757 
708	 0.414206862449646 
709	 0.415295004844666 
710	 0.416423141956329 
711	 0.417426615953445 
712	 0.418338686227798 
713	 0.419257938861847 
714	 0.42024764418602 
715	 0.421262562274933 
716	 0.422214806079865 
717	 0.423010855913162 
718	 0.423812687397003 
719	 0.424604624509811 
720	 0.425381243228912 
721	 0.42619463801384 
722	 0.427086234092712 
723	 0.427937150001526 
724	 0.428654789924622 
725	 0.429449647665024 
726	 0.430272936820984 
727	 0.431113094091415 
728	 0.43196764588356 
729	 0.432631850242615 
730	 0.433240652084351 
731	 0.43393287062645 
732	 0.434776842594147 
733	 0.435612112283707 
734	 0.436343282461166 
735	 0.436962991952896 
736	 0.437677562236786 
737	 0.438439697027206 
738	 0.439237117767334 
739	 0.440064489841461 
740	 0.44075471162796 
741	 0.441436648368835 
742	 0.442181348800659 
743	 0.442917585372925 
744	 0.443658381700516 
745	 0.444376826286316 
746	 0.445075005292892 
747	 0.445905178785324 
748	 0.44655567407608 
749	 0.44711622595787 
750	 0.447868347167969 
751	 0.448594570159912 
752	 0.449246287345886 
753	 0.449843049049377 
754	 0.450467944145203 
755	 0.451086044311523 
756	 0.451711595058441 
757	 0.452339231967926 
758	 0.452863454818726 
759	 0.453480005264282 
760	 0.454183965921402 
761	 0.454863965511322 
762	 0.455431759357452 
763	 0.456001043319702 
764	 0.456624507904053 
765	 0.457270354032516 
766	 0.45789635181427 
767	 0.458508163690567 
768	 0.459115415811539 
769	 0.459700018167496 
770	 0.460390865802765 
771	 0.461061239242554 
772	 0.461575716733933 
773	 0.462258726358414 
774	 0.462926656007767 
775	 0.463547050952911 
776	 0.464220821857452 
777	 0.464876443147659 
778	 0.465475231409073 
779	 0.466041594743729 
780	 0.466694176197052 
781	 0.467297255992889 
782	 0.467900454998016 
783	 0.468561261892319 
784	 0.469166904687881 
785	 0.469814032316208 
786	 0.470488011837006 
787	 0.47111251950264 
788	 0.471677869558334 
789	 0.472284585237503 
790	 0.472914010286331 
791	 0.473409056663513 
792	 0.474054604768753 
793	 0.474742591381073 
794	 0.475349992513657 
795	 0.475930839776993 
796	 0.476424068212509 
797	 0.476908773183823 
798	 0.477484196424484 
799	 0.478083729743958 
800	 0.478621035814285 
801	 0.479100942611694 
802	 0.479595243930817 
803	 0.480061918497086 
804	 0.480542987585068 
805	 0.481064051389694 
806	 0.481610953807831 
807	 0.48217910528183 
808	 0.482673615217209 
809	 0.483067154884338 
810	 0.483583748340607 
811	 0.484129399061203 
812	 0.484675914049149 
813	 0.485220581293106 
814	 0.485752552747726 
815	 0.486224412918091 
816	 0.486661344766617 
817	 0.487149000167847 
818	 0.487682431936264 
819	 0.488236159086227 
820	 0.488775491714478 
821	 0.489260792732239 
822	 0.489702373743057 
823	 0.490159302949905 
824	 0.490680575370789 
825	 0.491246402263641 
826	 0.491799920797348 
827	 0.49231818318367 
828	 0.492796957492828 
829	 0.493214249610901 
830	 0.493703126907349 
831	 0.494238555431366 
832	 0.494666308164597 
833	 0.495096743106842 
834	 0.495539367198944 
835	 0.495992004871368 
836	 0.496456801891327 
837	 0.496886551380157 
838	 0.497330486774445 
839	 0.497814625501633 
840	 0.498236507177353 
841	 0.498599082231522 
842	 0.498939484357834 
843	 0.499308854341507 
844	 0.499730974435806 
845	 0.50015789270401 
846	 0.500562191009521 
847	 0.500935196876526 
848	 0.501254498958588 
849	 0.501565039157867 
850	 0.501893997192383 
851	 0.502234935760498 
852	 0.502598643302917 
853	 0.502991139888763 
854	 0.503395140171051 
855	 0.503749430179596 
856	 0.504077434539795 
857	 0.504468619823456 
858	 0.504956841468811 
859	 0.505302727222443 
860	 0.505703985691071 
861	 0.506172597408295 
862	 0.50661712884903 
863	 0.506987750530243 
864	 0.507371604442596 
865	 0.507813513278961 
866	 0.508297443389893 
867	 0.508685886859894 
868	 0.509029805660248 
869	 0.509401619434357 
870	 0.509856998920441 
871	 0.510332942008972 
872	 0.510860681533813 
873	 0.511415123939514 
874	 0.511802673339844 
875	 0.512259244918823 
876	 0.512753546237946 
877	 0.513206422328949 
878	 0.513687372207642 
879	 0.514177620410919 
880	 0.514637589454651 
881	 0.515044927597046 
882	 0.515517354011536 
883	 0.516005992889404 
884	 0.516470670700073 
885	 0.516898572444916 
886	 0.517379879951477 
887	 0.517798006534576 
888	 0.518153071403503 
889	 0.518595814704895 
890	 0.519095778465271 
891	 0.519582688808441 
892	 0.520021736621857 
893	 0.52045476436615 
894	 0.52078777551651 
895	 0.521168828010559 
896	 0.521685540676117 
897	 0.522119879722595 
898	 0.522490799427032 
899	 0.522856056690216 
900	 0.523267984390259 
901	 0.523682832717896 
902	 0.524061739444733 
903	 0.524411678314209 
904	 0.524759769439697 
905	 0.525098204612732 
906	 0.525404393672943 
907	 0.52573436498642 
908	 0.526181757450104 
909	 0.526689231395721 
910	 0.527145564556122 
911	 0.527545511722565 
912	 0.527991592884064 
913	 0.528470516204834 
914	 0.528917193412781 
915	 0.529348731040955 
916	 0.529895961284637 
917	 0.530461490154266 
918	 0.530981302261353 
919	 0.531425774097443 
920	 0.531813442707062 
921	 0.532245099544525 
922	 0.532761216163635 
923	 0.533328711986542 
924	 0.533787190914154 
925	 0.534318923950195 
926	 0.534866333007813 
927	 0.53535395860672 
928	 0.535917937755585 
929	 0.536518931388855 
930	 0.537125825881958 
931	 0.537697851657867 
932	 0.53813898563385 
933	 0.53865385055542 
934	 0.539217531681061 
935	 0.539706230163574 
936	 0.540232121944427 
937	 0.540800034999847 
938	 0.54138195514679 
939	 0.541945815086365 
940	 0.542586922645569 
941	 0.543140709400177 
942	 0.54362541437149 
943	 0.544202029705048 
944	 0.54465252161026 
945	 0.545128643512726 
946	 0.545685708522797 
947	 0.546235024929047 
948	 0.546789824962616 
949	 0.547333538532257 
950	 0.547888219356537 
951	 0.548510313034058 
952	 0.548984587192535 
953	 0.549393475055695 
954	 0.54983389377594 
955	 0.550327837467194 
956	 0.550674915313721 
957	 0.551113128662109 
958	 0.5517298579216 
959	 0.552207887172699 
960	 0.552626252174377 
961	 0.553008794784546 
962	 0.553380012512207 
963	 0.553774058818817 
964	 0.55422842502594 
965	 0.554746627807617 
966	 0.555284261703491 
967	 0.55573183298111 
968	 0.555983483791351 
969	 0.556352615356445 
970	 0.556996285915375 
971	 0.55737841129303 
972	 0.557793319225311 
973	 0.558183908462524 
974	 0.558498680591583 
975	 0.558985471725464 
976	 0.5594682097435 
977	 0.559938549995422 
978	 0.560466587543488 
979	 0.561216413974762 
980	 0.561643421649933 
981	 0.561929106712341 
982	 0.562401056289673 
983	 0.562964737415314 
984	 0.563562035560608 
985	 0.564216494560242 
986	 0.564896285533905 
987	 0.565281987190247 
988	 0.565711736679077 
989	 0.566304922103882 
990	 0.567010700702667 
991	 0.567539930343628 
992	 0.568129122257233 
993	 0.568737030029297 
994	 0.569290697574615 
995	 0.569979548454285 
996	 0.570549726486206 
997	 0.571187973022461 
998	 0.57205867767334 
999	 0.572714447975159 
1000	 0.573366343975067 
1001	 0.551487505435944 
1002	 0.551953434944153 
1003	 0.552406013011932 
1004	 0.552815675735474 
1005	 0.553164780139923 
1006	 0.553572773933411 
1007	 0.553950071334839 
1008	 0.554387152194977 
1009	 0.55487048625946 
1010	 0.555348694324493 
1011	 0.555860638618469 
1012	 0.556363224983215 
1013	 0.556925058364868 
1014	 0.557374536991119 
1015	 0.557736754417419 
1016	 0.558135330677032 
1017	 0.558548510074615 
1018	 0.558959424495697 
1019	 0.559421956539154 
1020	 0.559857666492462 
1021	 0.560231804847717 
1022	 0.560510277748108 
1023	 0.560853481292725 
1024	 0.56118243932724 
1025	 0.561527490615845 
1026	 0.561902046203613 
1027	 0.562246143817902 
1028	 0.562557935714722 
1029	 0.562950015068054 
1030	 0.56330007314682 
1031	 0.563589096069336 
1032	 0.563869178295136 
1033	 0.56412798166275 
1034	 0.564408779144287 
1035	 0.564720213413239 
1036	 0.565042614936829 
1037	 0.565431952476501 
1038	 0.565747201442719 
1039	 0.566013097763062 
1040	 0.566337287425995 
1041	 0.566629528999329 
1042	 0.566976726055145 
1043	 0.567384123802185 
1044	 0.56779956817627 
1045	 0.568217813968658 
1046	 0.568605422973633 
1047	 0.568931102752686 
1048	 0.569306194782257 
1049	 0.569620072841644 
1050	 0.569961249828339 
1051	 0.570405185222626 
1052	 0.570778727531433 
1053	 0.571215867996216 
1054	 0.571736097335815 
1055	 0.572212398052216 
1056	 0.572686493396759 
1057	 0.57318514585495 
1058	 0.573701798915863 
1059	 0.574141919612885 
1060	 0.574640452861786 
1061	 0.575111746788025 
1062	 0.575550615787506 
1063	 0.576069533824921 
1064	 0.576543569564819 
1065	 0.577024459838867 
1066	 0.577526450157166 
1067	 0.577972590923309 
1068	 0.57850056886673 
1069	 0.579061388969421 
1070	 0.579588294029236 
1071	 0.580116271972656 
1072	 0.580652117729187 
1073	 0.581088304519653 
1074	 0.581534683704376 
1075	 0.582015097141266 
1076	 0.582455337047577 
1077	 0.582955777645111 
1078	 0.583418369293213 
1079	 0.583869874477386 
1080	 0.584375143051147 
1081	 0.584836721420288 
1082	 0.585322976112366 
1083	 0.585812747478485 
1084	 0.586276590824127 
1085	 0.586792469024658 
1086	 0.587276935577393 
1087	 0.587759613990784 
1088	 0.588209092617035 
1089	 0.588672935962677 
1090	 0.589107632637024 
1091	 0.589540183544159 
1092	 0.589946389198303 
1093	 0.590322971343994 
1094	 0.590758323669434 
1095	 0.591189444065094 
1096	 0.591641485691071 
1097	 0.592112720012665 
1098	 0.592483997344971 
1099	 0.592866539955139 
1100	 0.593278348445892 
1101	 0.59368360042572 
1102	 0.594099879264832 
1103	 0.594482123851776 
1104	 0.59484851360321 
1105	 0.595196068286896 
1106	 0.595488667488098 
1107	 0.59578412771225 
1108	 0.596114933490753 
1109	 0.596386015415192 
1110	 0.596676826477051 
1111	 0.596982300281525 
1112	 0.597221493721008 
1113	 0.597492218017578 
1114	 0.597772002220154 
1115	 0.598001718521118 
1116	 0.598269402980804 
1117	 0.598519206047058 
1118	 0.598753571510315 
1119	 0.59898716211319 
1120	 0.599220991134644 
1121	 0.599435925483704 
1122	 0.5996453166008 
1123	 0.599903643131256 
1124	 0.600132882595062 
1125	 0.60035228729248 
1126	 0.600579559803009 
1127	 0.600770711898804 
1128	 0.600972235202789 
1129	 0.601182401180267 
1130	 0.601361870765686 
1131	 0.601528823375702 
1132	 0.601658344268799 
1133	 0.6017826795578 
1134	 0.601910471916199 
1135	 0.602008044719696 
1136	 0.602075159549713 
1137	 0.602168381214142 
1138	 0.602247297763824 
1139	 0.602339148521423 
1140	 0.60245943069458 
1141	 0.602558851242065 
1142	 0.602650463581085 
1143	 0.602719366550446 
1144	 0.602770090103149 
1145	 0.602837562561035 
1146	 0.602890491485596 
1147	 0.602904617786407 
1148	 0.602920770645142 
1149	 0.602961897850037 
1150	 0.602973103523254 
1151	 0.602991759777069 
1152	 0.602993726730347 
1153	 0.602981388568878 
1154	 0.60295182466507 
1155	 0.60290652513504 
1156	 0.602856457233429 
1157	 0.602810323238373 
1158	 0.602736592292786 
1159	 0.602644503116608 
1160	 0.602551877498627 
1161	 0.602418661117554 
1162	 0.60225784778595 
1163	 0.602092862129211 
1164	 0.601925373077393 
1165	 0.601753115653992 
1166	 0.60157698392868 
1167	 0.6014284491539 
1168	 0.601308047771454 
1169	 0.601202666759491 
1170	 0.601132452487946 
1171	 0.601053476333618 
1172	 0.600981593132019 
1173	 0.600912988185883 
1174	 0.600859582424164 
1175	 0.600798904895782 
1176	 0.600722968578339 
1177	 0.600674152374268 
1178	 0.600628197193146 
1179	 0.600596189498901 
1180	 0.600587725639343 
1181	 0.600596249103546 
1182	 0.600619554519653 
1183	 0.600654363632202 
1184	 0.600722372531891 
1185	 0.600832402706146 
1186	 0.600967884063721 
1187	 0.601146340370178 
1188	 0.601316750049591 
1189	 0.601491034030914 
1190	 0.601714491844177 
1191	 0.601947247982025 
1192	 0.60222452878952 
1193	 0.602565824985504 
1194	 0.602904140949249 
1195	 0.60326874256134 
1196	 0.603638648986816 
1197	 0.604023337364197 
1198	 0.60441929101944 
1199	 0.604815125465393 
1200	 0.60520726442337 
1201	 0.605606079101563 
1202	 0.60598748922348 
1203	 0.606384098529816 
1204	 0.606788098812103 
1205	 0.607200980186462 
1206	 0.607613205909729 
1207	 0.608069956302643 
1208	 0.608535826206207 
1209	 0.609036266803741 
1210	 0.609566926956177 
1211	 0.61012864112854 
1212	 0.610735952854156 
1213	 0.611347496509552 
1214	 0.611976027488709 
1215	 0.612640798091888 
1216	 0.613352060317993 
1217	 0.614025771617889 
1218	 0.614712715148926 
1219	 0.615404546260834 
1220	 0.616057753562927 
1221	 0.616735696792603 
1222	 0.617405354976654 
1223	 0.618087112903595 
1224	 0.618742823600769 
1225	 0.619374632835388 
1226	 0.619997441768646 
1227	 0.620618164539337 
1228	 0.621216297149658 
1229	 0.621795356273651 
1230	 0.622362911701202 
1231	 0.622908771038055 
1232	 0.623459577560425 
1233	 0.623998582363129 
1234	 0.624530017375946 
1235	 0.625063061714172 
1236	 0.625585317611694 
1237	 0.626083433628082 
1238	 0.626599252223969 
1239	 0.627118229866028 
1240	 0.627632856369019 
1241	 0.628196954727173 
1242	 0.628720581531525 
1243	 0.62923401594162 
1244	 0.629753470420837 
1245	 0.63023442029953 
1246	 0.630689740180969 
1247	 0.631118535995483 
1248	 0.63153213262558 
1249	 0.631908178329468 
1250	 0.632243514060974 
1251	 0.632564604282379 
1252	 0.632855474948883 
1253	 0.633137166500092 
1254	 0.633400559425354 
1255	 0.633650183677673 
1256	 0.633881270885468 
1257	 0.634105861186981 
1258	 0.634298324584961 
1259	 0.634509444236755 
1260	 0.634723603725433 
1261	 0.634938180446625 
1262	 0.635157525539398 
1263	 0.635387480258942 
1264	 0.635611057281494 
1265	 0.635829985141754 
1266	 0.636057794094086 
1267	 0.636277139186859 
1268	 0.636534035205841 
1269	 0.636797070503235 
1270	 0.637093186378479 
1271	 0.637434482574463 
1272	 0.637763321399689 
1273	 0.638102233409882 
1274	 0.638453006744385 
1275	 0.638804793357849 
1276	 0.639173448085785 
1277	 0.639580130577087 
1278	 0.639956712722778 
1279	 0.640305817127228 
1280	 0.640692472457886 
1281	 0.641070485115051 
1282	 0.64147561788559 
1283	 0.641948223114014 
1284	 0.642382085323334 
1285	 0.642805397510529 
1286	 0.643212854862213 
1287	 0.643647491931915 
1288	 0.644067645072937 
1289	 0.644520223140717 
1290	 0.645011246204376 
1291	 0.645476460456848 
1292	 0.645954787731171 
1293	 0.646392285823822 
1294	 0.646807193756104 
1295	 0.647222399711609 
1296	 0.647613823413849 
1297	 0.648004829883575 
1298	 0.648392200469971 
1299	 0.648780167102814 
1300	 0.649170815944672 
1301	 0.649535417556763 
1302	 0.649897694587708 
1303	 0.650242269039154 
1304	 0.650561928749084 
1305	 0.650867760181427 
1306	 0.651154279708862 
1307	 0.651443362236023 
1308	 0.651708602905273 
1309	 0.651992738246918 
1310	 0.652246236801147 
1311	 0.652497589588165 
1312	 0.652737498283386 
1313	 0.652961015701294 
1314	 0.653166592121124 
1315	 0.653377830982208 
1316	 0.653545141220093 
1317	 0.653674483299255 
1318	 0.65379810333252 
1319	 0.653898179531097 
1320	 0.653994739055634 
1321	 0.654083132743835 
1322	 0.654152035713196 
1323	 0.654208719730377 
1324	 0.654252529144287 
1325	 0.654276192188263 
1326	 0.654293894767761 
1327	 0.654325842857361 
1328	 0.65430748462677 
1329	 0.654260396957397 
1330	 0.654194712638855 
1331	 0.654100656509399 
1332	 0.653977274894714 
1333	 0.653825998306274 
1334	 0.653663575649261 
1335	 0.65348756313324 
1336	 0.653280258178711 
1337	 0.653076171875 
1338	 0.652884602546692 
1339	 0.652639150619507 
1340	 0.652354836463928 
1341	 0.652082145214081 
1342	 0.651800096035004 
1343	 0.651484251022339 
1344	 0.651181936264038 
1345	 0.650806486606598 
1346	 0.650386333465576 
1347	 0.649920403957367 
1348	 0.649423122406006 
1349	 0.648862361907959 
1350	 0.648232281208038 
1351	 0.647584855556488 
1352	 0.64686107635498 
1353	 0.646164000034332 
1354	 0.645450711250305 
1355	 0.644747376441956 
1356	 0.644035160541534 
1357	 0.643349647521973 
1358	 0.642631769180298 
1359	 0.641992807388306 
1360	 0.641395390033722 
1361	 0.640836715698242 
1362	 0.640337646007538 
1363	 0.639947414398193 
1364	 0.639599740505219 
1365	 0.639326453208923 
1366	 0.639067888259888 
1367	 0.638874232769012 
1368	 0.638676345348358 
1369	 0.638505458831787 
1370	 0.638334631919861 
1371	 0.638211846351624 
1372	 0.638019740581512 
1373	 0.637858867645264 
1374	 0.637559592723846 
1375	 0.637218356132507 
1376	 0.6367467045784 
1377	 0.636166989803314 
1378	 0.635497510433197 
1379	 0.634628355503082 
1380	 0.633872032165527 
1381	 0.632983803749084 
1382	 0.632291793823242 
1383	 0.631710290908813 
1384	 0.63119900226593 
1385	 0.63085925579071 
1386	 0.630470931529999 
1387	 0.630162417888641 
1388	 0.629795491695404 
1389	 0.629433333873749 
1390	 0.629000127315521 
1391	 0.628509759902954 
1392	 0.62798535823822 
1393	 0.62744665145874 
1394	 0.626860916614532 
1395	 0.626323342323303 
1396	 0.625817477703094 
1397	 0.62527197599411 
1398	 0.624748945236206 
1399	 0.624131858348846 
1400	 0.623497486114502 
1401	 0.622751951217651 
1402	 0.621948003768921 
1403	 0.621028661727905 
1404	 0.620009362697601 
1405	 0.618931591510773 
1406	 0.617762863636017 
1407	 0.616529166698456 
1408	 0.615216135978699 
1409	 0.613857507705688 
1410	 0.612428665161133 
1411	 0.6109419465065 
1412	 0.609396398067474 
1413	 0.607822895050049 
1414	 0.606187105178833 
1415	 0.604519486427307 
1416	 0.602803766727448 
1417	 0.601074278354645 
1418	 0.599292099475861 
1419	 0.597507774829865 
1420	 0.595674991607666 
1421	 0.593912899494171 
1422	 0.592139542102814 
1423	 0.590427041053772 
1424	 0.588815748691559 
1425	 0.587145805358887 
1426	 0.585612297058105 
1427	 0.584086239337921 
1428	 0.582569479942322 
1429	 0.581181108951569 
1430	 0.579742789268494 
1431	 0.578325152397156 
1432	 0.576858103275299 
1433	 0.57541024684906 
1434	 0.573867976665497 
1435	 0.572287619113922 
1436	 0.570602059364319 
1437	 0.568837583065033 
1438	 0.567050397396088 
1439	 0.565128266811371 
1440	 0.563311815261841 
1441	 0.561386823654175 
1442	 0.559755563735962 
1443	 0.558093130588531 
1444	 0.556896924972534 
1445	 0.555876076221466 
1446	 0.555381953716278 
1447	 0.555230140686035 
1448	 0.555566430091858 
1449	 0.55644679069519 
1450	 0.557593524456024 
1451	 0.559269666671753 
1452	 0.561038196086884 
1453	 0.563253998756409 
1454	 0.565320372581482 
1455	 0.56757003068924 
1456	 0.569682419300079 
1457	 0.571814477443695 
1458	 0.573765814304352 
1459	 0.575645387172699 
1460	 0.577373862266541 
1461	 0.578932702541351 
1462	 0.580358326435089 
1463	 0.581640124320984 
1464	 0.582826733589172 
1465	 0.583837747573853 
1466	 0.584815740585327 
1467	 0.585664391517639 
1468	 0.586467921733856 
1469	 0.58722847700119 
1470	 0.587871074676514 
1471	 0.588520348072052 
1472	 0.589136123657227 
1473	 0.589718878269196 
1474	 0.590254664421082 
1475	 0.590781927108765 
1476	 0.591286063194275 
1477	 0.591767132282257 
1478	 0.592241823673248 
1479	 0.592641770839691 
1480	 0.593013823032379 
1481	 0.593308329582214 
1482	 0.59353768825531 
1483	 0.593710243701935 
1484	 0.593804240226746 
1485	 0.593890011310577 
1486	 0.593885123729706 
1487	 0.593949198722839 
1488	 0.593970656394959 
1489	 0.594116032123566 
1490	 0.594278991222382 
1491	 0.59459000825882 
1492	 0.594976961612701 
1493	 0.595525503158569 
1494	 0.596221446990967 
1495	 0.597006380558014 
1496	 0.59794157743454 
1497	 0.59894061088562 
1498	 0.600071370601654 
1499	 0.601207256317139 
1500	 0.60244882106781 
1501	 0.60366028547287 
1502	 0.604930520057678 
1503	 0.606106400489807 
1504	 0.607272982597351 
1505	 0.608369171619415 
1506	 0.609407067298889 
1507	 0.61037015914917 
1508	 0.611267745494843 
1509	 0.61211621761322 
1510	 0.612890183925629 
1511	 0.61360228061676 
1512	 0.614271461963654 
1513	 0.614872872829437 
1514	 0.615379571914673 
1515	 0.615859508514404 
1516	 0.61628532409668 
1517	 0.616678297519684 
1518	 0.617025673389435 
1519	 0.617345571517944 
1520	 0.617643535137177 
1521	 0.617892980575562 
1522	 0.618076086044312 
1523	 0.618238091468811 
1524	 0.618366658687592 
1525	 0.618432462215424 
1526	 0.61851966381073 
1527	 0.618599057197571 
1528	 0.618665754795074 
1529	 0.618715941905975 
1530	 0.618767321109772 
1531	 0.61881422996521 
1532	 0.61884880065918 
1533	 0.618860602378845 
1534	 0.618915140628815 
1535	 0.618961155414581 
1536	 0.619061291217804 
1537	 0.619176924228668 
1538	 0.619386494159698 
1539	 0.619623184204102 
1540	 0.619980573654175 
1541	 0.620445013046265 
1542	 0.620957016944885 
1543	 0.621557414531708 
1544	 0.622191548347473 
1545	 0.622891902923584 
1546	 0.623619496822357 
1547	 0.624411165714264 
1548	 0.625195384025574 
1549	 0.626012802124023 
1550	 0.626829624176025 
1551	 0.627660393714905 
1552	 0.628485679626465 
1553	 0.629324436187744 
1554	 0.630151629447937 
1555	 0.630993843078613 
1556	 0.631783545017242 
1557	 0.632564008235931 
1558	 0.633298993110657 
1559	 0.633970618247986 
1560	 0.634654760360718 
1561	 0.635321021080017 
1562	 0.635978639125824 
1563	 0.636646687984467 
1564	 0.637260735034943 
1565	 0.637844324111938 
1566	 0.63840526342392 
1567	 0.638910889625549 
1568	 0.639433979988098 
1569	 0.639937996864319 
1570	 0.640460193157196 
1571	 0.640991389751434 
1572	 0.641517579555511 
1573	 0.642054378986359 
1574	 0.642579913139343 
1575	 0.643102586269379 
1576	 0.643612444400787 
1577	 0.644119560718536 
1578	 0.644610226154327 
1579	 0.645093202590942 
1580	 0.645550310611725 
1581	 0.645969331264496 
1582	 0.646411895751953 
1583	 0.646847188472748 
1584	 0.647283852100372 
1585	 0.647731184959412 
1586	 0.648181796073914 
1587	 0.648628413677216 
1588	 0.649072110652924 
1589	 0.649530112743378 
1590	 0.649974763393402 
1591	 0.65039986371994 
1592	 0.650835394859314 
1593	 0.65128755569458 
1594	 0.651714146137238 
1595	 0.652120351791382 
1596	 0.652538001537323 
1597	 0.65292626619339 
1598	 0.653351902961731 
1599	 0.653821408748627 
1600	 0.654267191886902 
1601	 0.654719531536102 
1602	 0.655167639255524 
1603	 0.655601739883423 
1604	 0.656035244464874 
1605	 0.656481146812439 
1606	 0.656907618045807 
1607	 0.657328069210052 
1608	 0.657728493213654 
1609	 0.658102929592133 
1610	 0.65848296880722 
1611	 0.658858060836792 
1612	 0.659215152263641 
1613	 0.659575581550598 
1614	 0.659911274909973 
1615	 0.660227835178375 
1616	 0.660520434379578 
1617	 0.660788893699646 
1618	 0.661047518253326 
1619	 0.661273062229156 
1620	 0.661501109600067 
1621	 0.661743938922882 
1622	 0.661942958831787 
1623	 0.662119209766388 
1624	 0.662279963493347 
1625	 0.662387728691101 
1626	 0.662517488002777 
1627	 0.662659287452698 
1628	 0.662777125835419 
1629	 0.662875592708588 
1630	 0.66299307346344 
1631	 0.663095891475677 
1632	 0.66321724653244 
1633	 0.663352966308594 
1634	 0.663508236408234 
1635	 0.663659989833832 
1636	 0.663849174976349 
1637	 0.664081573486328 
1638	 0.664321064949036 
1639	 0.664596796035767 
1640	 0.664861142635345 
1641	 0.665152728557587 
1642	 0.665398955345154 
1643	 0.665650427341461 
1644	 0.665836215019226 
1645	 0.665979623794556 
1646	 0.666079699993134 
1647	 0.666116714477539 
1648	 0.666135013103485 
1649	 0.66611635684967 
1650	 0.666064023971558 
1651	 0.665987610816956 
1652	 0.665869474411011 
1653	 0.665723860263824 
1654	 0.665522277355194 
1655	 0.665256261825562 
1656	 0.664970993995667 
1657	 0.664655685424805 
1658	 0.664283692836761 
1659	 0.663894653320313 
1660	 0.663430154323578 
1661	 0.662893116474152 
1662	 0.662305235862732 
1663	 0.661669135093689 
1664	 0.66094982624054 
1665	 0.660200655460358 
1666	 0.659299850463867 
1667	 0.6582972407341 
1668	 0.657193541526794 
1669	 0.655970633029938 
1670	 0.654634058475494 
1671	 0.653162002563477 
1672	 0.651626765727997 
1673	 0.649971544742584 
1674	 0.648256182670593 
1675	 0.646486580371857 
1676	 0.644654750823975 
1677	 0.642733335494995 
1678	 0.64076840877533 
1679	 0.638694584369659 
1680	 0.636655032634735 
1681	 0.634580314159393 
1682	 0.632489442825317 
1683	 0.63042676448822 
1684	 0.628340542316437 
1685	 0.626190602779388 
1686	 0.624092042446136 
1687	 0.621972382068634 
1688	 0.619902610778809 
1689	 0.617837309837341 
1690	 0.615860283374786 
1691	 0.613932549953461 
1692	 0.612140536308289 
1693	 0.610437631607056 
1694	 0.608825504779816 
1695	 0.607316613197327 
1696	 0.60588014125824 
1697	 0.604558885097504 
1698	 0.603229999542236 
1699	 0.601989388465881 
1700	 0.600757241249084 
1701	 0.599526584148407 
1702	 0.598346412181854 
1703	 0.59721827507019 
1704	 0.596085786819458 
1705	 0.594954252243042 
1706	 0.593858599662781 
1707	 0.592861831188202 
1708	 0.591898262500763 
1709	 0.591003775596619 
1710	 0.590132832527161 
1711	 0.589201927185059 
1712	 0.588289678096771 
1713	 0.587317049503326 
1714	 0.586287319660187 
1715	 0.585307002067566 
1716	 0.584284484386444 
1717	 0.583257973194122 
1718	 0.582242846488953 
1719	 0.581189692020416 
1720	 0.580163359642029 
1721	 0.579130887985229 
1722	 0.578103601932526 
1723	 0.577170014381409 
1724	 0.576287865638733 
1725	 0.575489163398743 
1726	 0.574767470359802 
1727	 0.574066579341888 
1728	 0.573463380336761 
1729	 0.572931945323944 
1730	 0.572505474090576 
1731	 0.572255671024323 
1732	 0.572112917900085 
1733	 0.572042763233185 
1734	 0.572068333625793 
1735	 0.572128534317017 
1736	 0.572196662425995 
1737	 0.572286427021027 
1738	 0.57242339849472 
1739	 0.572499513626099 
1740	 0.572538614273071 
1741	 0.572545349597931 
1742	 0.57250452041626 
1743	 0.57247406244278 
1744	 0.572380840778351 
1745	 0.572394788265228 
1746	 0.572441041469574 
1747	 0.5725337266922 
1748	 0.572666883468628 
1749	 0.572911858558655 
1750	 0.573219120502472 
1751	 0.573606073856354 
1752	 0.574118077754974 
1753	 0.574673414230347 
1754	 0.575261533260345 
1755	 0.57593560218811 
1756	 0.576711297035217 
1757	 0.577486574649811 
1758	 0.578379392623901 
1759	 0.579284608364105 
1760	 0.58022528886795 
1761	 0.581247866153717 
1762	 0.582272052764893 
1763	 0.58337926864624 
1764	 0.584530234336853 
1765	 0.585692882537842 
1766	 0.586946129798889 
1767	 0.588184714317322 
1768	 0.589482963085175 
1769	 0.590858936309814 
1770	 0.592149138450623 
1771	 0.593447029590607 
1772	 0.594703018665314 
1773	 0.595886051654816 
1774	 0.597120523452759 
1775	 0.598314702510834 
1776	 0.599489808082581 
1777	 0.600584864616394 
1778	 0.601543366909027 
1779	 0.602536678314209 
1780	 0.6034876704216 
1781	 0.604402601718903 
1782	 0.605356395244598 
1783	 0.606226205825806 
1784	 0.607103765010834 
1785	 0.607965588569641 
1786	 0.608799576759338 
1787	 0.609634459018707 
1788	 0.610428988933563 
1789	 0.611179709434509 
1790	 0.611958801746368 
1791	 0.612751007080078 
1792	 0.613470256328583 
1793	 0.614156126976013 
1794	 0.614832103252411 
1795	 0.615468204021454 
1796	 0.61609822511673 
1797	 0.616748094558716 
1798	 0.617297112941742 
1799	 0.617813110351563 
1800	 0.618334293365479 
1801	 0.594167232513428 
1802	 0.596446096897125 
1803	 0.598448097705841 
1804	 0.600174725055695 
1805	 0.601850390434265 
1806	 0.603268504142761 
1807	 0.604463040828705 
1808	 0.605576157569885 
1809	 0.60647177696228 
1810	 0.607317090034485 
1811	 0.608038067817688 
1812	 0.608725070953369 
1813	 0.609290897846222 
1814	 0.609867572784424 
1815	 0.610396504402161 
1816	 0.610869169235229 
1817	 0.611330091953278 
1818	 0.611717939376831 
1819	 0.612152516841888 
1820	 0.612566828727722 
1821	 0.613016903400421 
1822	 0.613498866558075 
1823	 0.613985061645508 
1824	 0.614443838596344 
1825	 0.614919543266296 
1826	 0.615374863147736 
1827	 0.615819156169891 
1828	 0.616228997707367 
1829	 0.61665403842926 
1830	 0.617013335227966 
1831	 0.61731892824173 
1832	 0.617614507675171 
1833	 0.617856085300446 
1834	 0.618092060089111 
1835	 0.61831271648407 
1836	 0.618531286716461 
1837	 0.618810534477234 
1838	 0.619085609912872 
1839	 0.61944591999054 
1840	 0.619864821434021 
1841	 0.620332717895508 
1842	 0.620879113674164 
1843	 0.621445298194885 
1844	 0.622023165225983 
1845	 0.622563302516937 
1846	 0.623030126094818 
1847	 0.623458802700043 
1848	 0.623854041099548 
1849	 0.624245047569275 
1850	 0.62451046705246 
1851	 0.624725639820099 
1852	 0.624870002269745 
1853	 0.62484222650528 
1854	 0.62475323677063 
1855	 0.624564170837402 
1856	 0.624277472496033 
1857	 0.623939216136932 
1858	 0.623465478420258 
1859	 0.622929811477661 
1860	 0.622373521327972 
1861	 0.621607065200806 
1862	 0.620719432830811 
1863	 0.619741022586823 
1864	 0.61849844455719 
1865	 0.617133915424347 
1866	 0.615544497966766 
1867	 0.613679707050323 
1868	 0.611711323261261 
1869	 0.609630584716797 
1870	 0.607603669166565 
1871	 0.605478882789612 
1872	 0.603554844856262 
1873	 0.601711869239807 
1874	 0.599914610385895 
1875	 0.598289906978607 
1876	 0.596533238887787 
1877	 0.594849705696106 
1878	 0.593035280704498 
1879	 0.590974271297455 
1880	 0.588935911655426 
1881	 0.586591005325317 
1882	 0.583985984325409 
1883	 0.581250131130219 
1884	 0.578300356864929 
1885	 0.574943065643311 
1886	 0.571532249450684 
1887	 0.567859888076782 
1888	 0.563962459564209 
1889	 0.560230672359467 
1890	 0.556305766105652 
1891	 0.552337467670441 
1892	 0.548362374305725 
1893	 0.544075489044189 
1894	 0.539499819278717 
1895	 0.534951090812683 
1896	 0.530158221721649 
1897	 0.525134205818176 
1898	 0.520415186882019 
1899	 0.515376508235931 
1900	 0.510333120822906 
1901	 0.505356967449188 
1902	 0.49992561340332 
1903	 0.494730651378632 
1904	 0.489468395709991 
1905	 0.484094232320786 
1906	 0.478682845830917 
1907	 0.473711848258972 
1908	 0.46848139166832 
1909	 0.463344037532806 
1910	 0.458231925964355 
1911	 0.452712625265121 
1912	 0.447373926639557 
1913	 0.442016631364822 
1914	 0.436601728200912 
1915	 0.431656569242477 
1916	 0.427077919244766 
1917	 0.422525465488434 
1918	 0.418282300233841 
1919	 0.414559751749039 
1920	 0.410813808441162 
1921	 0.407570153474808 
1922	 0.404565274715424 
1923	 0.401730895042419 
1924	 0.399305075407028 
1925	 0.396890878677368 
1926	 0.394422233104706 
1927	 0.39217746257782 
1928	 0.389605164527893 
1929	 0.3868667781353 
1930	 0.384062767028809 
1931	 0.381140887737274 
1932	 0.378078430891037 
1933	 0.37527272105217 
1934	 0.372433066368103 
1935	 0.369734585285187 
1936	 0.367318511009216 
1937	 0.365101903676987 
1938	 0.362962037324905 
1939	 0.361317843198776 
1940	 0.359955221414566 
1941	 0.358952283859253 
1942	 0.358391553163528 
1943	 0.358117431402206 
1944	 0.358125954866409 
1945	 0.358521819114685 
1946	 0.359318315982819 
1947	 0.360391467809677 
1948	 0.361947506666183 
1949	 0.363946527242661 
1950	 0.366199940443039 
1951	 0.368840634822845 
1952	 0.371787935495377 
1953	 0.375019371509552 
1954	 0.378591686487198 
1955	 0.382674068212509 
1956	 0.386776387691498 
1957	 0.391030550003052 
1958	 0.395341247320175 
1959	 0.399179250001907 
1960	 0.402875274419785 
1961	 0.406229615211487 
1962	 0.409247696399689 
1963	 0.411990374326706 
1964	 0.414481401443481 
1965	 0.41661524772644 
1966	 0.418408632278442 
1967	 0.419986039400101 
1968	 0.42120572924614 
1969	 0.422377914190292 
1970	 0.42348125576973 
1971	 0.424569725990295 
1972	 0.425754219293594 
1973	 0.42695277929306 
1974	 0.42825111746788 
1975	 0.429665267467499 
1976	 0.431075125932693 
1977	 0.432510256767273 
1978	 0.434045732021332 
1979	 0.435626804828644 
1980	 0.437235206365585 
1981	 0.439048409461975 
1982	 0.440848678350449 
1983	 0.442760974168777 
1984	 0.444754958152771 
1985	 0.44667574763298 
1986	 0.448760449886322 
1987	 0.451010346412659 
1988	 0.453232616186142 
1989	 0.455866992473602 
1990	 0.458777725696564 
1991	 0.461875766515732 
1992	 0.465247184038162 
1993	 0.468904256820679 
1994	 0.472476810216904 
1995	 0.476369500160217 
1996	 0.480284035205841 
1997	 0.484205365180969 
1998	 0.488300025463104 
1999	 0.492637753486633 
2000	 0.496730864048004 
2001	 0.501053094863892 
2002	 0.504922211170197 
2003	 0.508543431758881 
2004	 0.512051165103912 
2005	 0.515255808830261 
2006	 0.518404066562653 
2007	 0.521524906158447 
2008	 0.524366676807404 
2009	 0.527055501937866 
2010	 0.529665291309357 
2011	 0.531893491744995 
2012	 0.534027218818665 
2013	 0.53601336479187 
2014	 0.537747740745544 
2015	 0.53947389125824 
2016	 0.541122734546661 
2017	 0.542640864849091 
2018	 0.544093906879425 
2019	 0.545401096343994 
2020	 0.546537399291992 
2021	 0.547616600990295 
2022	 0.548592388629913 
2023	 0.549430906772614 
2024	 0.550257802009583 
2025	 0.550956785678864 
2026	 0.551561534404755 
2027	 0.552070081233978 
2028	 0.552501499652863 
2029	 0.552799046039581 
2030	 0.553077697753906 
2031	 0.553282141685486 
2032	 0.553447902202606 
2033	 0.553523182868958 
2034	 0.553614139556885 
2035	 0.553676545619965 
2036	 0.553728401660919 
2037	 0.55374675989151 
2038	 0.553763151168823 
2039	 0.553771793842316 
2040	 0.553743302822113 
2041	 0.553739070892334 
2042	 0.553752899169922 
2043	 0.55375462770462 
2044	 0.553742408752441 
2045	 0.553741872310638 
2046	 0.553739011287689 
2047	 0.553748369216919 
2048	 0.553781569004059 
2049	 0.553795039653778 
2050	 0.553803861141205 
2051	 0.553822815418243 
2052	 0.553809523582459 
2053	 0.553783178329468 
2054	 0.55376136302948 
2055	 0.553739607334137 
2056	 0.553697645664215 
2057	 0.553643584251404 
2058	 0.553589284420013 
2059	 0.553515672683716 
2060	 0.553453147411346 
2061	 0.553382337093353 
2062	 0.553338766098022 
2063	 0.553292691707611 
2064	 0.553277671337128 
2065	 0.553286254405975 
2066	 0.553314447402954 
2067	 0.553379774093628 
2068	 0.553462982177734 
2069	 0.553556561470032 
2070	 0.553687810897827 
2071	 0.553792953491211 
2072	 0.553899347782135 
2073	 0.554003059864044 
2074	 0.554095506668091 
2075	 0.554202616214752 
2076	 0.554336965084076 
2077	 0.554430246353149 
2078	 0.554528117179871 
2079	 0.554590165615082 
2080	 0.554618656635284 
2081	 0.554624080657959 
2082	 0.554612517356873 
2083	 0.554575502872467 
2084	 0.554485440254211 
2085	 0.554351449012756 
2086	 0.554208159446716 
2087	 0.55402535200119 
2088	 0.553830862045288 
2089	 0.553627073764801 
2090	 0.553393483161926 
2091	 0.553134560585022 
2092	 0.552847027778625 
2093	 0.552518904209137 
2094	 0.55219578742981 
2095	 0.551840782165527 
2096	 0.551492393016815 
2097	 0.551144242286682 
2098	 0.550803244113922 
2099	 0.550448298454285 
2100	 0.550055503845215 
2101	 0.549661099910736 
2102	 0.549250423908234 
2103	 0.54883861541748 
2104	 0.548398494720459 
2105	 0.547999203205109 
2106	 0.54762476682663 
2107	 0.547219157218933 
2108	 0.546844482421875 
2109	 0.546411573886871 
2110	 0.545917630195618 
2111	 0.545447826385498 
2112	 0.544935405254364 
2113	 0.544467866420746 
2114	 0.544026255607605 
2115	 0.543588280677795 
2116	 0.543152511119843 
2117	 0.542773962020874 
2118	 0.542368948459625 
2119	 0.541968286037445 
2120	 0.541567802429199 
2121	 0.541174948215485 
2122	 0.540765464305878 
2123	 0.540360927581787 
2124	 0.539927184581757 
2125	 0.539487659931183 
2126	 0.539011657238007 
2127	 0.538510739803314 
2128	 0.537989497184753 
2129	 0.537417054176331 
2130	 0.536859512329102 
2131	 0.536294221878052 
2132	 0.535721659660339 
2133	 0.535144209861755 
2134	 0.534584224224091 
2135	 0.533960819244385 
2136	 0.53333044052124 
2137	 0.532677292823792 
2138	 0.53198504447937 
2139	 0.531302154064178 
2140	 0.530607521533966 
2141	 0.529913365840912 
2142	 0.529228091239929 
2143	 0.528505802154541 
2144	 0.527761340141296 
2145	 0.527026951313019 
2146	 0.526253640651703 
2147	 0.525509655475616 
2148	 0.524798512458801 
2149	 0.524067521095276 
2150	 0.523391962051392 
2151	 0.522616028785706 
2152	 0.521785140037537 
2153	 0.520929217338562 
2154	 0.520000219345093 
2155	 0.519062519073486 
2156	 0.518169820308685 
2157	 0.517303705215454 
2158	 0.516417860984802 
2159	 0.515552401542664 
2160	 0.514644503593445 
2161	 0.513723433017731 
2162	 0.512785911560059 
2163	 0.511776030063629 
2164	 0.510861992835999 
2165	 0.509957432746887 
2166	 0.509094417095184 
2167	 0.508304357528687 
2168	 0.507521629333496 
2169	 0.506724178791046 
2170	 0.506006717681885 
2171	 0.505350112915039 
2172	 0.50471830368042 
2173	 0.504096388816834 
2174	 0.503583788871765 
2175	 0.503156423568726 
2176	 0.502742528915405 
2177	 0.50236850976944 
2178	 0.502094507217407 
2179	 0.501783788204193 
2180	 0.501440584659576 
2181	 0.501188039779663 
2182	 0.501010000705719 
2183	 0.500797033309937 
2184	 0.500633895397186 
2185	 0.500429749488831 
2186	 0.500196576118469 
2187	 0.499970346689224 
2188	 0.499762415885925 
2189	 0.499502420425415 
2190	 0.499219059944153 
2191	 0.498918563127518 
2192	 0.498593956232071 
2193	 0.498234510421753 
2194	 0.497860163450241 
2195	 0.497448354959488 
2196	 0.497007697820663 
2197	 0.496499240398407 
2198	 0.495986253023148 
2199	 0.495427876710892 
2200	 0.494862943887711 
2201	 0.494275867938995 
2202	 0.49364972114563 
2203	 0.493002891540527 
2204	 0.492327779531479 
2205	 0.491595864295959 
2206	 0.490877091884613 
2207	 0.4901482462883 
2208	 0.489404767751694 
2209	 0.488653928041458 
2210	 0.487881928682327 
2211	 0.487057209014893 
2212	 0.48630154132843 
2213	 0.485485464334488 
2214	 0.484825611114502 
2215	 0.484293639659882 
2216	 0.483761072158813 
2217	 0.483302086591721 
2218	 0.482889354228973 
2219	 0.482472002506256 
2220	 0.482154279947281 
2221	 0.481912046670914 
2222	 0.481770843267441 
2223	 0.481685370206833 
2224	 0.481630951166153 
2225	 0.481583446264267 
2226	 0.481473505496979 
2227	 0.481274634599686 
2228	 0.481040209531784 
2229	 0.480648517608643 
2230	 0.480178236961365 
2231	 0.479535579681396 
2232	 0.478742092847824 
2233	 0.477833718061447 
2234	 0.476839512586594 
2235	 0.47559580206871 
2236	 0.474198460578918 
2237	 0.472591489553452 
2238	 0.47066742181778 
2239	 0.46872752904892 
2240	 0.466666132211685 
2241	 0.464459389448166 
2242	 0.462224632501602 
2243	 0.459699511528015 
2244	 0.456913471221924 
2245	 0.454042613506317 
2246	 0.450836360454559 
2247	 0.44770947098732 
2248	 0.444576889276505 
2249	 0.441317915916443 
2250	 0.438019752502441 
2251	 0.434682488441467 
2252	 0.430955350399017 
2253	 0.427332282066345 
2254	 0.423622041940689 
2255	 0.419815003871918 
2256	 0.416322499513626 
2257	 0.412743359804153 
2258	 0.409259051084518 
2259	 0.405894905328751 
2260	 0.402441173791885 
2261	 0.398922592401505 
2262	 0.395598769187927 
2263	 0.392185270786285 
2264	 0.389145880937576 
2265	 0.386367291212082 
2266	 0.383686035871506 
2267	 0.381263256072998 
2268	 0.378881484270096 
2269	 0.376559197902679 
2270	 0.374482035636902 
2271	 0.37255647778511 
2272	 0.370790928602219 
2273	 0.369306892156601 
2274	 0.367822647094727 
2275	 0.366532444953918 
2276	 0.365165263414383 
2277	 0.363887786865234 
2278	 0.362517356872559 
2279	 0.361058056354523 
2280	 0.359608799219131 
2281	 0.358158051967621 
2282	 0.356640964746475 
2283	 0.355125993490219 
2284	 0.353537619113922 
2285	 0.351781040430069 
2286	 0.350025445222855 
2287	 0.34811332821846 
2288	 0.346143692731857 
2289	 0.344294160604477 
2290	 0.342350989580154 
2291	 0.340493649244308 
2292	 0.338722288608551 
2293	 0.336789399385452 
2294	 0.334947973489761 
2295	 0.333136826753616 
2296	 0.33134189248085 
2297	 0.329783350229263 
2298	 0.32837250828743 
2299	 0.327115923166275 
2300	 0.326053112745285 
2301	 0.325107932090759 
2302	 0.324249148368835 
2303	 0.323724120855331 
2304	 0.323397666215897 
2305	 0.323329329490662 
2306	 0.323644697666168 
2307	 0.323976010084152 
2308	 0.324412614107132 
2309	 0.325124442577362 
2310	 0.325983136892319 
2311	 0.32712921500206 
2312	 0.328629106283188 
2313	 0.330253094434738 
2314	 0.332138270139694 
2315	 0.334133148193359 
2316	 0.336394429206848 
2317	 0.33858260512352 
2318	 0.341010630130768 
2319	 0.343120098114014 
2320	 0.345220237970352 
2321	 0.347026973962784 
2322	 0.348605632781982 
2323	 0.34996172785759 
2324	 0.351012825965881 
2325	 0.351957857608795 
2326	 0.352676093578339 
2327	 0.353267192840576 
2328	 0.353729754686356 
2329	 0.354055851697922 
2330	 0.354177504777908 
2331	 0.354202896356583 
2332	 0.354155480861664 
2333	 0.353998810052872 
2334	 0.353773593902588 
2335	 0.353544265031815 
2336	 0.353275567293167 
2337	 0.352954089641571 
2338	 0.352636486291885 
2339	 0.352233588695526 
2340	 0.351804405450821 
2341	 0.351387172937393 
2342	 0.350944608449936 
2343	 0.350570231676102 
2344	 0.350223124027252 
2345	 0.349903732538223 
2346	 0.349748373031616 
2347	 0.349718481302261 
2348	 0.349789977073669 
2349	 0.35010838508606 
2350	 0.350629895925522 
2351	 0.351259797811508 
2352	 0.352141827344894 
2353	 0.353236377239227 
2354	 0.35429185628891 
2355	 0.355484157800674 
2356	 0.35664090514183 
2357	 0.357659935951233 
2358	 0.358662724494934 
2359	 0.359431445598602 
2360	 0.36007371544838 
2361	 0.360574156045914 
2362	 0.360850840806961 
2363	 0.361015558242798 
2364	 0.361072421073914 
2365	 0.360983401536942 
2366	 0.360801726579666 
2367	 0.360540986061096 
2368	 0.360141068696976 
2369	 0.359743416309357 
2370	 0.359425663948059 
2371	 0.359071344137192 
2372	 0.358770132064819 
2373	 0.358366340398788 
2374	 0.357728838920593 
2375	 0.357127726078033 
2376	 0.35639414191246 
2377	 0.355572402477264 
2378	 0.354848772287369 
2379	 0.353923857212067 
2380	 0.352996200323105 
2381	 0.352097153663635 
2382	 0.351073265075684 
2383	 0.349948644638062 
2384	 0.348840236663818 
2385	 0.34761518239975 
2386	 0.34647199511528 
2387	 0.345374405384064 
2388	 0.344278514385223 
2389	 0.343253314495087 
2390	 0.34205561876297 
2391	 0.34076976776123 
2392	 0.339487880468369 
2393	 0.338106274604797 
2394	 0.336774528026581 
2395	 0.335450708866119 
2396	 0.334108531475067 
2397	 0.332774668931961 
2398	 0.331363648176193 
2399	 0.329892426729202 
2400	 0.328589409589767 
2401	 0.327263444662094 
2402	 0.32604917883873 
2403	 0.324887603521347 
2404	 0.323602437973022 
2405	 0.322384715080261 
2406	 0.321191728115082 
2407	 0.319880872964859 
2408	 0.318646997213364 
2409	 0.317488878965378 
2410	 0.316322863101959 
2411	 0.315463662147522 
2412	 0.314721792936325 
2413	 0.313756793737412 
2414	 0.312807619571686 
2415	 0.311854422092438 
2416	 0.310838580131531 
2417	 0.309912115335464 
2418	 0.309127956628799 
2419	 0.308489203453064 
2420	 0.307872325181961 
2421	 0.307307004928589 
2422	 0.306857496500015 
2423	 0.306305915117264 
2424	 0.305689334869385 
2425	 0.305095255374908 
2426	 0.30446520447731 
2427	 0.303880631923676 
2428	 0.303298324346542 
2429	 0.302747905254364 
2430	 0.302184194326401 
2431	 0.301597595214844 
2432	 0.301058351993561 
2433	 0.300435423851013 
2434	 0.299706816673279 
2435	 0.298976749181747 
2436	 0.298434644937515 
2437	 0.297960847616196 
2438	 0.297490954399109 
2439	 0.297066152095795 
2440	 0.296465039253235 
2441	 0.295778393745422 
2442	 0.295308649539948 
2443	 0.294972538948059 
2444	 0.294507563114166 
2445	 0.294078022241592 
2446	 0.293562889099121 
2447	 0.29290908575058 
2448	 0.292358338832855 
2449	 0.291694045066834 
2450	 0.291072458028793 
2451	 0.29046419262886 
2452	 0.289741694927216 
2453	 0.289144784212112 
2454	 0.288412362337112 
2455	 0.287639886140823 
2456	 0.28693699836731 
2457	 0.286130964756012 
2458	 0.285498827695847 
2459	 0.284829616546631 
2460	 0.28404575586319 
2461	 0.283386677503586 
2462	 0.282696634531021 
2463	 0.282098233699799 
2464	 0.281567096710205 
2465	 0.280931144952774 
2466	 0.280374974012375 
2467	 0.27990847826004 
2468	 0.27943366765976 
2469	 0.279205054044724 
2470	 0.279121309518814 
2471	 0.278810322284698 
2472	 0.278469324111938 
2473	 0.278083324432373 
2474	 0.277661263942719 
2475	 0.277399957180023 
2476	 0.277351766824722 
2477	 0.277574390172958 
2478	 0.277686387300491 
2479	 0.277743846178055 
2480	 0.277695119380951 
2481	 0.277705997228622 
2482	 0.277889430522919 
2483	 0.278017073869705 
2484	 0.27804246544838 
2485	 0.278195977210999 
2486	 0.278388261795044 
2487	 0.278791278600693 
2488	 0.279269218444824 
2489	 0.279428690671921 
2490	 0.279595077037811 
2491	 0.279792249202728 
2492	 0.280094623565674 
2493	 0.281080693006516 
2494	 0.281985580921173 
2495	 0.282550692558289 
2496	 0.283015817403793 
2497	 0.283327966928482 
2498	 0.28399732708931 
2499	 0.284416884183884 
2500	 0.284990191459656 
