Wavelength	Echave.112
350	 0.164690166711807 
351	 0.158527806401253 
352	 0.155853167176247 
353	 0.152836784720421 
354	 0.143707856535912 
355	 0.136396184563637 
356	 0.133531823754311 
357	 0.135053247213364 
358	 0.140243142843246 
359	 0.132772117853165 
360	 0.120933689177036 
361	 0.122688338160515 
362	 0.119796916842461 
363	 0.119038298726082 
364	 0.120713010430336 
365	 0.114063233137131 
366	 0.112993381917477 
367	 0.11340369284153 
368	 0.110238686203957 
369	 0.109259247779846 
370	 0.111095823347569 
371	 0.111897379159927 
372	 0.106935724616051 
373	 0.105803221464157 
374	 0.104553028941154 
375	 0.102035276591778 
376	 0.102853678166866 
377	 0.103657826781273 
378	 0.103454940021038 
379	 0.102161295711994 
380	 0.100109286606312 
381	 0.100738927721977 
382	 0.102712459862232 
383	 0.102150544524193 
384	 9.95816886425018E-02 
385	 9.75538119673729E-02 
386	 0.09730264544487 
387	 9.78525727987289E-02 
388	 9.80730727314949E-02 
389	 9.79833081364632E-02 
390	 0.097484678030014 
391	 9.41806510090828E-02 
392	 9.34948772192001E-02 
393	 9.59229692816734E-02 
394	 9.83296111226082E-02 
395	 9.66353341937065E-02 
396	 9.56252738833427E-02 
397	 9.68025103211403E-02 
398	 9.45216715335846E-02 
399	 9.30257886648178E-02 
400	 9.30316969752312E-02 
401	 9.39808711409569E-02 
402	 9.47603583335876E-02 
403	 9.52533483505249E-02 
404	 9.53012034296989E-02 
405	 9.47921276092529E-02 
406	 0.094728022813797 
407	 0.095326840877533 
408	 9.60420817136765E-02 
409	 0.095010906457901 
410	 9.47996228933334E-02 
411	 9.52868312597275E-02 
412	 9.57367494702339E-02 
413	 9.72849056124687E-02 
414	 9.75832045078278E-02 
415	 9.67137366533279E-02 
416	 9.68956872820854E-02 
417	 9.70822498202324E-02 
418	 9.74630489945412E-02 
419	 9.80672165751457E-02 
420	 9.80600714683533E-02 
421	 9.84919965267181E-02 
422	 0.099180243909359 
423	 0.099550649523735 
424	 0.100024476647377 
425	 0.100354850292206 
426	 0.100630894303322 
427	 0.101350754499435 
428	 0.102289438247681 
429	 0.103222653269768 
430	 0.103987529873848 
431	 0.104577012360096 
432	 0.105260826647282 
433	 0.105800800025463 
434	 0.105865590274334 
435	 0.106961563229561 
436	 0.108114831149578 
437	 0.108850546181202 
438	 0.109901666641235 
439	 0.11032523214817 
440	 0.110744521021843 
441	 0.111832737922668 
442	 0.112548507750034 
443	 0.113319836556911 
444	 0.114235453307629 
445	 0.115093924105167 
446	 0.11597628891468 
447	 0.116729646921158 
448	 0.117283210158348 
449	 0.117783986032009 
450	 0.118345506489277 
451	 0.119096852838993 
452	 0.120031803846359 
453	 0.120381161570549 
454	 0.121026486158371 
455	 0.121905915439129 
456	 0.1218556240201 
457	 0.122268632054329 
458	 0.122788302600384 
459	 0.123021759092808 
460	 0.123658195137978 
461	 0.124242007732391 
462	 0.124702475965023 
463	 0.125158786773682 
464	 0.12536746263504 
465	 0.125683546066284 
466	 0.126243859529495 
467	 0.126768529415131 
468	 0.127226978540421 
469	 0.127582237124443 
470	 0.127890855073929 
471	 0.128563657402992 
472	 0.129002913832664 
473	 0.129238978028297 
474	 0.129785940051079 
475	 0.130281880497932 
476	 0.130701720714569 
477	 0.131107196211815 
478	 0.131638824939728 
479	 0.132147461175919 
480	 0.132567912340164 
481	 0.132939666509628 
482	 0.133733466267586 
483	 0.134298101067543 
484	 0.134605228900909 
485	 0.135397031903267 
486	 0.136200219392776 
487	 0.13689212501049 
488	 0.137499436736107 
489	 0.138262718915939 
490	 0.138955056667328 
491	 0.139608323574066 
492	 0.140398487448692 
493	 0.14131735265255 
494	 0.142263144254684 
495	 0.143167853355408 
496	 0.144022658467293 
497	 0.145077481865883 
498	 0.146116361021996 
499	 0.146938532590866 
500	 0.148137345910072 
501	 0.149200171232224 
502	 0.150123581290245 
503	 0.151356846094131 
504	 0.152540907263756 
505	 0.153642132878304 
506	 0.154735341668129 
507	 0.15603032708168 
508	 0.157237842679024 
509	 0.158398658037186 
510	 0.159668684005737 
511	 0.160868138074875 
512	 0.162166982889175 
513	 0.163564085960388 
514	 0.164807960391045 
515	 0.166247457265854 
516	 0.167700499296188 
517	 0.168980821967125 
518	 0.170368701219559 
519	 0.171779304742813 
520	 0.173207342624664 
521	 0.174699932336807 
522	 0.176244378089905 
523	 0.177743539214134 
524	 0.179189652204514 
525	 0.180762678384781 
526	 0.182450816035271 
527	 0.184144005179405 
528	 0.185739308595657 
529	 0.187413662672043 
530	 0.189011842012405 
531	 0.190565451979637 
532	 0.19231116771698 
533	 0.194137051701546 
534	 0.195958167314529 
535	 0.197736740112305 
536	 0.19956748187542 
537	 0.201354414224625 
538	 0.203133255243301 
539	 0.204999208450317 
540	 0.206842660903931 
541	 0.20865672826767 
542	 0.210448876023293 
543	 0.212222293019295 
544	 0.214007288217545 
545	 0.215817332267761 
546	 0.217626363039017 
547	 0.219257712364197 
548	 0.220962047576904 
549	 0.222757384181023 
550	 0.224443346261978 
551	 0.226113855838776 
552	 0.227795913815498 
553	 0.229501813650131 
554	 0.2312391102314 
555	 0.232944548130035 
556	 0.234646320343018 
557	 0.236406445503235 
558	 0.238193705677986 
559	 0.239968433976173 
560	 0.241725787520409 
561	 0.243512466549873 
562	 0.245357871055603 
563	 0.247186794877052 
564	 0.248943880200386 
565	 0.250748723745346 
566	 0.252691209316254 
567	 0.254678905010223 
568	 0.256509721279144 
569	 0.258414596319199 
570	 0.26038134098053 
571	 0.262367188930511 
572	 0.264336287975311 
573	 0.266396671533585 
574	 0.268497437238693 
575	 0.270544320344925 
576	 0.27256652712822 
577	 0.274583876132965 
578	 0.276615381240845 
579	 0.278673142194748 
580	 0.280772686004639 
581	 0.282900124788284 
582	 0.28502482175827 
583	 0.287053912878037 
584	 0.28916996717453 
585	 0.291314452886581 
586	 0.29331037402153 
587	 0.295328617095947 
588	 0.297362148761749 
589	 0.299352467060089 
590	 0.301178932189941 
591	 0.302992075681686 
592	 0.304774045944214 
593	 0.306454241275787 
594	 0.307969391345978 
595	 0.309432774782181 
596	 0.310908019542694 
597	 0.3123939037323 
598	 0.313628077507019 
599	 0.31485116481781 
600	 0.31620654463768 
601	 0.317382365465164 
602	 0.3183933198452 
603	 0.319390743970871 
604	 0.320522755384445 
605	 0.321427822113037 
606	 0.322237908840179 
607	 0.323050975799561 
608	 0.323866605758667 
609	 0.324457794427872 
610	 0.325003921985626 
611	 0.325669348239899 
612	 0.326206386089325 
613	 0.326674818992615 
614	 0.32714119553566 
615	 0.327658474445343 
616	 0.328085243701935 
617	 0.328483670949936 
618	 0.328897625207901 
619	 0.329292953014374 
620	 0.329642504453659 
621	 0.329966872930527 
622	 0.330302476882935 
623	 0.330671757459641 
624	 0.33100289106369 
625	 0.33128035068512 
626	 0.331545144319534 
627	 0.331802874803543 
628	 0.33208429813385 
629	 0.332380563020706 
630	 0.332566052675247 
631	 0.33281683921814 
632	 0.333132237195969 
633	 0.33342632651329 
634	 0.333642721176147 
635	 0.333879679441452 
636	 0.33415561914444 
637	 0.334373265504837 
638	 0.334538370370865 
639	 0.334723293781281 
640	 0.334989905357361 
641	 0.335325688123703 
642	 0.335550576448441 
643	 0.335705131292343 
644	 0.335957229137421 
645	 0.336245357990265 
646	 0.3365139067173 
647	 0.336754351854324 
648	 0.337033867835999 
649	 0.33734804391861 
650	 0.337654560804367 
651	 0.337917357683182 
652	 0.338182300329208 
653	 0.338455587625504 
654	 0.33873575925827 
655	 0.339014708995819 
656	 0.339271605014801 
657	 0.339570224285126 
658	 0.33993873000145 
659	 0.340309679508209 
660	 0.340645372867584 
661	 0.340961754322052 
662	 0.341300636529922 
663	 0.341701596975327 
664	 0.342085748910904 
665	 0.342432409524918 
666	 0.342789500951767 
667	 0.343240082263947 
668	 0.343666583299637 
669	 0.344007462263107 
670	 0.344445556402206 
671	 0.344957411289215 
672	 0.345468252897263 
673	 0.345900237560272 
674	 0.346348196268082 
675	 0.346833288669586 
676	 0.347333610057831 
677	 0.347787380218506 
678	 0.348311752080917 
679	 0.348892062902451 
680	 0.349458485841751 
681	 0.349866271018982 
682	 0.350365668535233 
683	 0.350979715585709 
684	 0.351591438055038 
685	 0.352099299430847 
686	 0.352571249008179 
687	 0.353071242570877 
688	 0.353625237941742 
689	 0.354278892278671 
690	 0.354951113462448 
691	 0.355564653873444 
692	 0.356186300516129 
693	 0.356760680675507 
694	 0.357324808835983 
695	 0.357959806919098 
696	 0.358582973480225 
697	 0.359151989221573 
698	 0.359682381153107 
699	 0.360267341136932 
700	 0.36087042093277 
701	 0.361494988203049 
702	 0.362131625413895 
703	 0.362676620483398 
704	 0.363287836313248 
705	 0.363960355520248 
706	 0.364574044942856 
707	 0.365104585886002 
708	 0.365591496229172 
709	 0.366101801395416 
710	 0.366732746362686 
711	 0.367338120937347 
712	 0.367837727069855 
713	 0.368237555027008 
714	 0.368772059679031 
715	 0.369362324476242 
716	 0.369892776012421 
717	 0.370264649391174 
718	 0.370811730623245 
719	 0.371297419071198 
720	 0.3716139793396 
721	 0.371995955705643 
722	 0.372519582509995 
723	 0.373042762279511 
724	 0.373432129621506 
725	 0.373901218175888 
726	 0.374344050884247 
727	 0.374739497900009 
728	 0.375129997730255 
729	 0.375510901212692 
730	 0.375849068164825 
731	 0.37616840004921 
732	 0.376594752073288 
733	 0.376963376998901 
734	 0.377301931381226 
735	 0.377668559551239 
736	 0.378012984991074 
737	 0.37830263376236 
738	 0.378591567277908 
739	 0.378973633050919 
740	 0.379360854625702 
741	 0.379681885242462 
742	 0.379929333925247 
743	 0.380183488130569 
744	 0.380486369132996 
745	 0.380836099386215 
746	 0.3811896443367 
747	 0.381430298089981 
748	 0.38164746761322 
749	 0.381831467151642 
750	 0.381946116685867 
751	 0.382233440876007 
752	 0.382488399744034 
753	 0.38262939453125 
754	 0.382793128490448 
755	 0.382998079061508 
756	 0.383234143257141 
757	 0.383476078510284 
758	 0.383694618940353 
759	 0.383876860141754 
760	 0.383991152048111 
761	 0.384023904800415 
762	 0.384082198143005 
763	 0.384338438510895 
764	 0.384692907333374 
765	 0.384779542684555 
766	 0.384830266237259 
767	 0.384927272796631 
768	 0.385097801685333 
769	 0.385323196649551 
770	 0.385456800460815 
771	 0.385525107383728 
772	 0.385620206594467 
773	 0.385787844657898 
774	 0.385886490345001 
775	 0.385924994945526 
776	 0.386039823293686 
777	 0.386266082525253 
778	 0.386448085308075 
779	 0.386497288942337 
780	 0.38648197054863 
781	 0.386540979146957 
782	 0.386676013469696 
783	 0.386818379163742 
784	 0.386825978755951 
785	 0.386873841285706 
786	 0.386957615613937 
787	 0.386987954378128 
788	 0.3870989382267 
789	 0.387176036834717 
790	 0.387183457612991 
791	 0.387206345796585 
792	 0.387322872877121 
793	 0.387413948774338 
794	 0.387404471635818 
795	 0.387427717447281 
796	 0.387462705373764 
797	 0.387466788291931 
798	 0.387424558401108 
799	 0.387500733137131 
800	 0.387609779834747 
801	 0.387666374444962 
802	 0.387616753578186 
803	 0.387613326311111 
804	 0.387648165225983 
805	 0.387681305408478 
806	 0.387662202119827 
807	 0.387725442647934 
808	 0.387865424156189 
809	 0.388000220060349 
810	 0.387928038835526 
811	 0.387983113527298 
812	 0.388106644153595 
813	 0.388103991746902 
814	 0.388130933046341 
815	 0.388179033994675 
816	 0.388198256492615 
817	 0.38812991976738 
818	 0.388163030147552 
819	 0.38826596736908 
820	 0.388378620147705 
821	 0.388458579778671 
822	 0.388444930315018 
823	 0.388447046279907 
824	 0.388553828001022 
825	 0.388644605875015 
826	 0.388718485832214 
827	 0.388799011707306 
828	 0.388893872499466 
829	 0.388837724924088 
830	 0.388808846473694 
831	 0.388888001441956 
832	 0.38903620839119 
833	 0.389128118753433 
834	 0.389193564653397 
835	 0.389258712530136 
836	 0.389303952455521 
837	 0.389411240816116 
838	 0.389518260955811 
839	 0.389587670564651 
840	 0.389772534370422 
841	 0.38984090089798 
842	 0.38981893658638 
843	 0.389835923910141 
844	 0.389934122562408 
845	 0.390066981315613 
846	 0.39016991853714 
847	 0.390194147825241 
848	 0.390290856361389 
849	 0.390407681465149 
850	 0.390517711639404 
851	 0.390654742717743 
852	 0.390773594379425 
853	 0.390891879796982 
854	 0.391032338142395 
855	 0.391199946403503 
856	 0.39137390255928 
857	 0.391556590795517 
858	 0.391763925552368 
859	 0.392044931650162 
860	 0.392215043306351 
861	 0.392301321029663 
862	 0.39245343208313 
863	 0.392804682254791 
864	 0.393067896366119 
865	 0.393206566572189 
866	 0.393420100212097 
867	 0.393689751625061 
868	 0.393976926803589 
869	 0.394234389066696 
870	 0.39441904425621 
871	 0.394682973623276 
872	 0.395013451576233 
873	 0.395364850759506 
874	 0.395715057849884 
875	 0.396025240421295 
876	 0.396283537149429 
877	 0.396528363227844 
878	 0.396920830011368 
879	 0.397321164608002 
880	 0.397691011428833 
881	 0.398040890693665 
882	 0.398335009813309 
883	 0.398636072874069 
884	 0.399007230997086 
885	 0.399474442005157 
886	 0.399824559688568 
887	 0.400152415037155 
888	 0.40055775642395 
889	 0.401082515716553 
890	 0.40149062871933 
891	 0.40190926194191 
892	 0.402390390634537 
893	 0.402745693922043 
894	 0.403163701295853 
895	 0.403678059577942 
896	 0.404235541820526 
897	 0.404678761959076 
898	 0.405056923627853 
899	 0.405455499887466 
900	 0.405942529439926 
901	 0.406460404396057 
902	 0.406985551118851 
903	 0.40747731924057 
904	 0.407916694879532 
905	 0.408418565988541 
906	 0.408959150314331 
907	 0.409516990184784 
908	 0.410085618495941 
909	 0.410721272230148 
910	 0.411298453807831 
911	 0.411815583705902 
912	 0.412403643131256 
913	 0.412990123033524 
914	 0.413702189922333 
915	 0.414475321769714 
916	 0.414979934692383 
917	 0.415557652711868 
918	 0.416241019964218 
919	 0.416964471340179 
920	 0.417611241340637 
921	 0.41822761297226 
922	 0.418891698122025 
923	 0.41962406039238 
924	 0.420285314321518 
925	 0.420910984277725 
926	 0.421575099229813 
927	 0.42231073975563 
928	 0.422960579395294 
929	 0.42367234826088 
930	 0.424434065818787 
931	 0.425181329250336 
932	 0.42594775557518 
933	 0.426731050014496 
934	 0.427484005689621 
935	 0.42816749215126 
936	 0.428903073072433 
937	 0.429670810699463 
938	 0.430436819791794 
939	 0.431180953979492 
940	 0.432007730007172 
941	 0.432830333709717 
942	 0.433586150407791 
943	 0.434266567230225 
944	 0.434960663318634 
945	 0.435737997293472 
946	 0.436575442552567 
947	 0.437357664108276 
948	 0.437991052865982 
949	 0.438661754131317 
950	 0.439451903104782 
951	 0.44025531411171 
952	 0.441017001867294 
953	 0.44178307056427 
954	 0.442554295063019 
955	 0.443241775035858 
956	 0.443932324647903 
957	 0.444636195898056 
958	 0.445307165384293 
959	 0.445841729640961 
960	 0.446578741073608 
961	 0.447346866130829 
962	 0.44799593091011 
963	 0.448671847581863 
964	 0.449291080236435 
965	 0.449953526258469 
966	 0.450714588165283 
967	 0.451433598995209 
968	 0.452086806297302 
969	 0.452798098325729 
970	 0.453607499599457 
971	 0.454236954450607 
972	 0.454835206270218 
973	 0.455542385578156 
974	 0.456353068351746 
975	 0.456878215074539 
976	 0.457454442977905 
977	 0.457987874746323 
978	 0.45843905210495 
979	 0.459360927343369 
980	 0.460187941789627 
981	 0.460900872945786 
982	 0.461609423160553 
983	 0.462179601192474 
984	 0.462879538536072 
985	 0.46351757645607 
986	 0.463939815759659 
987	 0.464667558670044 
988	 0.465477734804153 
989	 0.466342031955719 
990	 0.46721026301384 
991	 0.467721313238144 
992	 0.468522787094116 
993	 0.469409018754959 
994	 0.470022708177567 
995	 0.470635652542114 
996	 0.471433997154236 
997	 0.472140491008759 
998	 0.4725361764431 
999	 0.473170608282089 
1000	 0.473964214324951 
1001	 0.465862065553665 
1002	 0.466608047485352 
1003	 0.467223435640335 
1004	 0.467820227146149 
1005	 0.468402832746506 
1006	 0.468962728977203 
1007	 0.469435125589371 
1008	 0.469997882843018 
1009	 0.470562696456909 
1010	 0.471161991357803 
1011	 0.471840918064117 
1012	 0.472438722848892 
1013	 0.473039150238037 
1014	 0.473617941141129 
1015	 0.474142968654633 
1016	 0.474661499261856 
1017	 0.475233733654022 
1018	 0.475751638412476 
1019	 0.47630450129509 
1020	 0.476887553930283 
1021	 0.47742947936058 
1022	 0.47797355055809 
1023	 0.478512287139893 
1024	 0.479023665189743 
1025	 0.479538470506668 
1026	 0.480047583580017 
1027	 0.480552971363068 
1028	 0.481068849563599 
1029	 0.481566101312637 
1030	 0.481969505548477 
1031	 0.482415795326233 
1032	 0.482859343290329 
1033	 0.483308017253876 
1034	 0.483772486448288 
1035	 0.484209805727005 
1036	 0.484667867422104 
1037	 0.48510155081749 
1038	 0.485528498888016 
1039	 0.485997796058655 
1040	 0.486434161663055 
1041	 0.48678794503212 
1042	 0.487213462591171 
1043	 0.487668722867966 
1044	 0.48814183473587 
1045	 0.48864409327507 
1046	 0.489137530326843 
1047	 0.489561289548874 
1048	 0.489953070878983 
1049	 0.490365028381348 
1050	 0.490839004516602 
1051	 0.491349577903748 
1052	 0.491812348365784 
1053	 0.492268949747086 
1054	 0.492709994316101 
1055	 0.493138372898102 
1056	 0.493543684482574 
1057	 0.493980646133423 
1058	 0.494429707527161 
1059	 0.49482473731041 
1060	 0.495303094387054 
1061	 0.495771318674088 
1062	 0.49625688791275 
1063	 0.496764868497849 
1064	 0.49720823764801 
1065	 0.497646152973175 
1066	 0.498093336820602 
1067	 0.49853652715683 
1068	 0.498998403549194 
1069	 0.499490261077881 
1070	 0.49997553229332 
1071	 0.500479340553284 
1072	 0.500959694385529 
1073	 0.501395285129547 
1074	 0.501848638057709 
1075	 0.502347111701965 
1076	 0.502843379974365 
1077	 0.503388166427612 
1078	 0.503913044929504 
1079	 0.504348635673523 
1080	 0.504782974720001 
1081	 0.505206048488617 
1082	 0.505594193935394 
1083	 0.50598156452179 
1084	 0.506402313709259 
1085	 0.506859719753265 
1086	 0.507290065288544 
1087	 0.507723569869995 
1088	 0.508181631565094 
1089	 0.508628308773041 
1090	 0.508987128734589 
1091	 0.509389042854309 
1092	 0.509838938713074 
1093	 0.5102419257164 
1094	 0.510665774345398 
1095	 0.511065423488617 
1096	 0.511429488658905 
1097	 0.511815905570984 
1098	 0.512189507484436 
1099	 0.512557327747345 
1100	 0.512910306453705 
1101	 0.513230443000793 
1102	 0.513566195964813 
1103	 0.513899683952332 
1104	 0.51423841714859 
1105	 0.514579594135284 
1106	 0.514923632144928 
1107	 0.515203595161438 
1108	 0.515452265739441 
1109	 0.515696346759796 
1110	 0.515926718711853 
1111	 0.516203165054321 
1112	 0.516492784023285 
1113	 0.516747832298279 
1114	 0.516984343528748 
1115	 0.517167985439301 
1116	 0.517338871955872 
1117	 0.517548561096191 
1118	 0.517757117748261 
1119	 0.517984986305237 
1120	 0.518190622329712 
1121	 0.518393218517303 
1122	 0.518585085868835 
1123	 0.518790066242218 
1124	 0.519000887870789 
1125	 0.51922208070755 
1126	 0.519411385059357 
1127	 0.51953661441803 
1128	 0.519631624221802 
1129	 0.519709467887878 
1130	 0.519800424575806 
1131	 0.519886672496796 
1132	 0.519976854324341 
1133	 0.520085990428925 
1134	 0.520161151885986 
1135	 0.520241975784302 
1136	 0.520350396633148 
1137	 0.520411193370819 
1138	 0.52044665813446 
1139	 0.520472228527069 
1140	 0.520479321479797 
1141	 0.52045464515686 
1142	 0.520443558692932 
1143	 0.520428895950317 
1144	 0.520400047302246 
1145	 0.520388722419739 
1146	 0.520345389842987 
1147	 0.520301997661591 
1148	 0.520289659500122 
1149	 0.520264565944672 
1150	 0.520285308361053 
1151	 0.520329296588898 
1152	 0.520333051681519 
1153	 0.520321011543274 
1154	 0.520312488079071 
1155	 0.520298421382904 
1156	 0.520253002643585 
1157	 0.520231306552887 
1158	 0.520147144794464 
1159	 0.520014643669128 
1160	 0.519835531711578 
1161	 0.519665420055389 
1162	 0.519470870494843 
1163	 0.519292533397675 
1164	 0.519127368927002 
1165	 0.518939077854156 
1166	 0.518768846988678 
1167	 0.518616855144501 
1168	 0.518464982509613 
1169	 0.518291831016541 
1170	 0.518124401569366 
1171	 0.517925083637238 
1172	 0.517706573009491 
1173	 0.517464816570282 
1174	 0.517201662063599 
1175	 0.516938507556915 
1176	 0.516621351242065 
1177	 0.5163454413414 
1178	 0.5160893201828 
1179	 0.515842914581299 
1180	 0.515583455562592 
1181	 0.51534116268158 
1182	 0.515093505382538 
1183	 0.514841616153717 
1184	 0.514610826969147 
1185	 0.51440840959549 
1186	 0.514251053333282 
1187	 0.51411509513855 
1188	 0.514025092124939 
1189	 0.513991117477417 
1190	 0.513971507549286 
1191	 0.513979613780975 
1192	 0.51401275396347 
1193	 0.514074325561523 
1194	 0.514157295227051 
1195	 0.514266967773438 
1196	 0.514394760131836 
1197	 0.51454359292984 
1198	 0.514726042747498 
1199	 0.514904916286469 
1200	 0.515066564083099 
1201	 0.515246152877808 
1202	 0.515404164791107 
1203	 0.515571236610413 
1204	 0.515807747840881 
1205	 0.516066431999207 
1206	 0.516352891921997 
1207	 0.516674637794495 
1208	 0.517040491104126 
1209	 0.517414629459381 
1210	 0.517803370952606 
1211	 0.518230259418488 
1212	 0.518680930137634 
1213	 0.519176602363586 
1214	 0.519723176956177 
1215	 0.520280599594116 
1216	 0.520878493785858 
1217	 0.52147388458252 
1218	 0.522083044052124 
1219	 0.522696614265442 
1220	 0.523337006568909 
1221	 0.524011254310608 
1222	 0.524647116661072 
1223	 0.525301933288574 
1224	 0.525911688804626 
1225	 0.526494324207306 
1226	 0.52703857421875 
1227	 0.52753621339798 
1228	 0.528060257434845 
1229	 0.528568029403687 
1230	 0.529068112373352 
1231	 0.52960467338562 
1232	 0.53007972240448 
1233	 0.530517339706421 
1234	 0.530922830104828 
1235	 0.53127133846283 
1236	 0.531636238098145 
1237	 0.531965315341949 
1238	 0.532313346862793 
1239	 0.532683074474335 
1240	 0.533056437969208 
1241	 0.533374488353729 
1242	 0.533657908439636 
1243	 0.533952474594116 
1244	 0.534204125404358 
1245	 0.534490644931793 
1246	 0.534821212291718 
1247	 0.535090029239655 
1248	 0.53533262014389 
1249	 0.535575985908508 
1250	 0.535801529884338 
1251	 0.53600537776947 
1252	 0.536212027072906 
1253	 0.536383867263794 
1254	 0.536507606506348 
1255	 0.536642014980316 
1256	 0.536758899688721 
1257	 0.53688371181488 
1258	 0.537005841732025 
1259	 0.537128269672394 
1260	 0.537260174751282 
1261	 0.537380397319794 
1262	 0.537490963935852 
1263	 0.537609934806824 
1264	 0.537705302238464 
1265	 0.537788510322571 
1266	 0.537864685058594 
1267	 0.537917196750641 
1268	 0.53799432516098 
1269	 0.538058459758759 
1270	 0.538163542747498 
1271	 0.538304567337036 
1272	 0.53842830657959 
1273	 0.538576602935791 
1274	 0.538703083992004 
1275	 0.538803815841675 
1276	 0.538923561573029 
1277	 0.539037227630615 
1278	 0.539171755313873 
1279	 0.539325356483459 
1280	 0.539477169513702 
1281	 0.539640367031097 
1282	 0.539806246757507 
1283	 0.539972305297852 
1284	 0.540141642093658 
1285	 0.540314972400665 
1286	 0.540492653846741 
1287	 0.540677964687347 
1288	 0.540863215923309 
1289	 0.541064023971558 
1290	 0.541283130645752 
1291	 0.541488111019135 
1292	 0.541705667972565 
1293	 0.541895985603333 
1294	 0.542059183120728 
1295	 0.542245984077454 
1296	 0.542434275150299 
1297	 0.542615413665771 
1298	 0.54282009601593 
1299	 0.542989253997803 
1300	 0.543115139007568 
1301	 0.543270587921143 
1302	 0.543432295322418 
1303	 0.543583989143372 
1304	 0.543760120868683 
1305	 0.543905079364777 
1306	 0.544037997722626 
1307	 0.544142007827759 
1308	 0.544206142425537 
1309	 0.544275999069214 
1310	 0.544350802898407 
1311	 0.544400572776794 
1312	 0.544486880302429 
1313	 0.54460620880127 
1314	 0.544695615768433 
1315	 0.544782876968384 
1316	 0.544866323471069 
1317	 0.544945001602173 
1318	 0.545011699199677 
1319	 0.545084893703461 
1320	 0.545128166675568 
1321	 0.545159459114075 
1322	 0.545160591602325 
1323	 0.545141756534576 
1324	 0.545099318027496 
1325	 0.544999003410339 
1326	 0.544937610626221 
1327	 0.544903159141541 
1328	 0.544823110103607 
1329	 0.544746696949005 
1330	 0.544646263122559 
1331	 0.544497549533844 
1332	 0.544346928596497 
1333	 0.544200479984283 
1334	 0.544036149978638 
1335	 0.543836295604706 
1336	 0.54360693693161 
1337	 0.54337352514267 
1338	 0.54311215877533 
1339	 0.542859196662903 
1340	 0.542611658573151 
1341	 0.542331099510193 
1342	 0.542044103145599 
1343	 0.541722238063812 
1344	 0.541380047798157 
1345	 0.541001617908478 
1346	 0.54058974981308 
1347	 0.540164053440094 
1348	 0.539711475372314 
1349	 0.539237380027771 
1350	 0.538759052753448 
1351	 0.538231730461121 
1352	 0.537656784057617 
1353	 0.537074446678162 
1354	 0.536442697048187 
1355	 0.535832762718201 
1356	 0.535209476947784 
1357	 0.534605383872986 
1358	 0.533992767333984 
1359	 0.53341543674469 
1360	 0.532847225666046 
1361	 0.532316744327545 
1362	 0.531817436218262 
1363	 0.531393468379974 
1364	 0.530979871749878 
1365	 0.530620813369751 
1366	 0.530243039131165 
1367	 0.529896080493927 
1368	 0.529507160186768 
1369	 0.529107987880707 
1370	 0.528702974319458 
1371	 0.528291642665863 
1372	 0.527849137783051 
1373	 0.527414739131927 
1374	 0.52691912651062 
1375	 0.526377320289612 
1376	 0.525809526443481 
1377	 0.525195419788361 
1378	 0.52457058429718 
1379	 0.523897528648376 
1380	 0.523248612880707 
1381	 0.522555291652679 
1382	 0.521935701370239 
1383	 0.521325886249542 
1384	 0.520781397819519 
1385	 0.520312368869781 
1386	 0.519859313964844 
1387	 0.519465625286102 
1388	 0.519075155258179 
1389	 0.518716096878052 
1390	 0.518350422382355 
1391	 0.518000721931458 
1392	 0.517629861831665 
1393	 0.517279505729675 
1394	 0.516939401626587 
1395	 0.516606628894806 
1396	 0.516300022602081 
1397	 0.515960574150085 
1398	 0.515640556812286 
1399	 0.515236794948578 
1400	 0.514815390110016 
1401	 0.514304220676422 
1402	 0.513742208480835 
1403	 0.51308286190033 
1404	 0.512359023094177 
1405	 0.511546015739441 
1406	 0.510624349117279 
1407	 0.509672284126282 
1408	 0.508626461029053 
1409	 0.507581532001495 
1410	 0.506507992744446 
1411	 0.505391478538513 
1412	 0.50423127412796 
1413	 0.503072261810303 
1414	 0.501875221729279 
1415	 0.500673115253448 
1416	 0.499471068382263 
1417	 0.498244404792786 
1418	 0.497034132480621 
1419	 0.495734572410584 
1420	 0.494402796030045 
1421	 0.493015348911285 
1422	 0.491554290056229 
1423	 0.490041643381119 
1424	 0.488517075777054 
1425	 0.48685884475708 
1426	 0.485206514596939 
1427	 0.483490347862244 
1428	 0.481706857681274 
1429	 0.480045080184937 
1430	 0.478395074605942 
1431	 0.476741760969162 
1432	 0.475165098905563 
1433	 0.473650306463242 
1434	 0.472172111272812 
1435	 0.470727056264877 
1436	 0.469328075647354 
1437	 0.467997610569 
1438	 0.466684073209763 
1439	 0.465399771928787 
1440	 0.464144468307495 
1441	 0.462867617607117 
1442	 0.461740225553513 
1443	 0.460595816373825 
1444	 0.459718734025955 
1445	 0.458917558193207 
1446	 0.458480715751648 
1447	 0.458216965198517 
1448	 0.458348155021667 
1449	 0.458846628665924 
1450	 0.459588944911957 
1451	 0.460688799619675 
1452	 0.461977958679199 
1453	 0.463639497756958 
1454	 0.465289294719696 
1455	 0.467209249734879 
1456	 0.469036847352982 
1457	 0.470973759889603 
1458	 0.47275584936142 
1459	 0.474529266357422 
1460	 0.476155608892441 
1461	 0.47766250371933 
1462	 0.479027897119522 
1463	 0.480275630950928 
1464	 0.481396496295929 
1465	 0.482323974370956 
1466	 0.48322257399559 
1467	 0.483991682529449 
1468	 0.484664291143417 
1469	 0.485291749238968 
1470	 0.485797137022018 
1471	 0.48626446723938 
1472	 0.486653476953506 
1473	 0.487013101577759 
1474	 0.487307637929916 
1475	 0.487581163644791 
1476	 0.487811744213104 
1477	 0.488022863864899 
1478	 0.488195657730103 
1479	 0.48834964632988 
1480	 0.488492697477341 
1481	 0.488580465316772 
1482	 0.48864272236824 
1483	 0.488638401031494 
1484	 0.488558530807495 
1485	 0.488488972187042 
1486	 0.488361865282059 
1487	 0.488265633583069 
1488	 0.488156884908676 
1489	 0.48808690905571 
1490	 0.488005936145782 
1491	 0.487995028495789 
1492	 0.488006830215454 
1493	 0.488104909658432 
1494	 0.488269835710526 
1495	 0.488482356071472 
1496	 0.488777250051498 
1497	 0.489093512296677 
1498	 0.489441424608231 
1499	 0.489844381809235 
1500	 0.490293920040131 
1501	 0.490790724754334 
1502	 0.49132627248764 
1503	 0.491927653551102 
1504	 0.4925916492939 
1505	 0.493293702602386 
1506	 0.49409893155098 
1507	 0.494869232177734 
1508	 0.495691150426865 
1509	 0.496451139450073 
1510	 0.497197806835175 
1511	 0.497888952493668 
1512	 0.498549580574036 
1513	 0.499142348766327 
1514	 0.499694913625717 
1515	 0.500168263912201 
1516	 0.500531136989594 
1517	 0.500890672206879 
1518	 0.501182913780212 
1519	 0.501468360424042 
1520	 0.501744508743286 
1521	 0.502006351947784 
1522	 0.502217352390289 
1523	 0.502423584461212 
1524	 0.502613484859467 
1525	 0.50278240442276 
1526	 0.502938568592072 
1527	 0.503081977367401 
1528	 0.503217041492462 
1529	 0.503341257572174 
1530	 0.503434419631958 
1531	 0.503514766693115 
1532	 0.503572583198547 
1533	 0.503588438034058 
1534	 0.503626525402069 
1535	 0.503653883934021 
1536	 0.503704011440277 
1537	 0.503759980201721 
1538	 0.503825545310974 
1539	 0.50389951467514 
1540	 0.503996431827545 
1541	 0.504085004329681 
1542	 0.50424200296402 
1543	 0.504445910453796 
1544	 0.504660785198212 
1545	 0.504929602146149 
1546	 0.505177617073059 
1547	 0.505439877510071 
1548	 0.505683660507202 
1549	 0.505929827690125 
1550	 0.506158530712128 
1551	 0.50637412071228 
1552	 0.506577670574188 
1553	 0.50676017999649 
1554	 0.506957411766052 
1555	 0.507148385047913 
1556	 0.507342338562012 
1557	 0.507553815841675 
1558	 0.507742404937744 
1559	 0.507922410964966 
1560	 0.508088052272797 
1561	 0.508246898651123 
1562	 0.508383750915527 
1563	 0.508489072322845 
1564	 0.508611142635345 
1565	 0.508705675601959 
1566	 0.508843839168549 
1567	 0.509011924266815 
1568	 0.509177267551422 
1569	 0.509370684623718 
1570	 0.509546935558319 
1571	 0.509728372097015 
1572	 0.509886920452118 
1573	 0.510040044784546 
1574	 0.510171949863434 
1575	 0.51026862859726 
1576	 0.510380506515503 
1577	 0.510491967201233 
1578	 0.510591685771942 
1579	 0.510693788528442 
1580	 0.51078325510025 
1581	 0.510845363140106 
1582	 0.510925710201263 
1583	 0.511008143424988 
1584	 0.511095404624939 
1585	 0.511180341243744 
1586	 0.511288583278656 
1587	 0.511415839195251 
1588	 0.511537134647369 
1589	 0.511684119701386 
1590	 0.511807918548584 
1591	 0.511918246746063 
1592	 0.512022733688354 
1593	 0.512102544307709 
1594	 0.512206971645355 
1595	 0.51232236623764 
1596	 0.512431025505066 
1597	 0.512551367282867 
1598	 0.512668550014496 
1599	 0.512770235538483 
1600	 0.51288503408432 
1601	 0.513027012348175 
1602	 0.513140022754669 
1603	 0.513252198696136 
1604	 0.513339221477509 
1605	 0.513398349285126 
1606	 0.513453006744385 
1607	 0.513476431369781 
1608	 0.513520121574402 
1609	 0.513570249080658 
1610	 0.513614118099213 
1611	 0.513676702976227 
1612	 0.513716399669647 
1613	 0.513741254806519 
1614	 0.513754069805145 
1615	 0.513749182224274 
1616	 0.51374077796936 
1617	 0.513717710971832 
1618	 0.513698101043701 
1619	 0.513686418533325 
1620	 0.513655066490173 
1621	 0.513614892959595 
1622	 0.513565361499786 
1623	 0.513514161109924 
1624	 0.513426065444946 
1625	 0.513318717479706 
1626	 0.513190865516663 
1627	 0.512990534305573 
1628	 0.512847423553467 
1629	 0.512708604335785 
1630	 0.512602508068085 
1631	 0.512538194656372 
1632	 0.512483060359955 
1633	 0.512456297874451 
1634	 0.512428402900696 
1635	 0.512438058853149 
1636	 0.512406647205353 
1637	 0.512347757816315 
1638	 0.512297928333282 
1639	 0.512217283248901 
1640	 0.512161672115326 
1641	 0.512143909931183 
1642	 0.512097954750061 
1643	 0.512056767940521 
1644	 0.511991918087006 
1645	 0.511919498443604 
1646	 0.511802613735199 
1647	 0.511658728122711 
1648	 0.511484801769257 
1649	 0.511291027069092 
1650	 0.511035859584808 
1651	 0.510742127895355 
1652	 0.510402321815491 
1653	 0.509994149208069 
1654	 0.509560465812683 
1655	 0.509106159210205 
1656	 0.508587002754211 
1657	 0.508021175861359 
1658	 0.507395505905151 
1659	 0.506698608398438 
1660	 0.505981743335724 
1661	 0.505235970020294 
1662	 0.50441837310791 
1663	 0.503571271896362 
1664	 0.502621293067932 
1665	 0.501589417457581 
1666	 0.500465571880341 
1667	 0.499248564243317 
1668	 0.497981905937195 
1669	 0.496650665998459 
1670	 0.495230078697205 
1671	 0.493739932775497 
1672	 0.492144525051117 
1673	 0.490440726280212 
1674	 0.488649815320969 
1675	 0.486759901046753 
1676	 0.484851330518723 
1677	 0.482874691486359 
1678	 0.480837881565094 
1679	 0.478730589151382 
1680	 0.476575970649719 
1681	 0.474344789981842 
1682	 0.472080796957016 
1683	 0.469793498516083 
1684	 0.46748149394989 
1685	 0.465083122253418 
1686	 0.462732195854187 
1687	 0.460330128669739 
1688	 0.45801368355751 
1689	 0.455750972032547 
1690	 0.453483283519745 
1691	 0.451250076293945 
1692	 0.44911515712738 
1693	 0.446986258029938 
1694	 0.444976091384888 
1695	 0.443077504634857 
1696	 0.441201239824295 
1697	 0.439395725727081 
1698	 0.437603056430817 
1699	 0.435867786407471 
1700	 0.434196770191193 
1701	 0.432554125785828 
1702	 0.430978924036026 
1703	 0.42946445941925 
1704	 0.427986085414886 
1705	 0.426539301872253 
1706	 0.425123453140259 
1707	 0.423894941806793 
1708	 0.422714620828629 
1709	 0.42159029841423 
1710	 0.420567542314529 
1711	 0.419544577598572 
1712	 0.41857174038887 
1713	 0.417620569467545 
1714	 0.416688770055771 
1715	 0.415846019983292 
1716	 0.415035337209702 
1717	 0.41429015994072 
1718	 0.413608938455582 
1719	 0.412908852100372 
1720	 0.4122514128685 
1721	 0.411628007888794 
1722	 0.41103458404541 
1723	 0.410545617341995 
1724	 0.410109668970108 
1725	 0.409762144088745 
1726	 0.409496694803238 
1727	 0.409275621175766 
1728	 0.409158647060394 
1729	 0.409161269664764 
1730	 0.40931111574173 
1731	 0.409598022699356 
1732	 0.410015821456909 
1733	 0.410546392202377 
1734	 0.411193758249283 
1735	 0.411916315555573 
1736	 0.41265344619751 
1737	 0.413353830575943 
1738	 0.413955688476563 
1739	 0.414436459541321 
1740	 0.414823174476624 
1741	 0.415122091770172 
1742	 0.415288954973221 
1743	 0.415425181388855 
1744	 0.415464401245117 
1745	 0.415506452322006 
1746	 0.415478587150574 
1747	 0.415501862764359 
1748	 0.415496528148651 
1749	 0.415577709674835 
1750	 0.415692716836929 
1751	 0.415890395641327 
1752	 0.416166186332703 
1753	 0.41650465130806 
1754	 0.416892141103745 
1755	 0.417377412319183 
1756	 0.417935758829117 
1757	 0.418558299541473 
1758	 0.41931414604187 
1759	 0.42010897397995 
1760	 0.421012401580811 
1761	 0.422022312879562 
1762	 0.423010468482971 
1763	 0.424092978239059 
1764	 0.425252228975296 
1765	 0.426471680402756 
1766	 0.427869975566864 
1767	 0.429312765598297 
1768	 0.430830746889114 
1769	 0.432384312152863 
1770	 0.43384662270546 
1771	 0.435368001461029 
1772	 0.436841785907745 
1773	 0.43824377655983 
1774	 0.43966618180275 
1775	 0.440961182117462 
1776	 0.442202687263489 
1777	 0.443405598402023 
1778	 0.44444552063942 
1779	 0.445404559373856 
1780	 0.446261882781982 
1781	 0.447011709213257 
1782	 0.447787195444107 
1783	 0.44850817322731 
1784	 0.449145168066025 
1785	 0.449676394462585 
1786	 0.450185120105743 
1787	 0.450647383928299 
1788	 0.451071441173553 
1789	 0.451434969902039 
1790	 0.451835930347443 
1791	 0.452223896980286 
1792	 0.452586948871613 
1793	 0.452959269285202 
1794	 0.453248113393784 
1795	 0.453550606966019 
1796	 0.453842729330063 
1797	 0.454135298728943 
1798	 0.454427272081375 
1799	 0.4546779692173 
1800	 0.454937726259232 
1801	 0.444573402404785 
1802	 0.445766806602478 
1803	 0.446801245212555 
1804	 0.447749316692352 
1805	 0.448709219694138 
1806	 0.449538797140121 
1807	 0.450305014848709 
1808	 0.450968861579895 
1809	 0.451528340578079 
1810	 0.452039420604706 
1811	 0.452449023723602 
1812	 0.452839016914368 
1813	 0.453154951334 
1814	 0.453473001718521 
1815	 0.453775823116302 
1816	 0.45404377579689 
1817	 0.454340189695358 
1818	 0.454653710126877 
1819	 0.454942554235458 
1820	 0.455215990543365 
1821	 0.455509066581726 
1822	 0.455793917179108 
1823	 0.456088811159134 
1824	 0.456419497728348 
1825	 0.45673868060112 
1826	 0.45702737569809 
1827	 0.457298219203949 
1828	 0.457566410303116 
1829	 0.457817256450653 
1830	 0.458063513040543 
1831	 0.458308756351471 
1832	 0.458550900220871 
1833	 0.458748877048492 
1834	 0.458943605422974 
1835	 0.459133148193359 
1836	 0.459324836730957 
1837	 0.459564805030823 
1838	 0.459813356399536 
1839	 0.460116863250732 
1840	 0.460473656654358 
1841	 0.460842967033386 
1842	 0.461256772279739 
1843	 0.461683183908463 
1844	 0.462100207805634 
1845	 0.462495744228363 
1846	 0.462876319885254 
1847	 0.463211894035339 
1848	 0.463520079851151 
1849	 0.463808059692383 
1850	 0.464058846235275 
1851	 0.464271426200867 
1852	 0.464468091726303 
1853	 0.464630633592606 
1854	 0.464729845523834 
1855	 0.464780896902084 
1856	 0.464815676212311 
1857	 0.46478471159935 
1858	 0.464719593524933 
1859	 0.464629381895065 
1860	 0.464520663022995 
1861	 0.46431702375412 
1862	 0.464070945978165 
1863	 0.463787764310837 
1864	 0.463361531496048 
1865	 0.462926000356674 
1866	 0.462391167879105 
1867	 0.461726754903793 
1868	 0.460997521877289 
1869	 0.460187613964081 
1870	 0.45939514040947 
1871	 0.458538711071014 
1872	 0.457759290933609 
1873	 0.457005828619003 
1874	 0.456257700920105 
1875	 0.45558762550354 
1876	 0.454822599887848 
1877	 0.454055398702621 
1878	 0.453214168548584 
1879	 0.452201128005981 
1880	 0.451149851083755 
1881	 0.449941366910934 
1882	 0.448582261800766 
1883	 0.447150856256485 
1884	 0.445592314004898 
1885	 0.443798184394836 
1886	 0.441959977149963 
1887	 0.439969092607498 
1888	 0.437844514846802 
1889	 0.435818642377853 
1890	 0.433683335781097 
1891	 0.431492686271667 
1892	 0.429282605648041 
1893	 0.426927477121353 
1894	 0.424418777227402 
1895	 0.421928942203522 
1896	 0.419310986995697 
1897	 0.416585236787796 
1898	 0.413993418216705 
1899	 0.411222338676453 
1900	 0.408477067947388 
1901	 0.405761986970901 
1902	 0.402794152498245 
1903	 0.399950742721558 
1904	 0.397069931030273 
1905	 0.394118934869766 
1906	 0.391143679618835 
1907	 0.3884297311306 
1908	 0.385619699954987 
1909	 0.382910877466202 
1910	 0.380293160676956 
1911	 0.377484530210495 
1912	 0.374774783849716 
1913	 0.372061192989349 
1914	 0.369303077459335 
1915	 0.36680269241333 
1916	 0.364501416683197 
1917	 0.36222717165947 
1918	 0.360096663236618 
1919	 0.358217895030975 
1920	 0.356326580047607 
1921	 0.354697376489639 
1922	 0.353210359811783 
1923	 0.351840376853943 
1924	 0.350696057081223 
1925	 0.349565267562866 
1926	 0.348474144935608 
1927	 0.347545921802521 
1928	 0.346492618322372 
1929	 0.345404714345932 
1930	 0.344331234693527 
1931	 0.34322801232338 
1932	 0.342054307460785 
1933	 0.341002464294434 
1934	 0.339963495731354 
1935	 0.338959634304047 
1936	 0.338067501783371 
1937	 0.337260156869888 
1938	 0.336489379405975 
1939	 0.335886925458908 
1940	 0.335387229919434 
1941	 0.335040658712387 
1942	 0.334833651781082 
1943	 0.334775060415268 
1944	 0.334816098213196 
1945	 0.334980696439743 
1946	 0.335292130708694 
1947	 0.335673838853836 
1948	 0.336225688457489 
1949	 0.336909174919128 
1950	 0.337692528963089 
1951	 0.338591396808624 
1952	 0.339629083871841 
1953	 0.340777933597565 
1954	 0.342065095901489 
1955	 0.343532472848892 
1956	 0.345006912946701 
1957	 0.346558421850204 
1958	 0.348157852888107 
1959	 0.349586606025696 
1960	 0.350979030132294 
1961	 0.352247893810272 
1962	 0.353386431932449 
1963	 0.354445159435272 
1964	 0.355442702770233 
1965	 0.356284528970718 
1966	 0.356999218463898 
1967	 0.357639253139496 
1968	 0.358136117458344 
1969	 0.358615309000015 
1970	 0.359086513519287 
1971	 0.359521836042404 
1972	 0.360006839036942 
1973	 0.360554575920105 
1974	 0.361118108034134 
1975	 0.361750781536102 
1976	 0.362358093261719 
1977	 0.362963944673538 
1978	 0.363585323095322 
1979	 0.364206731319427 
1980	 0.364843845367432 
1981	 0.36553093791008 
1982	 0.366201788187027 
1983	 0.366922050714493 
1984	 0.367678314447403 
1985	 0.368395775556564 
1986	 0.369183927774429 
1987	 0.369999051094055 
1988	 0.370780825614929 
1989	 0.371696591377258 
1990	 0.372694790363312 
1991	 0.373746007680893 
1992	 0.374877512454987 
1993	 0.376104652881622 
1994	 0.377294659614563 
1995	 0.378579884767532 
1996	 0.379854142665863 
1997	 0.381151348352432 
1998	 0.382485061883926 
1999	 0.383886724710464 
2000	 0.385189414024353 
2001	 0.386557459831238 
2002	 0.387763768434525 
2003	 0.388851642608643 
2004	 0.389936923980713 
2005	 0.390923976898193 
2006	 0.391901820898056 
2007	 0.392893731594086 
2008	 0.393794327974319 
2009	 0.394619256258011 
2010	 0.395408481359482 
2011	 0.396067291498184 
2012	 0.396715998649597 
2013	 0.397319495677948 
2014	 0.397861063480377 
2015	 0.398391127586365 
2016	 0.398908585309982 
2017	 0.399352788925171 
2018	 0.399778127670288 
2019	 0.400125473737717 
2020	 0.400382399559021 
2021	 0.400620430707932 
2022	 0.400816947221756 
2023	 0.400938272476196 
2024	 0.401044189929962 
2025	 0.401076763868332 
2026	 0.401077538728714 
2027	 0.401024878025055 
2028	 0.400943636894226 
2029	 0.400814145803452 
2030	 0.400672078132629 
2031	 0.400508135557175 
2032	 0.400297820568085 
2033	 0.400064766407013 
2034	 0.399782240390778 
2035	 0.399454265832901 
2036	 0.399067372083664 
2037	 0.398675590753555 
2038	 0.398216187953949 
2039	 0.397753149271011 
2040	 0.397254467010498 
2041	 0.396750718355179 
2042	 0.396188706159592 
2043	 0.395711183547974 
2044	 0.395227313041687 
2045	 0.394811898469925 
2046	 0.394472807645798 
2047	 0.394136726856232 
2048	 0.393848568201065 
2049	 0.393556088209152 
2050	 0.393303513526917 
2051	 0.39301323890686 
2052	 0.39273676276207 
2053	 0.392428666353226 
2054	 0.392119973897934 
2055	 0.391801506280899 
2056	 0.391475945711136 
2057	 0.391144424676895 
2058	 0.39080148935318 
2059	 0.390411585569382 
2060	 0.390082359313965 
2061	 0.389764070510864 
2062	 0.389467149972916 
2063	 0.389212071895599 
2064	 0.388968676328659 
2065	 0.38874089717865 
2066	 0.388520926237106 
2067	 0.388327121734619 
2068	 0.388132333755493 
2069	 0.387939453125 
2070	 0.387739360332489 
2071	 0.387568920850754 
2072	 0.387422889471054 
2073	 0.387260437011719 
2074	 0.387115269899368 
2075	 0.386949926614761 
2076	 0.386774927377701 
2077	 0.386589914560318 
2078	 0.386388629674912 
2079	 0.386195927858353 
2080	 0.386000424623489 
2081	 0.385794103145599 
2082	 0.3855901658535 
2083	 0.385386198759079 
2084	 0.38515716791153 
2085	 0.384919732809067 
2086	 0.38465741276741 
2087	 0.384362906217575 
2088	 0.384093582630157 
2089	 0.383824110031128 
2090	 0.383529514074326 
2091	 0.383231043815613 
2092	 0.382939130067825 
2093	 0.382619827985764 
2094	 0.382316738367081 
2095	 0.382034718990326 
2096	 0.381748199462891 
2097	 0.381453216075897 
2098	 0.381160080432892 
2099	 0.380898386240005 
2100	 0.380635380744934 
2101	 0.380348116159439 
2102	 0.380062282085419 
2103	 0.379750549793243 
2104	 0.379398614168167 
2105	 0.379077702760696 
2106	 0.378759473562241 
2107	 0.378436118364334 
2108	 0.37811666727066 
2109	 0.377801179885864 
2110	 0.377474755048752 
2111	 0.37716343998909 
2112	 0.376865863800049 
2113	 0.37657168507576 
2114	 0.376294910907745 
2115	 0.376000970602036 
2116	 0.37571319937706 
2117	 0.375408351421356 
2118	 0.375095695257187 
2119	 0.374760895967484 
2120	 0.374444872140884 
2121	 0.374129474163055 
2122	 0.373815774917603 
2123	 0.373509019613266 
2124	 0.3731988966465 
2125	 0.372889786958694 
2126	 0.372573107481003 
2127	 0.372271865606308 
2128	 0.371933817863464 
2129	 0.371573805809021 
2130	 0.371205896139145 
2131	 0.370815217494965 
2132	 0.370414972305298 
2133	 0.370001137256622 
2134	 0.369584232568741 
2135	 0.369151622056961 
2136	 0.36872586607933 
2137	 0.368314176797867 
2138	 0.367916494607925 
2139	 0.367508888244629 
2140	 0.367108374834061 
2141	 0.366700321435928 
2142	 0.366290241479874 
2143	 0.365871280431747 
2144	 0.365418404340744 
2145	 0.365027070045471 
2146	 0.364636152982712 
2147	 0.364292681217194 
2148	 0.36403489112854 
2149	 0.363739162683487 
2150	 0.363470494747162 
2151	 0.363167345523834 
2152	 0.362822830677032 
2153	 0.362495124340057 
2154	 0.36221519112587 
2155	 0.361900925636292 
2156	 0.361576616764069 
2157	 0.36128032207489 
2158	 0.360931098461151 
2159	 0.360532909631729 
2160	 0.360135495662689 
2161	 0.35970875620842 
2162	 0.359317094087601 
2163	 0.358906418085098 
2164	 0.358530789613724 
2165	 0.35819274187088 
2166	 0.357855647802353 
2167	 0.357534617185593 
2168	 0.357205182313919 
2169	 0.356884211301804 
2170	 0.356570929288864 
2171	 0.356217265129089 
2172	 0.355930894613266 
2173	 0.355700969696045 
2174	 0.355457931756973 
2175	 0.355258107185364 
2176	 0.355099499225616 
2177	 0.354954153299332 
2178	 0.354833364486694 
2179	 0.354715675115585 
2180	 0.354621738195419 
2181	 0.35454198718071 
2182	 0.35447832942009 
2183	 0.354393422603607 
2184	 0.354348748922348 
2185	 0.354239225387573 
2186	 0.354088753461838 
2187	 0.353924781084061 
2188	 0.353721350431442 
2189	 0.353525727987289 
2190	 0.353313982486725 
2191	 0.353096216917038 
2192	 0.352894693613052 
2193	 0.352650463581085 
2194	 0.352391391992569 
2195	 0.352096199989319 
2196	 0.351758688688278 
2197	 0.351401895284653 
2198	 0.351039618253708 
2199	 0.350625932216644 
2200	 0.350193679332733 
2201	 0.349750220775604 
2202	 0.349247932434082 
2203	 0.34869396686554 
2204	 0.348133683204651 
2205	 0.347526073455811 
2206	 0.346928179264069 
2207	 0.346323907375336 
2208	 0.345691740512848 
2209	 0.345037490129471 
2210	 0.344386518001556 
2211	 0.34367647767067 
2212	 0.343054324388504 
2213	 0.342446625232697 
2214	 0.341904789209366 
2215	 0.341480523347855 
2216	 0.340991675853729 
2217	 0.340542048215866 
2218	 0.340039730072021 
2219	 0.33950462937355 
2220	 0.338936328887939 
2221	 0.338340252637863 
2222	 0.33770227432251 
2223	 0.337092131376266 
2224	 0.336402356624603 
2225	 0.335672587156296 
2226	 0.334906399250031 
2227	 0.334028124809265 
2228	 0.333067268133163 
2229	 0.331993192434311 
2230	 0.330803215503693 
2231	 0.329577952623367 
2232	 0.32826167345047 
2233	 0.32685512304306 
2234	 0.325466513633728 
2235	 0.323823750019073 
2236	 0.3219955265522 
2237	 0.320071637630463 
2238	 0.317934304475784 
2239	 0.315769523382187 
2240	 0.313549131155014 
2241	 0.311176210641861 
2242	 0.308748811483383 
2243	 0.306109517812729 
2244	 0.303240388631821 
2245	 0.300335317850113 
2246	 0.297186374664307 
2247	 0.29410594701767 
2248	 0.291041135787964 
2249	 0.287883520126343 
2250	 0.284679085016251 
2251	 0.281504899263382 
2252	 0.278032571077347 
2253	 0.274631977081299 
2254	 0.2711281478405 
2255	 0.267524123191834 
2256	 0.26421645283699 
2257	 0.260826885700226 
2258	 0.257493555545807 
2259	 0.254289299249649 
2260	 0.250972092151642 
2261	 0.247524634003639 
2262	 0.244310259819031 
2263	 0.241090729832649 
2264	 0.23808217048645 
2265	 0.23528578877449 
2266	 0.23250675201416 
2267	 0.229890763759613 
2268	 0.227233603596687 
2269	 0.224631533026695 
2270	 0.222049668431282 
2271	 0.219420537352562 
2272	 0.216918349266052 
2273	 0.214565053582191 
2274	 0.21211551129818 
2275	 0.209812805056572 
2276	 0.207290753722191 
2277	 0.204529151320457 
2278	 0.201903223991394 
2279	 0.199097141623497 
2280	 0.196530878543854 
2281	 0.19416207075119 
2282	 0.19181053340435 
2283	 0.189558863639832 
2284	 0.187406957149506 
2285	 0.18513348698616 
2286	 0.183132722973824 
2287	 0.18123821914196 
2288	 0.179427400231361 
2289	 0.177922889590263 
2290	 0.176411867141724 
2291	 0.174978360533714 
2292	 0.173639640212059 
2293	 0.172174796462059 
2294	 0.170797869563103 
2295	 0.169413059949875 
2296	 0.167986527085304 
2297	 0.166743889451027 
2298	 0.165591090917587 
2299	 0.164555251598358 
2300	 0.163633123040199 
2301	 0.162840902805328 
2302	 0.16216042637825 
2303	 0.161657884716988 
2304	 0.161302000284195 
2305	 0.161115035414696 
2306	 0.161126047372818 
2307	 0.161213546991348 
2308	 0.1614089012146 
2309	 0.161814734339714 
2310	 0.162347763776779 
2311	 0.163102105259895 
2312	 0.164123952388763 
2313	 0.165251821279526 
2314	 0.166570901870728 
2315	 0.168010771274567 
2316	 0.169680461287498 
2317	 0.17131507396698 
2318	 0.173189595341682 
2319	 0.174793645739555 
2320	 0.176417231559753 
2321	 0.177750706672668 
2322	 0.178833201527596 
2323	 0.179806083440781 
2324	 0.180587157607079 
2325	 0.181198254227638 
2326	 0.181649371981621 
2327	 0.18195553123951 
2328	 0.182032227516174 
2329	 0.182029783725739 
2330	 0.181910559535027 
2331	 0.181644782423973 
2332	 0.181264042854309 
2333	 0.180823400616646 
2334	 0.180221453309059 
2335	 0.179540902376175 
2336	 0.178691416978836 
2337	 0.177682846784592 
2338	 0.176757827401161 
2339	 0.175781518220901 
2340	 0.174791485071182 
2341	 0.173857882618904 
2342	 0.172838166356087 
2343	 0.171852216124535 
2344	 0.171049878001213 
2345	 0.170460030436516 
2346	 0.17006428539753 
2347	 0.169862687587738 
2348	 0.169737756252289 
2349	 0.169759199023247 
2350	 0.170034363865852 
2351	 0.170414015650749 
2352	 0.170948699116707 
2353	 0.17161351442337 
2354	 0.172305643558502 
2355	 0.173171401023865 
2356	 0.174277499318123 
2357	 0.175726935267448 
2358	 0.177450388669968 
2359	 0.179335609078407 
2360	 0.181450992822647 
2361	 0.183606266975403 
2362	 0.185520976781845 
2363	 0.187394484877586 
2364	 0.189118802547455 
2365	 0.190561637282372 
2366	 0.191975876688957 
2367	 0.193233132362366 
2368	 0.194278240203857 
2369	 0.195154145359993 
2370	 0.195943012833595 
2371	 0.196598395705223 
2372	 0.197053402662277 
2373	 0.197447270154953 
2374	 0.197750970721245 
2375	 0.197958335280418 
2376	 0.198048263788223 
2377	 0.198008924722672 
2378	 0.197909578680992 
2379	 0.197798684239388 
2380	 0.197846919298172 
2381	 0.19784739613533 
2382	 0.197797358036041 
2383	 0.197758898139 
2384	 0.197648987174034 
2385	 0.197428613901138 
2386	 0.197313040494919 
2387	 0.197183877229691 
2388	 0.197107344865799 
2389	 0.197089895606041 
2390	 0.197020918130875 
2391	 0.197017028927803 
2392	 0.196912497282028 
2393	 0.196682706475258 
2394	 0.196540787816048 
2395	 0.196373611688614 
2396	 0.196277663111687 
2397	 0.196298688650131 
2398	 0.19622740149498 
2399	 0.196163401007652 
2400	 0.196028217673302 
2401	 0.195730745792389 
2402	 0.195655390620232 
2403	 0.19568806886673 
2404	 0.195748597383499 
2405	 0.195874229073524 
2406	 0.195910170674324 
2407	 0.19577868282795 
2408	 0.19565062224865 
2409	 0.195406183600426 
2410	 0.195221126079559 
2411	 0.195199936628342 
2412	 0.195100232958794 
2413	 0.19506673514843 
2414	 0.195159658789635 
2415	 0.195154473185539 
2416	 0.195150002837181 
2417	 0.195304080843925 
2418	 0.19522562623024 
2419	 0.195049092173576 
2420	 0.195044562220573 
2421	 0.19489973783493 
2422	 0.194859638810158 
2423	 0.194888830184937 
2424	 0.194755360484123 
2425	 0.194628939032555 
2426	 0.194369599223137 
2427	 0.194062575697899 
2428	 0.193807050585747 
2429	 0.193605795502663 
2430	 0.193668976426125 
2431	 0.193648010492325 
2432	 0.193558767437935 
2433	 0.193548306822777 
2434	 0.193194806575775 
2435	 0.192922472953796 
2436	 0.192759096622467 
2437	 0.192315608263016 
2438	 0.192079827189445 
2439	 0.192005127668381 
2440	 0.191756963729858 
2441	 0.191535279154778 
2442	 0.191278293728828 
2443	 0.190982893109322 
2444	 0.19062927365303 
2445	 0.190247908234596 
2446	 0.190080240368843 
2447	 0.189783751964569 
2448	 0.189389988780022 
2449	 0.189195990562439 
2450	 0.188871696591377 
2451	 0.18836584687233 
2452	 0.188072398304939 
2453	 0.187836468219757 
2454	 0.187328904867172 
2455	 0.186694145202637 
2456	 0.186020582914352 
2457	 0.185347929596901 
2458	 0.184772223234177 
2459	 0.184499099850655 
2460	 0.18439131975174 
2461	 0.183999672532082 
2462	 0.183578416705132 
2463	 0.183168560266495 
2464	 0.182582348585129 
2465	 0.182098671793938 
2466	 0.181820765137672 
2467	 0.181626260280609 
2468	 0.181398749351501 
2469	 0.181213036179543 
2470	 0.181116551160812 
2471	 0.180840581655502 
2472	 0.180540144443512 
2473	 0.180741608142853 
2474	 0.180911973118782 
2475	 0.180939674377441 
2476	 0.181091576814651 
2477	 0.180790096521378 
2478	 0.180624604225159 
2479	 0.18093453347683 
2480	 0.181006550788879 
2481	 0.181135475635529 
2482	 0.18096150457859 
2483	 0.180831968784332 
2484	 0.181094810366631 
2485	 0.181224644184113 
2486	 0.181457251310349 
2487	 0.18165422976017 
2488	 0.181963041424751 
2489	 0.182322457432747 
2490	 0.182573571801186 
2491	 0.183045208454132 
2492	 0.18342661857605 
2493	 0.183689758181572 
2494	 0.183987855911255 
2495	 0.184471324086189 
2496	 0.185198664665222 
2497	 0.185887381434441 
2498	 0.186623081564903 
2499	 0.18724125623703 
2500	 0.187465414404869 
