Wavelength	Echave.078
350	 6.07510283589363E-02 
351	 6.27644509077072E-02 
352	 0.064058892428875 
353	 6.00276850163937E-02 
354	 5.55448196828365E-02 
355	 4.96456138789654E-02 
356	 4.84401844441891E-02 
357	 5.41235730051994E-02 
358	 5.42424879968166E-02 
359	 5.44921867549419E-02 
360	 5.47059997916222E-02 
361	 5.22991232573986E-02 
362	 5.03315478563309E-02 
363	 5.03252185881138E-02 
364	 5.15730269253254E-02 
365	 5.09409457445145E-02 
366	 0.047773614525795 
367	 4.50329333543777E-02 
368	 4.47554625570774E-02 
369	 4.29853387176991E-02 
370	 0.04450548812747 
371	 4.69393320381641E-02 
372	 4.49816174805164E-02 
373	 4.39630076289177E-02 
374	 4.49126996099949E-02 
375	 4.65234518051147E-02 
376	 4.50900532305241E-02 
377	 4.39264960587025E-02 
378	 4.40249033272266E-02 
379	 4.49673123657703E-02 
380	 4.35648150742054E-02 
381	 0.044889785349369 
382	 4.76291961967945E-02 
383	 4.71430532634258E-02 
384	 4.49153520166874E-02 
385	 4.47576232254505E-02 
386	 4.67282347381115E-02 
387	 4.51670959591866E-02 
388	 4.55215945839882E-02 
389	 4.71407398581505E-02 
390	 4.78486493229866E-02 
391	 4.58973757922649E-02 
392	 0.044875368475914 
393	 4.57228794693947E-02 
394	 4.73586358129978E-02 
395	 0.048257477581501 
396	 4.79781031608582E-02 
397	 4.72179464995861E-02 
398	 4.82324920594692E-02 
399	 4.79607097804546E-02 
400	 4.73269745707512E-02 
401	 4.78284545242786E-02 
402	 4.85239289700985E-02 
403	 4.84429188072681E-02 
404	 0.047945998609066 
405	 4.82438467442989E-02 
406	 4.84469830989838E-02 
407	 4.89699989557266E-02 
408	 4.96940724551678E-02 
409	 4.90407384932041E-02 
410	 4.91635575890541E-02 
411	 0.049520343542099 
412	 4.91208210587502E-02 
413	 4.92420271039009E-02 
414	 4.98772226274014E-02 
415	 5.04087917506695E-02 
416	 4.98547442257404E-02 
417	 4.93433475494385E-02 
418	 4.93544787168503E-02 
419	 4.97955121099949E-02 
420	 4.96047884225845E-02 
421	 0.049449048936367 
422	 4.98596057295799E-02 
423	 5.09553998708725E-02 
424	 5.07752932608128E-02 
425	 5.04141598939896E-02 
426	 0.050601277500391 
427	 0.051375225186348 
428	 5.12596443295479E-02 
429	 5.09400963783264E-02 
430	 5.11993318796158E-02 
431	 5.15971183776855E-02 
432	 5.22596724331379E-02 
433	 5.25823831558228E-02 
434	 0.051861584186554 
435	 5.21869920194149E-02 
436	 5.25599308311939E-02 
437	 5.25335520505905E-02 
438	 5.30551560223103E-02 
439	 5.32030165195465E-02 
440	 5.30858971178532E-02 
441	 5.30753061175346E-02 
442	 5.32974191009998E-02 
443	 5.37229850888252E-02 
444	 5.41721992194653E-02 
445	 5.43814525008202E-02 
446	 5.45087568461895E-02 
447	 5.47171197831631E-02 
448	 5.50463683903217E-02 
449	 5.52819445729256E-02 
450	 0.055484339594841 
451	 5.56724704802036E-02 
452	 5.58448322117329E-02 
453	 5.59180155396461E-02 
454	 5.61290867626667E-02 
455	 0.056467317044735 
456	 5.66401183605194E-02 
457	 5.68606145679951E-02 
458	 5.69991320371628E-02 
459	 5.70374354720116E-02 
460	 5.75205013155937E-02 
461	 5.78602030873299E-02 
462	 5.79861663281918E-02 
463	 5.81217631697655E-02 
464	 5.83006106317043E-02 
465	 0.058472778648138 
466	 5.86345456540585E-02 
467	 5.88686242699623E-02 
468	 5.92461265623569E-02 
469	 5.94294257462025E-02 
470	 5.92166222631931E-02 
471	 5.94358295202255E-02 
472	 5.96272721886635E-02 
473	 0.059682060033083 
474	 5.97943067550659E-02 
475	 5.99200017750263E-02 
476	 6.00066184997559E-02 
477	 0.060044452548027 
478	 6.01344332098961E-02 
479	 6.01005777716637E-02 
480	 6.00579939782619E-02 
481	 6.01830333471298E-02 
482	 6.02997615933418E-02 
483	 6.02217242121696E-02 
484	 6.00132271647453E-02 
485	 6.00105784833431E-02 
486	 6.01043105125427E-02 
487	 6.01535961031914E-02 
488	 0.060088012367487 
489	 6.00870326161385E-02 
490	 6.00204542279243E-02 
491	 5.98959103226662E-02 
492	 5.97976818680763E-02 
493	 5.97003810107708E-02 
494	 0.059623196721077 
495	 0.059581596404314 
496	 5.95911256968975E-02 
497	 5.94373904168606E-02 
498	 0.059223398566246 
499	 5.91189786791801E-02 
500	 0.059108953922987 
501	 5.89918382465839E-02 
502	 5.88040798902512E-02 
503	 5.87774738669395E-02 
504	 5.86504675447941E-02 
505	 5.84988072514534E-02 
506	 5.83805553615093E-02 
507	 5.81548400223255E-02 
508	 5.79670444130898E-02 
509	 5.77925220131874E-02 
510	 5.75408227741718E-02 
511	 5.72363696992397E-02 
512	 5.69018386304379E-02 
513	 5.65409660339355E-02 
514	 5.61292879283428E-02 
515	 5.58326616883278E-02 
516	 5.55232092738152E-02 
517	 5.50642386078835E-02 
518	 5.45521304011345E-02 
519	 0.054107416421175 
520	 5.37346266210079E-02 
521	 5.33600226044655E-02 
522	 5.30432872474194E-02 
523	 5.25901466608047E-02 
524	 5.19881770014763E-02 
525	 5.16472943127155E-02 
526	 0.051302295178175 
527	 5.09051941335201E-02 
528	 5.04817068576813E-02 
529	 5.00366613268852E-02 
530	 4.96202930808067E-02 
531	 4.92505244910717E-02 
532	 0.048908956348896 
533	 4.85496409237385E-02 
534	 4.81657795608044E-02 
535	 4.77749370038509E-02 
536	 4.74302694201469E-02 
537	 4.71045486629009E-02 
538	 4.67821024358273E-02 
539	 4.64548319578171E-02 
540	 4.61271964013577E-02 
541	 4.58104573190212E-02 
542	 0.04549216106534 
543	 4.51151058077812E-02 
544	 4.48245853185654E-02 
545	 4.45537753403187E-02 
546	 4.42097559571266E-02 
547	 4.39017154276371E-02 
548	 4.35787104070187E-02 
549	 4.32402156293392E-02 
550	 4.29331734776497E-02 
551	 4.26081568002701E-02 
552	 4.22777831554413E-02 
553	 4.19665202498436E-02 
554	 4.17031496763229E-02 
555	 4.14349585771561E-02 
556	 4.11555133759975E-02 
557	 4.08808887004852E-02 
558	 4.06032726168633E-02 
559	 4.03738766908646E-02 
560	 4.01796400547028E-02 
561	 3.99124920368195E-02 
562	 3.96862290799618E-02 
563	 3.94741073250771E-02 
564	 3.92354987561703E-02 
565	 3.90246883034706E-02 
566	 3.88315506279469E-02 
567	 3.86545099318028E-02 
568	 3.84942963719368E-02 
569	 3.82957570254803E-02 
570	 3.80718521773815E-02 
571	 0.037849135696888 
572	 3.76572385430336E-02 
573	 3.74924466013908E-02 
574	 3.73463854193687E-02 
575	 0.037214495241642 
576	 3.71435731649399E-02 
577	 0.037055429071188 
578	 3.69290858507156E-02 
579	 0.03681830316782 
580	 3.67515496909618E-02 
581	 3.66977043449879E-02 
582	 3.66262868046761E-02 
583	 3.65598127245903E-02 
584	 3.64903062582016E-02 
585	 3.64227890968323E-02 
586	 3.63682918250561E-02 
587	 3.63245829939842E-02 
588	 3.62577512860298E-02 
589	 0.036158811300993 
590	 3.60651314258575E-02 
591	 3.59322689473629E-02 
592	 3.57874594628811E-02 
593	 3.56653854250908E-02 
594	 3.55292782187462E-02 
595	 3.54178175330162E-02 
596	 3.53243611752987E-02 
597	 3.52055467665195E-02 
598	 3.51344384253025E-02 
599	 3.50842364132404E-02 
600	 3.50227057933807E-02 
601	 3.49461063742638E-02 
602	 3.48937697708607E-02 
603	 3.48665490746498E-02 
604	 3.48447524011135E-02 
605	 3.48064675927162E-02 
606	 3.47546227276325E-02 
607	 3.47111187875271E-02 
608	 3.47170531749725E-02 
609	 3.47074456512928E-02 
610	 3.46838571131229E-02 
611	 3.46643179655075E-02 
612	 3.46643589437008E-02 
613	 3.46391052007675E-02 
614	 3.45962978899479E-02 
615	 3.45779843628407E-02 
616	 3.45949158072472E-02 
617	 3.46094630658627E-02 
618	 3.46012078225613E-02 
619	 3.45907472074032E-02 
620	 3.45887802541256E-02 
621	 3.46064791083336E-02 
622	 3.46437506377697E-02 
623	 3.46532389521599E-02 
624	 0.034679900854826 
625	 3.47219221293926E-02 
626	 3.47333885729313E-02 
627	 3.47541309893131E-02 
628	 3.47840897738934E-02 
629	 3.48239727318287E-02 
630	 3.49018536508083E-02 
631	 3.49427424371243E-02 
632	 3.49658168852329E-02 
633	 0.035025380551815 
634	 0.035090446472168 
635	 3.51564697921276E-02 
636	 3.52053083479404E-02 
637	 3.52007932960987E-02 
638	 3.52943614125252E-02 
639	 3.53921838104725E-02 
640	 3.54094617068768E-02 
641	 3.55027802288532E-02 
642	 3.55837531387806E-02 
643	 3.56497168540955E-02 
644	 3.57469692826271E-02 
645	 3.58464270830154E-02 
646	 3.59446108341217E-02 
647	 3.60449068248272E-02 
648	 3.61565314233303E-02 
649	 3.62749062478542E-02 
650	 3.64071503281593E-02 
651	 3.65573652088642E-02 
652	 3.67057137191296E-02 
653	 3.68456430733204E-02 
654	 3.69743965566158E-02 
655	 3.70937176048756E-02 
656	 3.72174419462681E-02 
657	 3.73858921229839E-02 
658	 3.75966690480709E-02 
659	 3.77486050128937E-02 
660	 0.037928719073534 
661	 3.81360501050949E-02 
662	 3.83379571139812E-02 
663	 0.038512360304594 
664	 3.87249290943146E-02 
665	 3.89713570475578E-02 
666	 3.91755737364292E-02 
667	 3.93898077309132E-02 
668	 3.96170541644096E-02 
669	 3.98513525724411E-02 
670	 4.00897599756718E-02 
671	 4.03257273137569E-02 
672	 4.05678376555443E-02 
673	 4.08274680376053E-02 
674	 4.10773456096649E-02 
675	 4.13449667394161E-02 
676	 4.16263863444328E-02 
677	 4.18758951127529E-02 
678	 4.21244874596596E-02 
679	 0.042400948703289 
680	 4.27100956439972E-02 
681	 4.29890044033527E-02 
682	 4.32750470936298E-02 
683	 4.35689277946949E-02 
684	 0.043854258954525 
685	 4.41546440124512E-02 
686	 4.44247350096703E-02 
687	 4.46711331605911E-02 
688	 4.49811741709709E-02 
689	 4.52724732458591E-02 
690	 4.55497577786446E-02 
691	 4.58430349826813E-02 
692	 4.61886115372181E-02 
693	 4.65220175683498E-02 
694	 4.68142740428448E-02 
695	 0.047069251537323 
696	 4.73426431417465E-02 
697	 4.76402379572392E-02 
698	 4.79489341378212E-02 
699	 0.048238780349493 
700	 4.85354065895081E-02 
701	 4.88228872418404E-02 
702	 4.90880608558655E-02 
703	 4.93698269128799E-02 
704	 4.96617406606674E-02 
705	 4.99425120651722E-02 
706	 5.01878410577774E-02 
707	 5.04440292716026E-02 
708	 5.06936386227608E-02 
709	 5.09315840899944E-02 
710	 5.11870831251144E-02 
711	 5.14442548155785E-02 
712	 0.051681149750948 
713	 5.18898703157902E-02 
714	 5.21240532398224E-02 
715	 5.23487441241741E-02 
716	 5.25555200874805E-02 
717	 5.27575500309467E-02 
718	 5.29721453785896E-02 
719	 5.31631484627724E-02 
720	 5.33333718776703E-02 
721	 0.053564939647913 
722	 5.37662915885448E-02 
723	 5.39642795920372E-02 
724	 5.41971325874329E-02 
725	 5.43989390134811E-02 
726	 5.46131655573845E-02 
727	 0.054841585457325 
728	 5.50553798675537E-02 
729	 5.52546456456184E-02 
730	 5.54621294140816E-02 
731	 5.56893572211266E-02 
732	 5.59254661202431E-02 
733	 5.61413466930389E-02 
734	 5.63441477715969E-02 
735	 5.65586686134338E-02 
736	 5.68302907049656E-02 
737	 0.057075846940279 
738	 5.73055408895016E-02 
739	 5.75822927057743E-02 
740	 5.78273460268974E-02 
741	 5.80658130347729E-02 
742	 5.83151429891586E-02 
743	 5.85624799132347E-02 
744	 5.88059611618519E-02 
745	 0.059047419577837 
746	 5.92879019677639E-02 
747	 5.95213621854782E-02 
748	 5.97587041556835E-02 
749	 5.99883124232292E-02 
750	 6.01901300251484E-02 
751	 6.03840164840221E-02 
752	 0.060597088187933 
753	 0.060821395367384 
754	 6.10052607953548E-02 
755	 6.11907541751862E-02 
756	 6.13816119730473E-02 
757	 6.15653991699219E-02 
758	 6.17075301706791E-02 
759	 6.18518926203251E-02 
760	 6.20122216641903E-02 
761	 6.21808394789696E-02 
762	 6.23217225074768E-02 
763	 6.24554045498371E-02 
764	 6.25971257686615E-02 
765	 6.27499967813492E-02 
766	 6.28833845257759E-02 
767	 6.30102679133415E-02 
768	 6.31422325968742E-02 
769	 6.32660016417503E-02 
770	 6.33941069245338E-02 
771	 6.35178536176682E-02 
772	 6.36285394430161E-02 
773	 6.37558773159981E-02 
774	 0.063889667391777 
775	 0.064020074903965 
776	 6.41419515013695E-02 
777	 0.064280204474926 
778	 6.44185766577721E-02 
779	 6.45441263914108E-02 
780	 6.46588876843452E-02 
781	 6.47864788770676E-02 
782	 6.49346336722374E-02 
783	 6.50972798466682E-02 
784	 6.52420818805695E-02 
785	 0.065391942858696 
786	 6.55507147312164E-02 
787	 6.57114759087563E-02 
788	 6.58794343471527E-02 
789	 6.60493671894073E-02 
790	 6.62128180265427E-02 
791	 6.63610100746155E-02 
792	 6.65493011474609E-02 
793	 6.67385533452034E-02 
794	 6.69016987085342E-02 
795	 6.70925080776215E-02 
796	 6.72676339745522E-02 
797	 6.74358084797859E-02 
798	 6.76217824220657E-02 
799	 6.78324326872826E-02 
800	 6.80092349648476E-02 
801	 6.81618005037308E-02 
802	 6.83488473296165E-02 
803	 6.85320645570755E-02 
804	 6.87193796038628E-02 
805	 6.89102783799171E-02 
806	 6.90838620066643E-02 
807	 6.92718029022217E-02 
808	 6.94744735956192E-02 
809	 6.96761608123779E-02 
810	 6.98365345597267E-02 
811	 7.00288936495781E-02 
812	 0.070231705904007 
813	 0.07039774954319 
814	 7.06020221114159E-02 
815	 7.07999914884567E-02 
816	 0.070986695587635 
817	 7.11953267455101E-02 
818	 7.14047104120255E-02 
819	 7.16198682785034E-02 
820	 0.071836456656456 
821	 7.20292627811432E-02 
822	 7.22263976931572E-02 
823	 7.24352821707726E-02 
824	 7.26506784558296E-02 
825	 7.28443413972855E-02 
826	 0.073066346347332 
827	 7.33075737953186E-02 
828	 7.35330283641815E-02 
829	 7.37402588129044E-02 
830	 7.39495605230331E-02 
831	 0.07417231798172 
832	 7.44065493345261E-02 
833	 7.46160745620728E-02 
834	 7.48218595981598E-02 
835	 7.50383883714676E-02 
836	 7.52563253045082E-02 
837	 7.54889026284218E-02 
838	 7.57272392511368E-02 
839	 7.59626254439354E-02 
840	 0.07620470225811 
841	 7.64354541897774E-02 
842	 7.66519382596016E-02 
843	 7.68633037805557E-02 
844	 7.71010294556618E-02 
845	 7.73191228508949E-02 
846	 7.75265395641327E-02 
847	 0.077768050134182 
848	 7.80030563473701E-02 
849	 7.82424211502075E-02 
850	 7.84837901592255E-02 
851	 7.87035152316093E-02 
852	 7.89485275745392E-02 
853	 7.92001560330391E-02 
854	 7.94492140412331E-02 
855	 7.97410905361176E-02 
856	 7.99697488546371E-02 
857	 8.01917836070061E-02 
858	 8.04795175790787E-02 
859	 8.07619765400887E-02 
860	 8.10488313436508E-02 
861	 8.13466981053352E-02 
862	 0.081654466688633 
863	 8.19374918937683E-02 
864	 0.082225576043129 
865	 8.25235098600388E-02 
866	 8.28141644597054E-02 
867	 8.31244885921478E-02 
868	 8.34311470389366E-02 
869	 8.37400704622269E-02 
870	 8.41025784611702E-02 
871	 8.44395682215691E-02 
872	 8.47940072417259E-02 
873	 8.51782336831093E-02 
874	 8.54761451482773E-02 
875	 8.58251228928566E-02 
876	 8.62123444676399E-02 
877	 8.65948796272278E-02 
878	 8.70072692632675E-02 
879	 8.73977988958359E-02 
880	 0.087760902941227 
881	 8.81228223443031E-02 
882	 0.08853729814291 
883	 8.89386236667633E-02 
884	 8.93270373344421E-02 
885	 8.97511169314384E-02 
886	 0.090165488421917 
887	 9.05732288956642E-02 
888	 9.09879878163338E-02 
889	 9.14248451590538E-02 
890	 9.18379276990891E-02 
891	 9.22757983207703E-02 
892	 9.27520170807838E-02 
893	 9.31943580508232E-02 
894	 9.36237424612045E-02 
895	 9.40725803375244E-02 
896	 9.45478305220604E-02 
897	 9.49769839644432E-02 
898	 9.54490527510643E-02 
899	 9.59304496645927E-02 
900	 9.63750705122948E-02 
901	 9.68578830361366E-02 
902	 9.73247811198235E-02 
903	 9.77840572595596E-02 
904	 9.82659906148911E-02 
905	 9.87305864691734E-02 
906	 9.92292836308479E-02 
907	 9.97600331902504E-02 
908	 0.100283704698086 
909	 0.100828967988491 
910	 0.101333312690258 
911	 0.10180539637804 
912	 0.102326512336731 
913	 0.102854825556278 
914	 0.103410556912422 
915	 0.103982865810394 
916	 0.104514613747597 
917	 0.105074256658554 
918	 0.105659030377865 
919	 0.106247298419476 
920	 0.106813415884972 
921	 0.10735747218132 
922	 0.107965387403965 
923	 0.108648240566254 
924	 0.109176330268383 
925	 0.109763085842133 
926	 0.110398218035698 
927	 0.111011177301407 
928	 0.111586682498455 
929	 0.112214311957359 
930	 0.112857520580292 
931	 0.113452635705471 
932	 0.114068873226643 
933	 0.114739805459976 
934	 0.115411080420017 
935	 0.11601211130619 
936	 0.116656400263309 
937	 0.117327339947224 
938	 0.11797321587801 
939	 0.118555426597595 
940	 0.119247123599052 
941	 0.119973883032799 
942	 0.120677471160889 
943	 0.121339298784733 
944	 0.121950328350067 
945	 0.122548975050449 
946	 0.123197101056576 
947	 0.123945683240891 
948	 0.124560013413429 
949	 0.125174432992935 
950	 0.125852689146996 
951	 0.126503512263298 
952	 0.12718640267849 
953	 0.127845659852028 
954	 0.128475308418274 
955	 0.129162907600403 
956	 0.129791513085365 
957	 0.130417957901955 
958	 0.131081506609917 
959	 0.131728395819664 
960	 0.132400363683701 
961	 0.133034691214561 
962	 0.133601307868958 
963	 0.134176477789879 
964	 0.134880229830742 
965	 0.135594964027405 
966	 0.136214897036552 
967	 0.136816918849945 
968	 0.137372776865959 
969	 0.137985438108444 
970	 0.138688445091248 
971	 0.139255955815315 
972	 0.13985975086689 
973	 0.140509590506554 
974	 0.141163721680641 
975	 0.141787275671959 
976	 0.142379254102707 
977	 0.143013849854469 
978	 0.14372530579567 
979	 0.144364014267921 
980	 0.144901409745216 
981	 0.14547948539257 
982	 0.146200090646744 
983	 0.146851301193237 
984	 0.14740777015686 
985	 0.14801487326622 
986	 0.148780077695847 
987	 0.149489030241966 
988	 0.150004208087921 
989	 0.15051805973053 
990	 0.151200771331787 
991	 0.151682779192925 
992	 0.152431279420853 
993	 0.153151333332062 
994	 0.153534933924675 
995	 0.154200538992882 
996	 0.15497499704361 
997	 0.155652716755867 
998	 0.156129732728004 
999	 0.156668424606323 
1000	 0.157341584563255 
1001	 0.153874114155769 
1002	 0.154452264308929 
1003	 0.155003637075424 
1004	 0.155513808131218 
1005	 0.1559848934412 
1006	 0.15648327767849 
1007	 0.156935304403305 
1008	 0.157460168004036 
1009	 0.158052325248718 
1010	 0.158578917384148 
1011	 0.159107089042664 
1012	 0.159630730748177 
1013	 0.160119518637657 
1014	 0.16062331199646 
1015	 0.161160737276077 
1016	 0.161641225218773 
1017	 0.162138298153877 
1018	 0.162608593702316 
1019	 0.163089796900749 
1020	 0.163584977388382 
1021	 0.164041146636009 
1022	 0.164477109909058 
1023	 0.164926841855049 
1024	 0.165341466665268 
1025	 0.165802165865898 
1026	 0.166298389434814 
1027	 0.1667550355196 
1028	 0.167211055755615 
1029	 0.167688399553299 
1030	 0.168081477284431 
1031	 0.168516099452972 
1032	 0.168929189443588 
1033	 0.16927133500576 
1034	 0.16968435049057 
1035	 0.170097067952156 
1036	 0.170508861541748 
1037	 0.170974865555763 
1038	 0.171385824680328 
1039	 0.171741992235184 
1040	 0.172128424048424 
1041	 0.172512635588646 
1042	 0.172889873385429 
1043	 0.173244446516037 
1044	 0.173668906092644 
1045	 0.174118503928185 
1046	 0.174537241458893 
1047	 0.174952417612076 
1048	 0.17539057135582 
1049	 0.17578561604023 
1050	 0.176177144050598 
1051	 0.176631450653076 
1052	 0.177069097757339 
1053	 0.177495822310448 
1054	 0.17794094979763 
1055	 0.1783367395401 
1056	 0.178670793771744 
1057	 0.179061651229858 
1058	 0.179437145590782 
1059	 0.179858729243279 
1060	 0.180312350392342 
1061	 0.180741727352142 
1062	 0.181200429797173 
1063	 0.181614086031914 
1064	 0.182007238268852 
1065	 0.182455569505692 
1066	 0.182849377393723 
1067	 0.183219239115715 
1068	 0.183666214346886 
1069	 0.184079945087433 
1070	 0.184493124485016 
1071	 0.184907719492912 
1072	 0.185368984937668 
1073	 0.185744032263756 
1074	 0.186094686388969 
1075	 0.186450257897377 
1076	 0.186781018972397 
1077	 0.187150180339813 
1078	 0.187530562281609 
1079	 0.18792536854744 
1080	 0.188314214348793 
1081	 0.18865031003952 
1082	 0.189020320773125 
1083	 0.189400851726532 
1084	 0.189728811383247 
1085	 0.190109893679619 
1086	 0.190482929348946 
1087	 0.190853610634804 
1088	 0.191188171505928 
1089	 0.191568031907082 
1090	 0.19191786646843 
1091	 0.192251518368721 
1092	 0.192610457539558 
1093	 0.19294185936451 
1094	 0.193258866667747 
1095	 0.193593412637711 
1096	 0.193926990032196 
1097	 0.194247677922249 
1098	 0.194587305188179 
1099	 0.194908946752548 
1100	 0.195187941193581 
1101	 0.195486977696419 
1102	 0.195781871676445 
1103	 0.19607412815094 
1104	 0.196355357766151 
1105	 0.196667313575745 
1106	 0.196966081857681 
1107	 0.197242915630341 
1108	 0.197516888380051 
1109	 0.197776600718498 
1110	 0.198027893900871 
1111	 0.19827975332737 
1112	 0.198509484529495 
1113	 0.198736935853958 
1114	 0.198999375104904 
1115	 0.199251621961594 
1116	 0.199480280280113 
1117	 0.199708819389343 
1118	 0.199938148260117 
1119	 0.200133964419365 
1120	 0.200358301401138 
1121	 0.200605913996696 
1122	 0.20085671544075 
1123	 0.201081052422523 
1124	 0.201274514198303 
1125	 0.201479911804199 
1126	 0.201674088835716 
1127	 0.20187783241272 
1128	 0.202127233147621 
1129	 0.202348306775093 
1130	 0.202563911676407 
1131	 0.202772304415703 
1132	 0.202939480543137 
1133	 0.203133583068848 
1134	 0.20333357155323 
1135	 0.203528046607971 
1136	 0.2037383466959 
1137	 0.203925833106041 
1138	 0.204097330570221 
1139	 0.204275324940681 
1140	 0.204457968473434 
1141	 0.204604521393776 
1142	 0.204752340912819 
1143	 0.204901784658432 
1144	 0.205052554607391 
1145	 0.205225706100464 
1146	 0.205407664179802 
1147	 0.205558896064758 
1148	 0.205672770738602 
1149	 0.205809369683266 
1150	 0.205955296754837 
1151	 0.206096634268761 
1152	 0.206236585974693 
1153	 0.206378564238548 
1154	 0.206519067287445 
1155	 0.206647485494614 
1156	 0.206792056560516 
1157	 0.206970810890198 
1158	 0.207113400101662 
1159	 0.207251042127609 
1160	 0.207369893789291 
1161	 0.207444369792938 
1162	 0.207522258162498 
1163	 0.207600936293602 
1164	 0.207689970731735 
1165	 0.2077976167202 
1166	 0.207883507013321 
1167	 0.207991942763329 
1168	 0.208119198679924 
1169	 0.208239749073982 
1170	 0.208384349942207 
1171	 0.208505868911743 
1172	 0.208597034215927 
1173	 0.208714783191681 
1174	 0.208846628665924 
1175	 0.208971381187439 
1176	 0.209101751446724 
1177	 0.209234997630119 
1178	 0.209362834692001 
1179	 0.209490701556206 
1180	 0.209625601768494 
1181	 0.209789738059044 
1182	 0.209973976016045 
1183	 0.210144028067589 
1184	 0.21031342446804 
1185	 0.210469588637352 
1186	 0.210646703839302 
1187	 0.210820749402046 
1188	 0.211003288626671 
1189	 0.211205765604973 
1190	 0.211412712931633 
1191	 0.211605623364449 
1192	 0.211823806166649 
1193	 0.21206921339035 
1194	 0.212309405207634 
1195	 0.212556004524231 
1196	 0.212809711694717 
1197	 0.213064044713974 
1198	 0.213341563940048 
1199	 0.213615596294403 
1200	 0.213869094848633 
1201	 0.214118346571922 
1202	 0.21434023976326 
1203	 0.214560925960541 
1204	 0.214814245700836 
1205	 0.215067446231842 
1206	 0.215335071086884 
1207	 0.215601310133934 
1208	 0.215866044163704 
1209	 0.21614482998848 
1210	 0.216426193714142 
1211	 0.216723129153252 
1212	 0.217050477862358 
1213	 0.21736116707325 
1214	 0.217668175697327 
1215	 0.217987805604935 
1216	 0.218310117721558 
1217	 0.21862605214119 
1218	 0.218955740332603 
1219	 0.219270944595337 
1220	 0.219583600759506 
1221	 0.219902083277702 
1222	 0.220201671123505 
1223	 0.220505401492119 
1224	 0.220796942710876 
1225	 0.221062853932381 
1226	 0.221350744366646 
1227	 0.221642583608627 
1228	 0.221941322088242 
1229	 0.222264602780342 
1230	 0.222554102540016 
1231	 0.222831964492798 
1232	 0.22311070561409 
1233	 0.223358392715454 
1234	 0.223630338907242 
1235	 0.223918378353119 
1236	 0.224202305078506 
1237	 0.224499300122261 
1238	 0.224786013364792 
1239	 0.225065425038338 
1240	 0.225350514054298 
1241	 0.225637167692184 
1242	 0.225880235433578 
1243	 0.226134121417999 
1244	 0.226376459002495 
1245	 0.226624011993408 
1246	 0.226870253682137 
1247	 0.227117344737053 
1248	 0.227368965744972 
1249	 0.22761082649231 
1250	 0.22785297036171 
1251	 0.228077694773674 
1252	 0.228295758366585 
1253	 0.228500783443451 
1254	 0.228679463267326 
1255	 0.228872925043106 
1256	 0.229061245918274 
1257	 0.229256153106689 
1258	 0.229474306106567 
1259	 0.229667812585831 
1260	 0.229840740561485 
1261	 0.230024129152298 
1262	 0.230191767215729 
1263	 0.230375945568085 
1264	 0.230562552809715 
1265	 0.230765640735626 
1266	 0.230955585837364 
1267	 0.23113714158535 
1268	 0.231334403157234 
1269	 0.231530323624611 
1270	 0.231741607189178 
1271	 0.231976792216301 
1272	 0.232191890478134 
1273	 0.232402220368385 
1274	 0.232621997594833 
1275	 0.232827335596085 
1276	 0.233054250478745 
1277	 0.233308181166649 
1278	 0.233547061681747 
1279	 0.233778029680252 
1280	 0.234025374054909 
1281	 0.234272450208664 
1282	 0.234527438879013 
1283	 0.234812170267105 
1284	 0.235076040029526 
1285	 0.235332205891609 
1286	 0.235575705766678 
1287	 0.235836580395699 
1288	 0.236092448234558 
1289	 0.236356273293495 
1290	 0.236637279391289 
1291	 0.236903786659241 
1292	 0.237163528800011 
1293	 0.237421542406082 
1294	 0.237671479582787 
1295	 0.237933054566383 
1296	 0.238204807043076 
1297	 0.238457858562469 
1298	 0.23870949447155 
1299	 0.238957092165947 
1300	 0.239193469285965 
1301	 0.239422023296356 
1302	 0.239651829004288 
1303	 0.239872246980667 
1304	 0.240068525075912 
1305	 0.240275964140892 
1306	 0.24048912525177 
1307	 0.240697890520096 
1308	 0.24090501666069 
1309	 0.241118431091309 
1310	 0.241311550140381 
1311	 0.241492927074432 
1312	 0.241681203246117 
1313	 0.241862937808037 
1314	 0.242041662335396 
1315	 0.242225021123886 
1316	 0.242398098111153 
1317	 0.242560774087906 
1318	 0.242722168564796 
1319	 0.242885321378708 
1320	 0.243036150932312 
1321	 0.243177905678749 
1322	 0.243314877152443 
1323	 0.243438810110092 
1324	 0.243569850921631 
1325	 0.243708983063698 
1326	 0.243828997015953 
1327	 0.243943572044373 
1328	 0.244052156805992 
1329	 0.244157716631889 
1330	 0.244239404797554 
1331	 0.244311019778252 
1332	 0.244370669126511 
1333	 0.244414463639259 
1334	 0.244433388113976 
1335	 0.244449973106384 
1336	 0.244455337524414 
1337	 0.244469672441483 
1338	 0.244465127587318 
1339	 0.244493797421455 
1340	 0.244549572467804 
1341	 0.244581967592239 
1342	 0.244620800018311 
1343	 0.244646400213242 
1344	 0.244667291641235 
1345	 0.244666919112206 
1346	 0.244667530059814 
1347	 0.244634911417961 
1348	 0.244570478796959 
1349	 0.244500264525414 
1350	 0.244411945343018 
1351	 0.244314566254616 
1352	 0.244210928678513 
1353	 0.244087189435959 
1354	 0.243926718831062 
1355	 0.243791177868843 
1356	 0.243646025657654 
1357	 0.243514329195023 
1358	 0.243395358324051 
1359	 0.243289992213249 
1360	 0.24318140745163 
1361	 0.243096590042114 
1362	 0.243046656250954 
1363	 0.243016704916954 
1364	 0.243002131581306 
1365	 0.243010580539703 
1366	 0.243035450577736 
1367	 0.243077769875526 
1368	 0.243129014968872 
1369	 0.243202298879623 
1370	 0.243277728557587 
1371	 0.243372201919556 
1372	 0.243441671133041 
1373	 0.243536382913589 
1374	 0.243566945195198 
1375	 0.243581756949425 
1376	 0.243532329797745 
1377	 0.243421733379364 
1378	 0.24330036342144 
1379	 0.243106558918953 
1380	 0.242951422929764 
1381	 0.242773041129112 
1382	 0.242640674114227 
1383	 0.242519423365593 
1384	 0.242438659071922 
1385	 0.242409646511078 
1386	 0.242379501461983 
1387	 0.242398172616959 
1388	 0.242386594414711 
1389	 0.242374688386917 
1390	 0.242347046732903 
1391	 0.242305740714073 
1392	 0.242244064807892 
1393	 0.242178678512573 
1394	 0.242100089788437 
1395	 0.242043420672417 
1396	 0.241989970207214 
1397	 0.241937682032585 
1398	 0.241910964250565 
1399	 0.241840019822121 
1400	 0.241758406162262 
1401	 0.241645604372025 
1402	 0.24151249229908 
1403	 0.241348639130592 
1404	 0.241157308220863 
1405	 0.240945860743523 
1406	 0.240716710686684 
1407	 0.240446463227272 
1408	 0.240141481161118 
1409	 0.239820942282677 
1410	 0.239453718066216 
1411	 0.239094629883766 
1412	 0.2387365847826 
1413	 0.238355949521065 
1414	 0.237952724099159 
1415	 0.237551867961884 
1416	 0.237120389938354 
1417	 0.236713513731956 
1418	 0.236314743757248 
1419	 0.23592446744442 
1420	 0.235544830560684 
1421	 0.235177278518677 
1422	 0.234808474779129 
1423	 0.234464317560196 
1424	 0.234150379896164 
1425	 0.233824044466019 
1426	 0.233519852161407 
1427	 0.233254417777061 
1428	 0.233007967472076 
1429	 0.232782408595085 
1430	 0.232555016875267 
1431	 0.232357412576675 
1432	 0.232127159833908 
1433	 0.231891930103302 
1434	 0.231633618474007 
1435	 0.231368690729141 
1436	 0.231066554784775 
1437	 0.230736523866653 
1438	 0.230396121740341 
1439	 0.230013206601143 
1440	 0.229664236307144 
1441	 0.229282915592194 
1442	 0.228981196880341 
1443	 0.228671029210091 
1444	 0.228493839502335 
1445	 0.228368133306503 
1446	 0.228377819061279 
1447	 0.228495597839355 
1448	 0.228718847036362 
1449	 0.229066804051399 
1450	 0.229492247104645 
1451	 0.230065762996674 
1452	 0.23063500225544 
1453	 0.231314688920975 
1454	 0.231938779354095 
1455	 0.23258513212204 
1456	 0.233186826109886 
1457	 0.233775332570076 
1458	 0.234323844313622 
1459	 0.234856441617012 
1460	 0.235325500369072 
1461	 0.235741764307022 
1462	 0.236117392778397 
1463	 0.236421331763268 
1464	 0.236714839935303 
1465	 0.236968651413918 
1466	 0.237221583724022 
1467	 0.237442970275879 
1468	 0.237637281417847 
1469	 0.237803637981415 
1470	 0.237934350967407 
1471	 0.238056480884552 
1472	 0.238151550292969 
1473	 0.238241672515869 
1474	 0.238319993019104 
1475	 0.23837973177433 
1476	 0.238422185182571 
1477	 0.238456502556801 
1478	 0.23847970366478 
1479	 0.238482251763344 
1480	 0.238480895757675 
1481	 0.23843714594841 
1482	 0.238365441560745 
1483	 0.238267585635185 
1484	 0.238125041127205 
1485	 0.237992316484451 
1486	 0.237828105688095 
1487	 0.237695008516312 
1488	 0.237554132938385 
1489	 0.237455427646637 
1490	 0.237352088093758 
1491	 0.237331032752991 
1492	 0.237344950437546 
1493	 0.237435296177864 
1494	 0.237598612904549 
1495	 0.237812608480453 
1496	 0.238097280263901 
1497	 0.238415643572807 
1498	 0.238787934184074 
1499	 0.239202186465263 
1500	 0.23964935541153 
1501	 0.24015910923481 
1502	 0.240727216005325 
1503	 0.241335853934288 
1504	 0.241997212171555 
1505	 0.242703050374985 
1506	 0.243483662605286 
1507	 0.244258984923363 
1508	 0.245107024908066 
1509	 0.245901718735695 
1510	 0.246721342206001 
1511	 0.247447103261948 
1512	 0.248118564486504 
1513	 0.248740926384926 
1514	 0.249294146895409 
1515	 0.249798238277435 
1516	 0.250237196683884 
1517	 0.25065866112709 
1518	 0.251012057065964 
1519	 0.25136411190033 
1520	 0.251717090606689 
1521	 0.252031564712524 
1522	 0.2523273229599 
1523	 0.252629727125168 
1524	 0.252918303012848 
1525	 0.253196001052856 
1526	 0.25346651673317 
1527	 0.253730326890945 
1528	 0.25398376584053 
1529	 0.254227459430695 
1530	 0.254459917545319 
1531	 0.254680663347244 
1532	 0.25490203499794 
1533	 0.255112826824188 
1534	 0.255325108766556 
1535	 0.255532920360565 
1536	 0.25575003027916 
1537	 0.25594687461853 
1538	 0.256204754114151 
1539	 0.256492793560028 
1540	 0.256792366504669 
1541	 0.257131904363632 
1542	 0.257467240095139 
1543	 0.257806926965714 
1544	 0.258159875869751 
1545	 0.258535206317902 
1546	 0.25890126824379 
1547	 0.259260654449463 
1548	 0.259645938873291 
1549	 0.260050058364868 
1550	 0.260442405939102 
1551	 0.260853111743927 
1552	 0.261244058609009 
1553	 0.261614263057709 
1554	 0.261995553970337 
1555	 0.262384444475174 
1556	 0.262759417295456 
1557	 0.263129562139511 
1558	 0.263495534658432 
1559	 0.263851165771484 
1560	 0.264207690954208 
1561	 0.264561891555786 
1562	 0.264916300773621 
1563	 0.265284895896912 
1564	 0.265615373849869 
1565	 0.265925973653793 
1566	 0.266235888004303 
1567	 0.266517370939255 
1568	 0.266806334257126 
1569	 0.267093569040298 
1570	 0.267391622066498 
1571	 0.267693042755127 
1572	 0.267985939979553 
1573	 0.268290996551514 
1574	 0.268583029508591 
1575	 0.268854141235352 
1576	 0.26913458108902 
1577	 0.269418239593506 
1578	 0.26970174908638 
1579	 0.269985228776932 
1580	 0.270266592502594 
1581	 0.27055549621582 
1582	 0.270829916000366 
1583	 0.271097123622894 
1584	 0.271358668804169 
1585	 0.271597892045975 
1586	 0.271857351064682 
1587	 0.272127091884613 
1588	 0.272389143705368 
1589	 0.272658944129944 
1590	 0.272924482822418 
1591	 0.273177862167358 
1592	 0.273440212011337 
1593	 0.273718774318695 
1594	 0.273978680372238 
1595	 0.274225831031799 
1596	 0.274478703737259 
1597	 0.274719834327698 
1598	 0.274970859289169 
1599	 0.275236546993256 
1600	 0.275493502616882 
1601	 0.275749266147614 
1602	 0.276003122329712 
1603	 0.276257336139679 
1604	 0.276502102613449 
1605	 0.276733130216599 
1606	 0.276974201202393 
1607	 0.277220517396927 
1608	 0.27745795249939 
1609	 0.277704000473022 
1610	 0.277936190366745 
1611	 0.278154581785202 
1612	 0.278363764286041 
1613	 0.278551787137985 
1614	 0.278757810592651 
1615	 0.278973609209061 
1616	 0.279173642396927 
1617	 0.279382288455963 
1618	 0.27957683801651 
1619	 0.279743701219559 
1620	 0.279918879270554 
1621	 0.280095219612122 
1622	 0.280271887779236 
1623	 0.280458688735962 
1624	 0.280624866485596 
1625	 0.280775487422943 
1626	 0.280931115150452 
1627	 0.281080663204193 
1628	 0.281219959259033 
1629	 0.281350612640381 
1630	 0.281491756439209 
1631	 0.281614631414413 
1632	 0.281762510538101 
1633	 0.281938076019287 
1634	 0.282110512256622 
1635	 0.282299786806107 
1636	 0.282470792531967 
1637	 0.282626271247864 
1638	 0.282799750566483 
1639	 0.282966494560242 
1640	 0.283152759075165 
1641	 0.283371686935425 
1642	 0.283570289611816 
1643	 0.283772617578506 
1644	 0.283957481384277 
1645	 0.284137368202209 
1646	 0.284297198057175 
1647	 0.284439831972122 
1648	 0.284575223922729 
1649	 0.284702241420746 
1650	 0.284801334142685 
1651	 0.284881263971329 
1652	 0.2849460542202 
1653	 0.284984230995178 
1654	 0.285012573003769 
1655	 0.285037696361542 
1656	 0.285035520792007 
1657	 0.285005152225494 
1658	 0.28496316075325 
1659	 0.284898519515991 
1660	 0.28482860326767 
1661	 0.2847620844841 
1662	 0.284655451774597 
1663	 0.284528821706772 
1664	 0.284371554851532 
1665	 0.284192562103271 
1666	 0.283964216709137 
1667	 0.283704310655594 
1668	 0.283399850130081 
1669	 0.283058971166611 
1670	 0.282651036977768 
1671	 0.282184094190598 
1672	 0.281685709953308 
1673	 0.281115502119064 
1674	 0.2805335521698 
1675	 0.279927968978882 
1676	 0.2793048620224 
1677	 0.278648257255554 
1678	 0.277978539466858 
1679	 0.277287393808365 
1680	 0.276579976081848 
1681	 0.275840580463409 
1682	 0.275107741355896 
1683	 0.274357169866562 
1684	 0.273638814687729 
1685	 0.272933453321457 
1686	 0.272231161594391 
1687	 0.271535784006119 
1688	 0.270850598812103 
1689	 0.270158380270004 
1690	 0.26950067281723 
1691	 0.268854230642319 
1692	 0.268276274204254 
1693	 0.267732858657837 
1694	 0.267238825559616 
1695	 0.266808897256851 
1696	 0.266390979290009 
1697	 0.266005754470825 
1698	 0.265647739171982 
1699	 0.265333116054535 
1700	 0.265022099018097 
1701	 0.26474004983902 
1702	 0.264448404312134 
1703	 0.264158308506012 
1704	 0.26388493180275 
1705	 0.263618916273117 
1706	 0.263333708047867 
1707	 0.263097077608109 
1708	 0.26284658908844 
1709	 0.262619525194168 
1710	 0.262451618909836 
1711	 0.262259036302567 
1712	 0.262050092220306 
1713	 0.261838585138321 
1714	 0.261605530977249 
1715	 0.261371046304703 
1716	 0.261125981807709 
1717	 0.26088947057724 
1718	 0.260648369789124 
1719	 0.2603659927845 
1720	 0.260118782520294 
1721	 0.259885102510452 
1722	 0.259618014097214 
1723	 0.259392142295837 
1724	 0.259172588586807 
1725	 0.25894957780838 
1726	 0.258764982223511 
1727	 0.258603692054749 
1728	 0.258493185043335 
1729	 0.258410274982452 
1730	 0.258338153362274 
1731	 0.258324414491653 
1732	 0.258344531059265 
1733	 0.258376598358154 
1734	 0.258470237255096 
1735	 0.258588016033173 
1736	 0.258680731058121 
1737	 0.258801370859146 
1738	 0.258959621191025 
1739	 0.259088963270187 
1740	 0.259220451116562 
1741	 0.259338766336441 
1742	 0.259431064128876 
1743	 0.259539514780045 
1744	 0.259642392396927 
1745	 0.259773522615433 
1746	 0.259903311729431 
1747	 0.26007091999054 
1748	 0.260256230831146 
1749	 0.260491520166397 
1750	 0.260775923728943 
1751	 0.261078029870987 
1752	 0.26142480969429 
1753	 0.261795163154602 
1754	 0.262189835309982 
1755	 0.262579619884491 
1756	 0.262987196445465 
1757	 0.263405799865723 
1758	 0.263860166072845 
1759	 0.264300674200058 
1760	 0.264756232500076 
1761	 0.265240013599396 
1762	 0.265702128410339 
1763	 0.26622062921524 
1764	 0.26676419377327 
1765	 0.267302006483078 
1766	 0.267890930175781 
1767	 0.268438190221787 
1768	 0.26901313662529 
1769	 0.26963871717453 
1770	 0.270207852125168 
1771	 0.270825564861298 
1772	 0.27144056558609 
1773	 0.272006005048752 
1774	 0.272597879171371 
1775	 0.273153841495514 
1776	 0.273708909749985 
1777	 0.274236798286438 
1778	 0.274687439203262 
1779	 0.275147438049316 
1780	 0.275604546070099 
1781	 0.276051014661789 
1782	 0.276514947414398 
1783	 0.27696904540062 
1784	 0.277399152517319 
1785	 0.277806103229523 
1786	 0.278207421302795 
1787	 0.278605967760086 
1788	 0.278979331254959 
1789	 0.279324054718018 
1790	 0.279680609703064 
1791	 0.280026078224182 
1792	 0.280392915010452 
1793	 0.28078031539917 
1794	 0.281151384115219 
1795	 0.281489938497543 
1796	 0.281791538000107 
1797	 0.282083749771118 
1798	 0.282369315624237 
1799	 0.282675534486771 
1800	 0.28297746181488 
1801	 0.273319333791733 
1802	 0.274411112070084 
1803	 0.275358200073242 
1804	 0.276162207126617 
1805	 0.276956677436829 
1806	 0.27764505147934 
1807	 0.278234094381332 
1808	 0.2787826359272 
1809	 0.279256254434586 
1810	 0.279683738946915 
1811	 0.280027121305466 
1812	 0.280368328094482 
1813	 0.280660361051559 
1814	 0.280948579311371 
1815	 0.281202614307404 
1816	 0.28147229552269 
1817	 0.281738340854645 
1818	 0.281979769468308 
1819	 0.282247364521027 
1820	 0.282526671886444 
1821	 0.282808542251587 
1822	 0.283094972372055 
1823	 0.283408015966415 
1824	 0.283691376447678 
1825	 0.283979922533035 
1826	 0.284251898527145 
1827	 0.284507900476456 
1828	 0.284752547740936 
1829	 0.284987419843674 
1830	 0.285217553377151 
1831	 0.285437256097794 
1832	 0.285655230283737 
1833	 0.285832226276398 
1834	 0.286033689975739 
1835	 0.286224663257599 
1836	 0.286388725042343 
1837	 0.286602228879929 
1838	 0.286849409341812 
1839	 0.287093639373779 
1840	 0.287342369556427 
1841	 0.287624597549438 
1842	 0.287937432527542 
1843	 0.288235366344452 
1844	 0.288557916879654 
1845	 0.28889462351799 
1846	 0.289200633764267 
1847	 0.289480417966843 
1848	 0.289753437042236 
1849	 0.290031760931015 
1850	 0.290259093046188 
1851	 0.290460288524628 
1852	 0.290651321411133 
1853	 0.290780812501907 
1854	 0.290849536657333 
1855	 0.290862947702408 
1856	 0.290865927934647 
1857	 0.29085573554039 
1858	 0.290802717208862 
1859	 0.290720880031586 
1860	 0.290650755167007 
1861	 0.290467113256454 
1862	 0.290223181247711 
1863	 0.28992947936058 
1864	 0.289525657892227 
1865	 0.289087891578674 
1866	 0.288526207208633 
1867	 0.287867039442062 
1868	 0.287152141332626 
1869	 0.286390602588654 
1870	 0.285669952630997 
1871	 0.284909814596176 
1872	 0.28425407409668 
1873	 0.283662259578705 
1874	 0.283074557781219 
1875	 0.282559186220169 
1876	 0.28198304772377 
1877	 0.281413465738297 
1878	 0.280796259641647 
1879	 0.280055582523346 
1880	 0.279317110776901 
1881	 0.278441101312637 
1882	 0.277444511651993 
1883	 0.276375144720078 
1884	 0.275235861539841 
1885	 0.27391242980957 
1886	 0.272545993328094 
1887	 0.271095395088196 
1888	 0.269547373056412 
1889	 0.268061995506287 
1890	 0.266502439975739 
1891	 0.264892905950546 
1892	 0.263272285461426 
1893	 0.261539369821548 
1894	 0.259692341089249 
1895	 0.257867783308029 
1896	 0.255912005901337 
1897	 0.253839045763016 
1898	 0.251873701810837 
1899	 0.249730825424194 
1900	 0.247576415538788 
1901	 0.245415896177292 
1902	 0.24301877617836 
1903	 0.240687519311905 
1904	 0.238307282328606 
1905	 0.235853105783463 
1906	 0.233378529548645 
1907	 0.231062680482864 
1908	 0.228595495223999 
1909	 0.22616796195507 
1910	 0.223724454641342 
1911	 0.221051469445229 
1912	 0.21844419836998 
1913	 0.215828448534012 
1914	 0.213163703680038 
1915	 0.210781395435333 
1916	 0.208590909838676 
1917	 0.206482768058777 
1918	 0.204558834433556 
1919	 0.202953398227692 
1920	 0.201407104730606 
1921	 0.200155079364777 
1922	 0.199086606502533 
1923	 0.198182418942451 
1924	 0.197477713227272 
1925	 0.196814343333244 
1926	 0.196100503206253 
1927	 0.195489510893822 
1928	 0.194715440273285 
1929	 0.193876922130585 
1930	 0.192948326468468 
1931	 0.191963836550713 
1932	 0.19088226556778 
1933	 0.189846187829971 
1934	 0.188786625862122 
1935	 0.187762662768364 
1936	 0.186828106641769 
1937	 0.185987621545792 
1938	 0.185158357024193 
1939	 0.184561759233475 
1940	 0.18408539891243 
1941	 0.183781191706657 
1942	 0.183673620223999 
1943	 0.183720707893372 
1944	 0.18390366435051 
1945	 0.184270635247231 
1946	 0.184840306639671 
1947	 0.185520172119141 
1948	 0.186438471078873 
1949	 0.187599837779999 
1950	 0.18886561691761 
1951	 0.190322503447533 
1952	 0.191928744316101 
1953	 0.193679302930832 
1954	 0.195552289485931 
1955	 0.197690188884735 
1956	 0.199821770191193 
1957	 0.201997891068459 
1958	 0.204184308648109 
1959	 0.206108704209328 
1960	 0.207939237356186 
1961	 0.20960296690464 
1962	 0.21108166873455 
1963	 0.212428987026215 
1964	 0.213645085692406 
1965	 0.214692622423172 
1966	 0.21556556224823 
1967	 0.216343194246292 
1968	 0.216954424977303 
1969	 0.217547848820686 
1970	 0.218119904398918 
1971	 0.218662410974503 
1972	 0.219259053468704 
1973	 0.219878017902374 
1974	 0.220522940158844 
1975	 0.221201926469803 
1976	 0.221903160214424 
1977	 0.222616076469421 
1978	 0.223376587033272 
1979	 0.224164500832558 
1980	 0.224983304738998 
1981	 0.225884035229683 
1982	 0.226785317063332 
1983	 0.227771028876305 
1984	 0.228822514414787 
1985	 0.229860112071037 
1986	 0.230982601642609 
1987	 0.232167392969131 
1988	 0.233349680900574 
1989	 0.234696805477142 
1990	 0.236160904169083 
1991	 0.23769736289978 
1992	 0.239357814192772 
1993	 0.241113185882568 
1994	 0.242808043956757 
1995	 0.2446159273386 
1996	 0.24640665948391 
1997	 0.248199984431267 
1998	 0.250073075294495 
1999	 0.25205871462822 
2000	 0.253917664289474 
2001	 0.255873203277588 
2002	 0.257610768079758 
2003	 0.259219855070114 
2004	 0.260774552822113 
2005	 0.262184202671051 
2006	 0.263568013906479 
2007	 0.264938831329346 
2008	 0.266165643930435 
2009	 0.267316281795502 
2010	 0.268432199954987 
2011	 0.269400805234909 
2012	 0.270319879055023 
2013	 0.271163254976273 
2014	 0.271913200616837 
2015	 0.272627979516983 
2016	 0.273266971111298 
2017	 0.273872286081314 
2018	 0.274452298879623 
2019	 0.274955660104752 
2020	 0.275383293628693 
2021	 0.275783866643906 
2022	 0.276126950979233 
2023	 0.276405721902847 
2024	 0.27666574716568 
2025	 0.276896119117737 
2026	 0.277096182107925 
2027	 0.277257591485977 
2028	 0.277395963668823 
2029	 0.277494639158249 
2030	 0.277596592903137 
2031	 0.277684152126312 
2032	 0.277744770050049 
2033	 0.277814298868179 
2034	 0.277822375297546 
2035	 0.277768850326538 
2036	 0.277714192867279 
2037	 0.277634769678116 
2038	 0.277506321668625 
2039	 0.277383655309677 
2040	 0.27722892165184 
2041	 0.277105659246445 
2042	 0.2769455909729 
2043	 0.276880711317062 
2044	 0.276859432458878 
2045	 0.27687856554985 
2046	 0.27695295214653 
2047	 0.277062833309174 
2048	 0.277233809232712 
2049	 0.277399122714996 
2050	 0.27762234210968 
2051	 0.277822613716125 
2052	 0.277994424104691 
2053	 0.278149634599686 
2054	 0.278279840946198 
2055	 0.278380960226059 
2056	 0.278474926948547 
2057	 0.278527587652206 
2058	 0.278619438409805 
2059	 0.278703480958939 
2060	 0.278814017772675 
2061	 0.278956234455109 
2062	 0.279098033905029 
2063	 0.279238075017929 
2064	 0.279406249523163 
2065	 0.279600948095322 
2066	 0.279793292284012 
2067	 0.280009478330612 
2068	 0.280208110809326 
2069	 0.280413955450058 
2070	 0.280619591474533 
2071	 0.280822604894638 
2072	 0.281029343605042 
2073	 0.281234890222549 
2074	 0.281442523002625 
2075	 0.281632840633392 
2076	 0.281826615333557 
2077	 0.282000422477722 
2078	 0.282164990901947 
2079	 0.282300114631653 
2080	 0.282427996397018 
2081	 0.282519608736038 
2082	 0.282565653324127 
2083	 0.282598853111267 
2084	 0.282632917165756 
2085	 0.282650589942932 
2086	 0.28266042470932 
2087	 0.282678574323654 
2088	 0.282656490802765 
2089	 0.282591909170151 
2090	 0.282549113035202 
2091	 0.282506167888641 
2092	 0.282439708709717 
2093	 0.282374620437622 
2094	 0.282289803028107 
2095	 0.282162249088287 
2096	 0.282050728797913 
2097	 0.281933605670929 
2098	 0.281827926635742 
2099	 0.281744450330734 
2100	 0.281633615493774 
2101	 0.281506925821304 
2102	 0.281372994184494 
2103	 0.281238049268723 
2104	 0.28107026219368 
2105	 0.280934274196625 
2106	 0.28083136677742 
2107	 0.280689001083374 
2108	 0.280527561903 
2109	 0.280378013849258 
2110	 0.280218303203583 
2111	 0.280058830976486 
2112	 0.279918164014816 
2113	 0.279754638671875 
2114	 0.279564052820206 
2115	 0.279383987188339 
2116	 0.279205232858658 
2117	 0.279008567333221 
2118	 0.278839826583862 
2119	 0.278688192367554 
2120	 0.278528153896332 
2121	 0.278378754854202 
2122	 0.278221935033798 
2123	 0.278060674667358 
2124	 0.277891606092453 
2125	 0.277734339237213 
2126	 0.277546525001526 
2127	 0.27734163403511 
2128	 0.277125835418701 
2129	 0.276880979537964 
2130	 0.276641100645065 
2131	 0.276393622159958 
2132	 0.276144742965698 
2133	 0.275899231433868 
2134	 0.275647729635239 
2135	 0.275350123643875 
2136	 0.275065511465073 
2137	 0.274782329797745 
2138	 0.274481296539307 
2139	 0.274188250303268 
2140	 0.273916065692902 
2141	 0.273618549108505 
2142	 0.273311525583267 
2143	 0.272989749908447 
2144	 0.272643178701401 
2145	 0.272324621677399 
2146	 0.271995037794113 
2147	 0.271677523851395 
2148	 0.271399796009064 
2149	 0.271092683076859 
2150	 0.270790070295334 
2151	 0.270454525947571 
2152	 0.27008256316185 
2153	 0.269720762968063 
2154	 0.26935076713562 
2155	 0.268964052200317 
2156	 0.268605500459671 
2157	 0.268274039030075 
2158	 0.267918676137924 
2159	 0.267569243907928 
2160	 0.267192333936691 
2161	 0.266781777143478 
2162	 0.266418069601059 
2163	 0.266045838594437 
2164	 0.265702694654465 
2165	 0.265403658151627 
2166	 0.265092074871063 
2167	 0.264774799346924 
2168	 0.264483958482742 
2169	 0.264199078083038 
2170	 0.263942778110504 
2171	 0.26369696855545 
2172	 0.263489633798599 
2173	 0.263305187225342 
2174	 0.263171404600143 
2175	 0.263074219226837 
2176	 0.26296466588974 
2177	 0.262867867946625 
2178	 0.262787342071533 
2179	 0.262710124254227 
2180	 0.262636065483093 
2181	 0.262577772140503 
2182	 0.262529909610748 
2183	 0.262490421533585 
2184	 0.262473076581955 
2185	 0.262436479330063 
2186	 0.262432396411896 
2187	 0.262361943721771 
2188	 0.26223886013031 
2189	 0.26213327050209 
2190	 0.261983960866928 
2191	 0.261860817670822 
2192	 0.261795818805695 
2193	 0.261661887168884 
2194	 0.26149320602417 
2195	 0.261316955089569 
2196	 0.261104494333267 
2197	 0.260869830846787 
2198	 0.260653406381607 
2199	 0.260433554649353 
2200	 0.26017090678215 
2201	 0.259894758462906 
2202	 0.259565025568008 
2203	 0.259186893701553 
2204	 0.258804112672806 
2205	 0.258371293544769 
2206	 0.257961004972458 
2207	 0.257549673318863 
2208	 0.257124453783035 
2209	 0.256651848554611 
2210	 0.256265848875046 
2211	 0.255867660045624 
2212	 0.255575090646744 
2213	 0.255358725786209 
2214	 0.255215913057327 
2215	 0.255177021026611 
2216	 0.255143254995346 
2217	 0.255180567502975 
2218	 0.255229562520981 
2219	 0.25531530380249 
2220	 0.255391657352448 
2221	 0.255500674247742 
2222	 0.255613178014755 
2223	 0.25566953420639 
2224	 0.255709081888199 
2225	 0.255735278129578 
2226	 0.255691677331924 
2227	 0.255597025156021 
2228	 0.255474895238876 
2229	 0.255265146493912 
2230	 0.254972875118256 
2231	 0.254641473293304 
2232	 0.254263311624527 
2233	 0.253785312175751 
2234	 0.253271222114563 
2235	 0.252606123685837 
2236	 0.251811265945435 
2237	 0.250954210758209 
2238	 0.249956980347633 
2239	 0.248937219381332 
2240	 0.247864246368408 
2241	 0.246709316968918 
2242	 0.245527297258377 
2243	 0.244203418493271 
2244	 0.242752522230148 
2245	 0.241254135966301 
2246	 0.239565685391426 
2247	 0.23794136941433 
2248	 0.236354127526283 
2249	 0.234660893678665 
2250	 0.232926324009895 
2251	 0.231193855404854 
2252	 0.229231894016266 
2253	 0.227309972047806 
2254	 0.225370913743973 
2255	 0.223369181156158 
2256	 0.221537604928017 
2257	 0.219662562012672 
2258	 0.217827126383781 
2259	 0.21607668697834 
2260	 0.214229553937912 
2261	 0.212326407432556 
2262	 0.210488647222519 
2263	 0.208577752113342 
2264	 0.206825688481331 
2265	 0.205219447612762 
2266	 0.203518614172935 
2267	 0.20193700492382 
2268	 0.200177475810051 
2269	 0.198339879512787 
2270	 0.196420714259148 
2271	 0.194381147623062 
2272	 0.192284986376762 
2273	 0.190167888998985 
2274	 0.187855184078217 
2275	 0.185445308685303 
2276	 0.182884961366653 
2277	 0.179986357688904 
2278	 0.177274376153946 
2279	 0.174326494336128 
2280	 0.17176878452301 
2281	 0.169352442026138 
2282	 0.167229935526848 
2283	 0.165321812033653 
2284	 0.163833454251289 
2285	 0.162525460124016 
2286	 0.161618754267693 
2287	 0.161128461360931 
2288	 0.16097104549408 
2289	 0.161164328455925 
2290	 0.161663740873337 
2291	 0.162309840321541 
2292	 0.163113802671432 
2293	 0.164138734340668 
2294	 0.165211543440819 
2295	 0.166292041540146 
2296	 0.167431637644768 
2297	 0.16846863925457 
2298	 0.169443339109421 
2299	 0.170370638370514 
2300	 0.171247959136963 
2301	 0.172096684575081 
2302	 0.172870457172394 
2303	 0.173655092716217 
2304	 0.174444481730461 
2305	 0.175173923373222 
2306	 0.175818234682083 
2307	 0.176558747887611 
2308	 0.177255347371101 
2309	 0.178078934550285 
2310	 0.178959161043167 
2311	 0.179944947361946 
2312	 0.181036561727524 
2313	 0.182194098830223 
2314	 0.183514013886452 
2315	 0.184800922870636 
2316	 0.186130598187447 
2317	 0.187451556324959 
2318	 0.188878536224365 
2319	 0.190083116292953 
2320	 0.191313579678535 
2321	 0.192257955670357 
2322	 0.192990407347679 
2323	 0.193529590964317 
2324	 0.193890795111656 
2325	 0.193990036845207 
2326	 0.193832486867905 
2327	 0.193486139178276 
2328	 0.192862167954445 
2329	 0.192067459225655 
2330	 0.191124022006989 
2331	 0.189859256148338 
2332	 0.188393145799637 
2333	 0.186714261770248 
2334	 0.184609979391098 
2335	 0.182337567210197 
2336	 0.179817378520966 
2337	 0.177064999938011 
2338	 0.174495041370392 
2339	 0.171839669346809 
2340	 0.169206753373146 
2341	 0.166698545217514 
2342	 0.16412216424942 
2343	 0.161853119730949 
2344	 0.159872591495514 
2345	 0.158244580030441 
2346	 0.157074764370918 
2347	 0.156140923500061 
2348	 0.155322849750519 
2349	 0.154694154858589 
2350	 0.154034242033958 
2351	 0.153276175260544 
2352	 0.152672588825226 
2353	 0.15201860666275 
2354	 0.151612088084221 
2355	 0.151515409350395 
2356	 0.151745900511742 
2357	 0.152728348970413 
2358	 0.154473558068275 
2359	 0.156950145959854 
2360	 0.159999743103981 
2361	 0.163613751530647 
2362	 0.167163372039795 
2363	 0.170802503824234 
2364	 0.174423322081566 
2365	 0.177601262927055 
2366	 0.18065370619297 
2367	 0.183238655328751 
2368	 0.185486555099487 
2369	 0.187425538897514 
2370	 0.188912600278854 
2371	 0.190139323472977 
2372	 0.191058203577995 
2373	 0.191672697663307 
2374	 0.192126244306564 
2375	 0.192441463470459 
2376	 0.192610934376717 
2377	 0.192627340555191 
2378	 0.192486807703972 
2379	 0.192175447940826 
2380	 0.191747307777405 
2381	 0.191282346844673 
2382	 0.190869584679604 
2383	 0.190465986728668 
2384	 0.190084025263786 
2385	 0.189718753099442 
2386	 0.189354360103607 
2387	 0.18902088701725 
2388	 0.188669085502625 
2389	 0.188359588384628 
2390	 0.187987923622131 
2391	 0.187556117773056 
2392	 0.187122389674187 
2393	 0.186663314700127 
2394	 0.186152070760727 
2395	 0.185594126582146 
2396	 0.185082703828812 
2397	 0.184529066085815 
2398	 0.184018239378929 
2399	 0.183596804738045 
2400	 0.183116570115089 
2401	 0.182577192783356 
2402	 0.182115793228149 
2403	 0.181662604212761 
2404	 0.181155011057854 
2405	 0.180735230445862 
2406	 0.180346876382828 
2407	 0.179868787527084 
2408	 0.179515764117241 
2409	 0.179190635681152 
2410	 0.178783059120178 
2411	 0.178419500589371 
2412	 0.178126111626625 
2413	 0.177765786647797 
2414	 0.177317872643471 
2415	 0.176963418722153 
2416	 0.176604554057121 
2417	 0.176263228058815 
2418	 0.176046013832092 
2419	 0.175797447562218 
2420	 0.175455838441849 
2421	 0.175128370523453 
2422	 0.174834161996841 
2423	 0.174512431025505 
2424	 0.174256712198257 
2425	 0.173906862735748 
2426	 0.173500835895538 
2427	 0.173237711191177 
2428	 0.172894075512886 
2429	 0.172642320394516 
2430	 0.17243155837059 
2431	 0.172132655978203 
2432	 0.172067418694496 
2433	 0.171894878149033 
2434	 0.171506255865097 
2435	 0.171166330575943 
2436	 0.170717254281044 
2437	 0.170303776860237 
2438	 0.170024499297142 
2439	 0.169708132743835 
2440	 0.169304668903351 
2441	 0.168936684727669 
2442	 0.168659240007401 
2443	 0.168392851948738 
2444	 0.168199509382248 
2445	 0.167980745434761 
2446	 0.167645633220673 
2447	 0.167196363210678 
2448	 0.166791468858719 
2449	 0.166515037417412 
2450	 0.166270360350609 
2451	 0.166197448968887 
2452	 0.166050255298615 
2453	 0.16566875576973 
2454	 0.165286049246788 
2455	 0.164906352758408 
2456	 0.164413779973984 
2457	 0.163896128535271 
2458	 0.163526862859726 
2459	 0.162992849946022 
2460	 0.162618234753609 
2461	 0.162470936775208 
2462	 0.162014648318291 
2463	 0.161856830120087 
2464	 0.161591127514839 
2465	 0.160889610648155 
2466	 0.160631835460663 
2467	 0.16045056283474 
2468	 0.160233080387115 
2469	 0.160351917147636 
2470	 0.160333544015884 
2471	 0.160033047199249 
2472	 0.159748300909996 
2473	 0.159652233123779 
2474	 0.159686580300331 
2475	 0.159646719694138 
2476	 0.159853160381317 
2477	 0.159998998045921 
2478	 0.159780114889145 
2479	 0.15974198281765 
2480	 0.159356936812401 
2481	 0.1592897772789 
2482	 0.159426629543304 
2483	 0.159402757883072 
2484	 0.15958046913147 
2485	 0.159576296806335 
2486	 0.159628644585609 
2487	 0.159656524658203 
2488	 0.159732073545456 
2489	 0.160143718123436 
2490	 0.16038715839386 
2491	 0.16055391728878 
2492	 0.160544246435165 
2493	 0.160602852702141 
2494	 0.160985365509987 
2495	 0.161250665783882 
2496	 0.161619618535042 
2497	 0.16214182972908 
2498	 0.162287309765816 
2499	 0.162153854966164 
2500	 0.162627428770065 
