Wavelength	Echave.024
350	 0.081070750951767 
351	 8.15858021378517E-02 
352	 8.51756706833839E-02 
353	 8.17734524607658E-02 
354	 6.98739215731621E-02 
355	 6.66990652680397E-02 
356	 6.95802047848701E-02 
357	 0.0716592669487 
358	 6.92344084382057E-02 
359	 6.46208450198174E-02 
360	 6.07006549835205E-02 
361	 6.01946339011192E-02 
362	 6.30025491118431E-02 
363	 6.22282810509205E-02 
364	 5.84908910095692E-02 
365	 6.24750703573227E-02 
366	 6.06220364570618E-02 
367	 5.59828244149685E-02 
368	 5.38386106491089E-02 
369	 5.35745806992054E-02 
370	 5.31859546899796E-02 
371	 5.22496774792671E-02 
372	 5.14608025550842E-02 
373	 5.24905100464821E-02 
374	 5.33112697303295E-02 
375	 5.33553659915924E-02 
376	 5.46179711818695E-02 
377	 5.39576150476933E-02 
378	 5.29661662876606E-02 
379	 0.0532186627388 
380	 0.052040372043848 
381	 5.08973747491837E-02 
382	 5.09203411638737E-02 
383	 5.24548850953579E-02 
384	 5.13199903070927E-02 
385	 5.00908568501472E-02 
386	 5.00514805316925E-02 
387	 4.94155660271645E-02 
388	 5.05655445158482E-02 
389	 5.22156283259392E-02 
390	 5.25691471993923E-02 
391	 5.15011437237263E-02 
392	 5.05191124975681E-02 
393	 5.01070655882359E-02 
394	 5.00277429819107E-02 
395	 5.06846383213997E-02 
396	 5.07582426071167E-02 
397	 4.97131980955601E-02 
398	 4.84253093600273E-02 
399	 4.82467524707317E-02 
400	 4.83310297131538E-02 
401	 4.76263761520386E-02 
402	 4.69985567033291E-02 
403	 4.75312285125256E-02 
404	 4.84131276607513E-02 
405	 4.77177537977695E-02 
406	 4.75486926734447E-02 
407	 4.74296510219574E-02 
408	 4.70185838639736E-02 
409	 4.69233170151711E-02 
410	 4.70745339989662E-02 
411	 4.67244237661362E-02 
412	 4.55039516091347E-02 
413	 4.59557585418224E-02 
414	 4.61438000202179E-02 
415	 4.57319132983685E-02 
416	 0.045902319252491 
417	 4.52232547104359E-02 
418	 4.46795709431171E-02 
419	 4.49456423521042E-02 
420	 4.51676771044731E-02 
421	 4.48825396597385E-02 
422	 4.45478893816471E-02 
423	 4.48126047849655E-02 
424	 4.48473803699017E-02 
425	 4.48770746588707E-02 
426	 4.49863895773888E-02 
427	 4.50160391628742E-02 
428	 4.49919961392879E-02 
429	 4.49977591633797E-02 
430	 4.51079532504082E-02 
431	 4.53900843858719E-02 
432	 4.52984534204006E-02 
433	 4.50458116829395E-02 
434	 4.52081523835659E-02 
435	 4.55486476421356E-02 
436	 4.57239076495171E-02 
437	 4.57026958465576E-02 
438	 4.59441132843494E-02 
439	 4.59807068109512E-02 
440	 4.59525249898434E-02 
441	 4.61392551660538E-02 
442	 4.66967038810253E-02 
443	 4.69646863639355E-02 
444	 4.69533018767834E-02 
445	 4.71857599914074E-02 
446	 4.72989678382874E-02 
447	 0.047423180192709 
448	 4.76404689252377E-02 
449	 4.77483049035072E-02 
450	 4.80737686157227E-02 
451	 4.83557246625423E-02 
452	 4.82497923076153E-02 
453	 4.83100153505802E-02 
454	 4.86286953091621E-02 
455	 4.90058586001396E-02 
456	 4.89868335425854E-02 
457	 0.049309004098177 
458	 0.049563106149435 
459	 4.94663678109646E-02 
460	 4.98907566070557E-02 
461	 5.00792674720287E-02 
462	 5.01964651048183E-02 
463	 5.07881529629231E-02 
464	 5.09954206645489E-02 
465	 5.11087737977505E-02 
466	 5.13380654156208E-02 
467	 5.15669286251068E-02 
468	 5.19446283578873E-02 
469	 5.23635745048523E-02 
470	 5.27185350656509E-02 
471	 5.32595813274384E-02 
472	 5.36693669855595E-02 
473	 5.39152584969997E-02 
474	 5.42114488780499E-02 
475	 0.054721225053072 
476	 5.53497672080994E-02 
477	 0.05596724152565 
478	 5.64707219600677E-02 
479	 5.69674149155617E-02 
480	 5.74254989624023E-02 
481	 5.78243918716908E-02 
482	 5.85506968200207E-02 
483	 5.91997168958187E-02 
484	 5.96089437603951E-02 
485	 5.99533095955849E-02 
486	 0.060627244412899 
487	 6.14567138254642E-02 
488	 6.21660202741623E-02 
489	 6.26075565814972E-02 
490	 6.31512925028801E-02 
491	 0.063783623278141 
492	 6.43045455217361E-02 
493	 6.51016384363174E-02 
494	 6.58752098679543E-02 
495	 6.65019303560257E-02 
496	 6.72790631651878E-02 
497	 6.80363401770592E-02 
498	 6.88172057271004E-02 
499	 6.97079002857208E-02 
500	 7.07096606492996E-02 
501	 7.16870427131653E-02 
502	 7.26423412561417E-02 
503	 7.36949071288109E-02 
504	 7.47193694114685E-02 
505	 0.075792670249939 
506	 7.69206285476685E-02 
507	 7.78466984629631E-02 
508	 7.87845551967621E-02 
509	 0.079778715968132 
510	 8.07817503809929E-02 
511	 8.16717222332954E-02 
512	 8.25373157858849E-02 
513	 8.34026336669922E-02 
514	 8.41858461499214E-02 
515	 8.50335136055946E-02 
516	 8.58288630843163E-02 
517	 8.64768326282501E-02 
518	 8.71918126940727E-02 
519	 8.79121944308281E-02 
520	 8.86024758219719E-02 
521	 8.92523154616356E-02 
522	 0.089902937412262 
523	 9.05864685773849E-02 
524	 9.12901237607002E-02 
525	 9.19143036007881E-02 
526	 9.25702899694443E-02 
527	 9.32267680764198E-02 
528	 9.38299149274826E-02 
529	 9.45063382387161E-02 
530	 9.51000452041626E-02 
531	 9.56277698278427E-02 
532	 9.62971970438957E-02 
533	 9.70054715871811E-02 
534	 9.76731032133102E-02 
535	 9.82778817415237E-02 
536	 9.89508181810379E-02 
537	 9.95997115969658E-02 
538	 0.100209541618824 
539	 0.10080947726965 
540	 0.101390898227692 
541	 0.10199698805809 
542	 0.102617241442204 
543	 0.103146858513355 
544	 0.103651806712151 
545	 0.104153715074062 
546	 0.104652166366577 
547	 0.105108037590981 
548	 0.10556273907423 
549	 0.105998136103153 
550	 0.106346428394318 
551	 0.10672102868557 
552	 0.107088908553123 
553	 0.107401065528393 
554	 0.107632011175156 
555	 0.107880607247353 
556	 0.1081353276968 
557	 0.108331896364689 
558	 0.108458302915096 
559	 0.108581855893135 
560	 0.108713701367378 
561	 0.108778767287731 
562	 0.108779065310955 
563	 0.108712516725063 
564	 0.108590997755527 
565	 0.108472399413586 
566	 0.108299247920513 
567	 0.108062788844109 
568	 0.107791028916836 
569	 0.107471577823162 
570	 0.107115805149078 
571	 0.106729984283447 
572	 0.106302030384541 
573	 0.105859316885471 
574	 0.105363428592682 
575	 0.104770816862583 
576	 0.104175701737404 
577	 0.103543892502785 
578	 0.102869860827923 
579	 0.102189779281616 
580	 0.101438105106354 
581	 0.100601218640804 
582	 9.97007861733437E-02 
583	 9.88276451826096E-02 
584	 9.79244112968445E-02 
585	 0.096935860812664 
586	 9.58231762051582E-02 
587	 9.46808233857155E-02 
588	 0.093514509499073 
589	 9.23179388046265E-02 
590	 9.10876393318176E-02 
591	 8.98183137178421E-02 
592	 8.85344445705414E-02 
593	 8.72656553983688E-02 
594	 8.60304608941078E-02 
595	 8.48098248243332E-02 
596	 8.35942551493645E-02 
597	 8.23846980929375E-02 
598	 8.11535641551018E-02 
599	 7.99658298492432E-02 
600	 7.88525491952896E-02 
601	 7.77270793914795E-02 
602	 7.66800567507744E-02 
603	 7.56931155920029E-02 
604	 7.47164338827133E-02 
605	 7.38223418593407E-02 
606	 7.29986280202866E-02 
607	 7.22252279520035E-02 
608	 7.14837163686752E-02 
609	 7.07813054323196E-02 
610	 7.01519027352333E-02 
611	 6.96041062474251E-02 
612	 6.90488666296005E-02 
613	 0.068528987467289 
614	 6.80585354566574E-02 
615	 6.76299706101418E-02 
616	 6.72265663743019E-02 
617	 0.066850334405899 
618	 0.066505990922451 
619	 6.61992430686951E-02 
620	 6.58949613571167E-02 
621	 6.56033605337143E-02 
622	 6.53412267565727E-02 
623	 6.50781467556953E-02 
624	 0.0648178383708 
625	 6.45697861909866E-02 
626	 6.43466040492058E-02 
627	 6.41409158706665E-02 
628	 6.39464631676674E-02 
629	 6.37614205479622E-02 
630	 6.36011511087418E-02 
631	 6.34011998772621E-02 
632	 6.31760731339455E-02 
633	 6.29751235246658E-02 
634	 6.28029629588127E-02 
635	 6.26314207911491E-02 
636	 0.062454629689455 
637	 6.22986257076263E-02 
638	 6.21160492300987E-02 
639	 6.19401633739471E-02 
640	 6.18057996034622E-02 
641	 6.16876631975174E-02 
642	 6.15668185055256E-02 
643	 6.14552199840546E-02 
644	 6.13794811069965E-02 
645	 6.13038763403893E-02 
646	 6.12540356814861E-02 
647	 0.061238769441843 
648	 6.12277016043663E-02 
649	 6.12351782619953E-02 
650	 6.12761452794075E-02 
651	 6.13589100539684E-02 
652	 6.14633597433567E-02 
653	 6.15885555744171E-02 
654	 6.17318861186504E-02 
655	 6.18917196989059E-02 
656	 6.21061474084854E-02 
657	 6.23374916613102E-02 
658	 0.062571719288826 
659	 6.28715828061104E-02 
660	 6.32086396217346E-02 
661	 6.35354667901993E-02 
662	 6.38240873813629E-02 
663	 6.41911327838898E-02 
664	 6.45911693572998E-02 
665	 6.49923905730248E-02 
666	 6.53883889317513E-02 
667	 6.57922774553299E-02 
668	 6.61967545747757E-02 
669	 6.65963590145111E-02 
670	 6.70009031891823E-02 
671	 6.74054995179176E-02 
672	 6.78194314241409E-02 
673	 6.82495981454849E-02 
674	 6.86383619904518E-02 
675	 6.90246596932411E-02 
676	 6.94168135523796E-02 
677	 6.97771534323692E-02 
678	 7.01395347714424E-02 
679	 0.070500522851944 
680	 7.08488672971725E-02 
681	 0.07117760181427 
682	 7.15012475848198E-02 
683	 7.18260332942009E-02 
684	 7.21497163176537E-02 
685	 7.24496766924858E-02 
686	 7.27146491408348E-02 
687	 7.29641318321228E-02 
688	 7.32574015855789E-02 
689	 7.35019072890282E-02 
690	 7.37302228808403E-02 
691	 7.39806815981865E-02 
692	 7.41880908608437E-02 
693	 7.44034796953201E-02 
694	 7.46036693453789E-02 
695	 7.47315809130669E-02 
696	 7.48830735683441E-02 
697	 7.50247538089752E-02 
698	 0.075129546225071 
699	 7.52041339874268E-02 
700	 7.53009393811226E-02 
701	 7.53757357597351E-02 
702	 7.53835514187813E-02 
703	 7.53876492381096E-02 
704	 7.53884091973305E-02 
705	 7.53677934408188E-02 
706	 7.53006935119629E-02 
707	 7.52247124910355E-02 
708	 7.51252323389053E-02 
709	 7.50002562999725E-02 
710	 7.48812928795815E-02 
711	 7.47289285063744E-02 
712	 7.45605900883675E-02 
713	 0.074396900832653 
714	 7.41961970925331E-02 
715	 7.40122124552727E-02 
716	 7.38455206155777E-02 
717	 7.36601874232292E-02 
718	 7.34768584370613E-02 
719	 7.33134299516678E-02 
720	 7.31697604060173E-02 
721	 7.30142965912819E-02 
722	 7.29053243994713E-02 
723	 7.28412643074989E-02 
724	 7.28031769394875E-02 
725	 7.27872475981712E-02 
726	 7.27782994508743E-02 
727	 7.27934017777443E-02 
728	 7.28658139705658E-02 
729	 7.29431137442589E-02 
730	 7.30582997202873E-02 
731	 7.32226595282555E-02 
732	 7.33943805098534E-02 
733	 7.35831335186958E-02 
734	 0.073800340294838 
735	 7.40526914596558E-02 
736	 7.43241235613823E-02 
737	 0.074613519012928 
738	 7.49252140522003E-02 
739	 0.075264111161232 
740	 7.56117329001427E-02 
741	 7.59504660964012E-02 
742	 7.62803703546524E-02 
743	 0.076626367866993 
744	 7.69703164696693E-02 
745	 7.73311778903008E-02 
746	 7.77182579040527E-02 
747	 7.80817791819572E-02 
748	 7.84218460321426E-02 
749	 7.87551999092102E-02 
750	 7.91008248925209E-02 
751	 0.079410545527935 
752	 7.97160938382149E-02 
753	 8.00193250179291E-02 
754	 8.02746564149857E-02 
755	 8.05428475141525E-02 
756	 8.07993337512016E-02 
757	 8.10177996754646E-02 
758	 8.12240540981293E-02 
759	 8.14219266176224E-02 
760	 8.16181302070618E-02 
761	 0.081811249256134 
762	 8.19496586918831E-02 
763	 0.082075759768486 
764	 8.22065025568008E-02 
765	 8.23241099715233E-02 
766	 8.24300050735474E-02 
767	 8.25154557824135E-02 
768	 0.082583911716938 
769	 8.26722159981728E-02 
770	 8.27323347330093E-02 
771	 8.27872678637505E-02 
772	 8.28705281019211E-02 
773	 8.29312279820442E-02 
774	 8.29881951212883E-02 
775	 8.30480754375458E-02 
776	 8.31066966056824E-02 
777	 8.31790417432785E-02 
778	 8.32718312740326E-02 
779	 8.33773910999298E-02 
780	 8.34667831659317E-02 
781	 8.35636407136917E-02 
782	 8.36902111768723E-02 
783	 8.38534086942673E-02 
784	 8.40114653110504E-02 
785	 8.41754451394081E-02 
786	 8.43634456396103E-02 
787	 8.45874771475792E-02 
788	 8.47844332456589E-02 
789	 8.50179642438889E-02 
790	 8.52928385138512E-02 
791	 0.085534930229187 
792	 8.58249142765999E-02 
793	 8.61379057168961E-02 
794	 8.64432156085968E-02 
795	 8.67503359913826E-02 
796	 8.70614871382713E-02 
797	 8.73865634202957E-02 
798	 8.77310186624527E-02 
799	 8.80682095885277E-02 
800	 0.088407538831234 
801	 8.87493342161179E-02 
802	 8.90870690345764E-02 
803	 8.94302427768707E-02 
804	 8.97693410515785E-02 
805	 0.090107262134552 
806	 9.04684439301491E-02 
807	 9.08139646053314E-02 
808	 9.11538600921631E-02 
809	 9.15002077817917E-02 
810	 9.18316915631294E-02 
811	 9.21669155359268E-02 
812	 9.24987941980362E-02 
813	 9.28148105740547E-02 
814	 9.31411534547806E-02 
815	 9.34605598449707E-02 
816	 9.37761142849922E-02 
817	 0.094105139374733 
818	 9.43887606263161E-02 
819	 9.46783721446991E-02 
820	 9.49963852763176E-02 
821	 9.52904149889946E-02 
822	 9.55826789140701E-02 
823	 9.58815962076187E-02 
824	 9.61862355470657E-02 
825	 9.64772403240204E-02 
826	 9.67593863606453E-02 
827	 9.70398858189583E-02 
828	 9.73200052976608E-02 
829	 9.75619480013847E-02 
830	 9.78072285652161E-02 
831	 9.80661511421204E-02 
832	 9.83196571469307E-02 
833	 9.85989943146706E-02 
834	 9.88544970750809E-02 
835	 9.90769863128662E-02 
836	 9.93353053927422E-02 
837	 9.95893478393555E-02 
838	 9.98370051383972E-02 
839	 0.100077368319035 
840	 0.100287109613419 
841	 0.100484684109688 
842	 0.100691482424736 
843	 0.100920863449574 
844	 0.101144284009933 
845	 0.101356968283653 
846	 0.10157111287117 
847	 0.101802550256252 
848	 0.101990967988968 
849	 0.102168560028076 
850	 0.102362714707851 
851	 0.102577015757561 
852	 0.102748610079288 
853	 0.102935530245304 
854	 0.103168897330761 
855	 0.103369131684303 
856	 0.103581659495831 
857	 0.103776998817921 
858	 0.103930495679379 
859	 0.104113668203354 
860	 0.104313045740128 
861	 0.104522697627544 
862	 0.104734376072884 
863	 0.104909405112267 
864	 0.105093091726303 
865	 0.105310261249542 
866	 0.105554170906544 
867	 0.105749234557152 
868	 0.105922780930996 
869	 0.106114476919174 
870	 0.106354892253876 
871	 0.106576055288315 
872	 0.106792494654655 
873	 0.10701934248209 
874	 0.107232585549355 
875	 0.107426188886166 
876	 0.107622399926186 
877	 0.10784600675106 
878	 0.108096346259117 
879	 0.108331993222237 
880	 0.108551926910877 
881	 0.108774580061436 
882	 0.108999833464622 
883	 0.109204202890396 
884	 0.109412364661694 
885	 0.109674163162708 
886	 0.10992082208395 
887	 0.110161460936069 
888	 0.110406972467899 
889	 0.110659420490265 
890	 0.110929161310196 
891	 0.111185654997826 
892	 0.111421786248684 
893	 0.111681006848812 
894	 0.111945323646069 
895	 0.112198874354362 
896	 0.112439148128033 
897	 0.112693041563034 
898	 0.112975612282753 
899	 0.113264448940754 
900	 0.113527879118919 
901	 0.113751597702503 
902	 0.114007502794266 
903	 0.114296264946461 
904	 0.114579923450947 
905	 0.114835411310196 
906	 0.115142710506916 
907	 0.115465857088566 
908	 0.115708239376545 
909	 0.116013705730438 
910	 0.116318754851818 
911	 0.11660174280405 
912	 0.116902507841587 
913	 0.117212444543839 
914	 0.117544047534466 
915	 0.117889903485775 
916	 0.118215896189213 
917	 0.118548408150673 
918	 0.118887037038803 
919	 0.119231775403023 
920	 0.119593471288681 
921	 0.119931899011135 
922	 0.120279438793659 
923	 0.120654746890068 
924	 0.120993509888649 
925	 0.121330313384533 
926	 0.12169011682272 
927	 0.122085362672806 
928	 0.122506491839886 
929	 0.122853450477123 
930	 0.123186238110065 
931	 0.123593620955944 
932	 0.123964674770832 
933	 0.124350987374783 
934	 0.124747559428215 
935	 0.125128626823425 
936	 0.125543564558029 
937	 0.125969886779785 
938	 0.126385420560837 
939	 0.12678462266922 
940	 0.12724980711937 
941	 0.127692624926567 
942	 0.128089293837547 
943	 0.128484904766083 
944	 0.128863841295242 
945	 0.129319503903389 
946	 0.129845902323723 
947	 0.130324766039848 
948	 0.130722522735596 
949	 0.131132498383522 
950	 0.131585568189621 
951	 0.132013231515884 
952	 0.132478609681129 
953	 0.132962390780449 
954	 0.133441507816315 
955	 0.133910894393921 
956	 0.134379804134369 
957	 0.134833380579948 
958	 0.135275036096573 
959	 0.135744079947472 
960	 0.136164709925652 
961	 0.136638611555099 
962	 0.137188658118248 
963	 0.137608006596565 
964	 0.138117581605911 
965	 0.13865153491497 
966	 0.139119237661362 
967	 0.139549791812897 
968	 0.13999280333519 
969	 0.140516147017479 
970	 0.141111269593239 
971	 0.141581535339355 
972	 0.142062693834305 
973	 0.142610892653465 
974	 0.143193423748016 
975	 0.143603816628456 
976	 0.144115895032883 
977	 0.144644021987915 
978	 0.145091772079468 
979	 0.145714268088341 
980	 0.14618769288063 
981	 0.146644994616508 
982	 0.147253692150116 
983	 0.147770136594772 
984	 0.148276224732399 
985	 0.148843556642532 
986	 0.149477869272232 
987	 0.149989008903503 
988	 0.150448173284531 
989	 0.150935560464859 
990	 0.151498526334763 
991	 0.152057841420174 
992	 0.15271358191967 
993	 0.153320863842964 
994	 0.153760954737663 
995	 0.154300332069397 
996	 0.154871895909309 
997	 0.155430749058723 
998	 0.155956193804741 
999	 0.156493291258812 
1000	 0.157002612948418 
1001	 0.157295092940331 
1002	 0.157909527420998 
1003	 0.158537179231644 
1004	 0.159076511859894 
1005	 0.159478798508644 
1006	 0.160002768039703 
1007	 0.16054929792881 
1008	 0.161105155944824 
1009	 0.161714687943459 
1010	 0.162281200289726 
1011	 0.162831529974937 
1012	 0.163384616374969 
1013	 0.163908034563065 
1014	 0.164471477270126 
1015	 0.165067791938782 
1016	 0.165632158517838 
1017	 0.166258096694946 
1018	 0.166822582483292 
1019	 0.16737325489521 
1020	 0.167960897088051 
1021	 0.168519541621208 
1022	 0.169049948453903 
1023	 0.169621929526329 
1024	 0.170210957527161 
1025	 0.170785844326019 
1026	 0.171360060572624 
1027	 0.171944007277489 
1028	 0.17253665626049 
1029	 0.173113286495209 
1030	 0.173696115612984 
1031	 0.174305483698845 
1032	 0.174856618046761 
1033	 0.175415948033333 
1034	 0.175999850034714 
1035	 0.176569998264313 
1036	 0.177148804068565 
1037	 0.177761971950531 
1038	 0.17832487821579 
1039	 0.178845927119255 
1040	 0.179411381483078 
1041	 0.179960057139397 
1042	 0.180549472570419 
1043	 0.181193396449089 
1044	 0.181796953082085 
1045	 0.182436928153038 
1046	 0.183097988367081 
1047	 0.183689653873444 
1048	 0.184299021959305 
1049	 0.184854745864868 
1050	 0.18539734184742 
1051	 0.186017110943794 
1052	 0.186625733971596 
1053	 0.187243938446045 
1054	 0.187914922833443 
1055	 0.188525140285492 
1056	 0.189094007015228 
1057	 0.189705491065979 
1058	 0.190316200256348 
1059	 0.190912917256355 
1060	 0.191575363278389 
1061	 0.192201107740402 
1062	 0.192822262644768 
1063	 0.19345560669899 
1064	 0.194039568305016 
1065	 0.194648757576942 
1066	 0.195278272032738 
1067	 0.195870518684387 
1068	 0.196471139788628 
1069	 0.197057276964188 
1070	 0.197671636939049 
1071	 0.198281452059746 
1072	 0.19893741607666 
1073	 0.199559614062309 
1074	 0.200182020664215 
1075	 0.200735434889793 
1076	 0.201238542795181 
1077	 0.201845601201057 
1078	 0.202443167567253 
1079	 0.203072875738144 
1080	 0.203759133815765 
1081	 0.204328283667564 
1082	 0.204892292618752 
1083	 0.205468416213989 
1084	 0.206006765365601 
1085	 0.206628501415253 
1086	 0.207240998744965 
1087	 0.207869157195091 
1088	 0.208481699228287 
1089	 0.209114104509354 
1090	 0.209687516093254 
1091	 0.210262805223465 
1092	 0.210813835263252 
1093	 0.211357370018959 
1094	 0.211969763040543 
1095	 0.21253402531147 
1096	 0.213141277432442 
1097	 0.213785633444786 
1098	 0.214330688118935 
1099	 0.21489879488945 
1100	 0.21546758711338 
1101	 0.216022670269012 
1102	 0.216621190309525 
1103	 0.217188090085983 
1104	 0.217751532793045 
1105	 0.218322947621346 
1106	 0.218889147043228 
1107	 0.219405144453049 
1108	 0.219964444637299 
1109	 0.220534950494766 
1110	 0.221072137355804 
1111	 0.221637338399887 
1112	 0.222186639904976 
1113	 0.222727060317993 
1114	 0.223281294107437 
1115	 0.223817497491837 
1116	 0.224366500973701 
1117	 0.224900513887405 
1118	 0.225439712405205 
1119	 0.225977465510368 
1120	 0.226521506905556 
1121	 0.227061256766319 
1122	 0.227626979351044 
1123	 0.228198707103729 
1124	 0.228716254234314 
1125	 0.229260459542274 
1126	 0.229802966117859 
1127	 0.230333238840103 
1128	 0.230886891484261 
1129	 0.231404587626457 
1130	 0.231936931610107 
1131	 0.232486575841904 
1132	 0.233007803559303 
1133	 0.233540296554565 
1134	 0.234061390161514 
1135	 0.234581246972084 
1136	 0.235078379511833 
1137	 0.235597416758537 
1138	 0.236128598451614 
1139	 0.236667051911354 
1140	 0.237230643630028 
1141	 0.237745076417923 
1142	 0.238245815038681 
1143	 0.238745883107185 
1144	 0.239206999540329 
1145	 0.239701986312866 
1146	 0.240218669176102 
1147	 0.240730836987495 
1148	 0.241251945495605 
1149	 0.241730615496635 
1150	 0.242209911346436 
1151	 0.242687731981277 
1152	 0.243157252669334 
1153	 0.243610247969627 
1154	 0.244085386395454 
1155	 0.24457485973835 
1156	 0.245038777589798 
1157	 0.245503142476082 
1158	 0.245951160788536 
1159	 0.246382251381874 
1160	 0.246805384755135 
1161	 0.247217014431953 
1162	 0.247631326317787 
1163	 0.248039484024048 
1164	 0.248467266559601 
1165	 0.248871505260468 
1166	 0.249241158366203 
1167	 0.249621734023094 
1168	 0.249981999397278 
1169	 0.250374734401703 
1170	 0.250817447900772 
1171	 0.251216292381287 
1172	 0.2516028881073 
1173	 0.251993238925934 
1174	 0.25236502289772 
1175	 0.252737730741501 
1176	 0.253096908330917 
1177	 0.253486722707748 
1178	 0.253888547420502 
1179	 0.254298090934753 
1180	 0.254695534706116 
1181	 0.255106925964355 
1182	 0.255485266447067 
1183	 0.255838215351105 
1184	 0.256218761205673 
1185	 0.256606787443161 
1186	 0.257024586200714 
1187	 0.257473170757294 
1188	 0.257904410362244 
1189	 0.258354306221008 
1190	 0.258800208568573 
1191	 0.259212613105774 
1192	 0.25966277718544 
1193	 0.260136932134628 
1194	 0.26062273979187 
1195	 0.261150002479553 
1196	 0.261652261018753 
1197	 0.262152254581451 
1198	 0.262653350830078 
1199	 0.263156294822693 
1200	 0.263625770807266 
1201	 0.264140009880066 
1202	 0.264661103487015 
1203	 0.265155106782913 
1204	 0.265674471855164 
1205	 0.266179531812668 
1206	 0.266662657260895 
1207	 0.267188102006912 
1208	 0.267736941576004 
1209	 0.268266141414642 
1210	 0.2687948346138 
1211	 0.269347846508026 
1212	 0.269901067018509 
1213	 0.270473033189774 
1214	 0.271077781915665 
1215	 0.271685212850571 
1216	 0.272298663854599 
1217	 0.272906631231308 
1218	 0.273527652025223 
1219	 0.274151861667633 
1220	 0.274754405021667 
1221	 0.275375455617905 
1222	 0.275989383459091 
1223	 0.276599645614624 
1224	 0.277197986841202 
1225	 0.277780920267105 
1226	 0.278362154960632 
1227	 0.278934299945831 
1228	 0.279513031244278 
1229	 0.280099242925644 
1230	 0.280672818422318 
1231	 0.281247109174728 
1232	 0.281808376312256 
1233	 0.282358199357986 
1234	 0.282891154289246 
1235	 0.283403724431992 
1236	 0.283925652503967 
1237	 0.284433484077454 
1238	 0.284952014684677 
1239	 0.285479843616486 
1240	 0.286012411117554 
1241	 0.286544501781464 
1242	 0.287044495344162 
1243	 0.287547737360001 
1244	 0.288040935993195 
1245	 0.288531064987183 
1246	 0.289015769958496 
1247	 0.289499640464783 
1248	 0.289982318878174 
1249	 0.290459781885147 
1250	 0.290928393602371 
1251	 0.291398048400879 
1252	 0.291865706443787 
1253	 0.292330831289291 
1254	 0.292805999517441 
1255	 0.293265104293823 
1256	 0.293717384338379 
1257	 0.294160336256027 
1258	 0.294578701257706 
1259	 0.295009434223175 
1260	 0.29543662071228 
1261	 0.295871645212173 
1262	 0.296305865049362 
1263	 0.296771824359894 
1264	 0.297209680080414 
1265	 0.297639787197113 
1266	 0.298080861568451 
1267	 0.29852494597435 
1268	 0.298950046300888 
1269	 0.299370735883713 
1270	 0.299798876047134 
1271	 0.300205796957016 
1272	 0.300633788108826 
1273	 0.301089555025101 
1274	 0.301526486873627 
1275	 0.301960170269012 
1276	 0.302385360002518 
1277	 0.302802234888077 
1278	 0.303217828273773 
1279	 0.303627848625183 
1280	 0.304032266139984 
1281	 0.304423749446869 
1282	 0.304825395345688 
1283	 0.305229038000107 
1284	 0.305626273155212 
1285	 0.306022793054581 
1286	 0.306424289941788 
1287	 0.306820601224899 
1288	 0.307205617427826 
1289	 0.307602107524872 
1290	 0.308009773492813 
1291	 0.308401525020599 
1292	 0.30879157781601 
1293	 0.309169173240662 
1294	 0.309533327817917 
1295	 0.309897989034653 
1296	 0.310258239507675 
1297	 0.310611009597778 
1298	 0.310950458049774 
1299	 0.311301052570343 
1300	 0.311648279428482 
1301	 0.31199899315834 
1302	 0.312357574701309 
1303	 0.312715351581573 
1304	 0.313077688217163 
1305	 0.313430219888687 
1306	 0.313782036304474 
1307	 0.314128965139389 
1308	 0.314457684755325 
1309	 0.314800262451172 
1310	 0.315132915973663 
1311	 0.315463930368423 
1312	 0.31579402089119 
1313	 0.316127121448517 
1314	 0.316439777612686 
1315	 0.316743224859238 
1316	 0.317046284675598 
1317	 0.317331850528717 
1318	 0.317627966403961 
1319	 0.31793025135994 
1320	 0.318229019641876 
1321	 0.318534851074219 
1322	 0.318819463253021 
1323	 0.319087356328964 
1324	 0.319367617368698 
1325	 0.319640725851059 
1326	 0.319914191961288 
1327	 0.320216327905655 
1328	 0.320480674505234 
1329	 0.320713073015213 
1330	 0.320951342582703 
1331	 0.321176469326019 
1332	 0.321397513151169 
1333	 0.321619302034378 
1334	 0.321835935115814 
1335	 0.322047799825668 
1336	 0.322251468896866 
1337	 0.322448790073395 
1338	 0.322648078203201 
1339	 0.322827577590942 
1340	 0.322991877794266 
1341	 0.323152661323547 
1342	 0.323306828737259 
1343	 0.323449313640594 
1344	 0.323587596416473 
1345	 0.323706716299057 
1346	 0.323815941810608 
1347	 0.323903888463974 
1348	 0.323977112770081 
1349	 0.324031502008438 
1350	 0.324056833982468 
1351	 0.324087172746658 
1352	 0.324111551046371 
1353	 0.324121326208115 
1354	 0.324115723371506 
1355	 0.32411777973175 
1356	 0.324103206396103 
1357	 0.32410129904747 
1358	 0.32410717010498 
1359	 0.324122130870819 
1360	 0.324136674404144 
1361	 0.324163764715195 
1362	 0.324215233325958 
1363	 0.324274361133575 
1364	 0.324358582496643 
1365	 0.324474781751633 
1366	 0.324563711881638 
1367	 0.324661821126938 
1368	 0.324751704931259 
1369	 0.324827253818512 
1370	 0.324907958507538 
1371	 0.325000673532486 
1372	 0.325071334838867 
1373	 0.325143307447433 
1374	 0.325180262327194 
1375	 0.325211018323898 
1376	 0.32519742846489 
1377	 0.325143814086914 
1378	 0.325075179338455 
1379	 0.324957132339478 
1380	 0.324862569570541 
1381	 0.324745267629623 
1382	 0.324657022953033 
1383	 0.324581921100616 
1384	 0.324521034955978 
1385	 0.324476718902588 
1386	 0.32444366812706 
1387	 0.324445307254791 
1388	 0.324422359466553 
1389	 0.324417024850845 
1390	 0.324377328157425 
1391	 0.324301809072495 
1392	 0.324218481779099 
1393	 0.324150919914246 
1394	 0.324061334133148 
1395	 0.323987185955048 
1396	 0.32392942905426 
1397	 0.323857694864273 
1398	 0.323794335126877 
1399	 0.323683530092239 
1400	 0.323574036359787 
1401	 0.323398232460022 
1402	 0.323180288076401 
1403	 0.322914659976959 
1404	 0.322608321905136 
1405	 0.322257280349731 
1406	 0.321857303380966 
1407	 0.321420609951019 
1408	 0.320935636758804 
1409	 0.320425987243652 
1410	 0.319879859685898 
1411	 0.319299697875977 
1412	 0.318664938211441 
1413	 0.31805032491684 
1414	 0.317387819290161 
1415	 0.316771566867828 
1416	 0.316170275211334 
1417	 0.315593987703323 
1418	 0.315039902925491 
1419	 0.314504206180573 
1420	 0.314008980989456 
1421	 0.313505560159683 
1422	 0.313010156154633 
1423	 0.312520921230316 
1424	 0.312047123908997 
1425	 0.311542809009552 
1426	 0.311077177524567 
1427	 0.310613930225372 
1428	 0.310138493776321 
1429	 0.309703409671783 
1430	 0.309271246194839 
1431	 0.308857202529907 
1432	 0.308422327041626 
1433	 0.3080033659935 
1434	 0.307547688484192 
1435	 0.307077199220657 
1436	 0.306569129228592 
1437	 0.3060322701931 
1438	 0.305496782064438 
1439	 0.304913371801376 
1440	 0.304373055696487 
1441	 0.303802371025085 
1442	 0.303341060876846 
1443	 0.302864700555801 
1444	 0.302573323249817 
1445	 0.30236342549324 
1446	 0.302336096763611 
1447	 0.302434831857681 
1448	 0.302715867757797 
1449	 0.303192943334579 
1450	 0.303774237632751 
1451	 0.304565787315369 
1452	 0.305373221635818 
1453	 0.306333750486374 
1454	 0.307244330644608 
1455	 0.30822029709816 
1456	 0.309139579534531 
1457	 0.310057938098907 
1458	 0.310922145843506 
1459	 0.311758488416672 
1460	 0.312542289495468 
1461	 0.31327760219574 
1462	 0.313961237668991 
1463	 0.314580023288727 
1464	 0.315177798271179 
1465	 0.315715700387955 
1466	 0.316261291503906 
1467	 0.316747814416885 
1468	 0.317227005958557 
1469	 0.317680507898331 
1470	 0.318074256181717 
1471	 0.318480521440506 
1472	 0.31887012720108 
1473	 0.31925567984581 
1474	 0.319633901119232 
1475	 0.319997757673264 
1476	 0.320351034402847 
1477	 0.320696622133255 
1478	 0.32102832198143 
1479	 0.321349382400513 
1480	 0.321679919958115 
1481	 0.321956515312195 
1482	 0.322208851575851 
1483	 0.322426408529282 
1484	 0.32259127497673 
1485	 0.322764575481415 
1486	 0.322898656129837 
1487	 0.32307243347168 
1488	 0.323240339756012 
1489	 0.323445171117783 
1490	 0.323652237653732 
1491	 0.323933243751526 
1492	 0.324247419834137 
1493	 0.324621051549912 
1494	 0.325076460838318 
1495	 0.325539171695709 
1496	 0.326029151678085 
1497	 0.326564878225327 
1498	 0.327155321836472 
1499	 0.327744603157043 
1500	 0.328382253646851 
1501	 0.329005032777786 
1502	 0.329646229743958 
1503	 0.330248206853867 
1504	 0.330850630998611 
1505	 0.33141878247261 
1506	 0.331951141357422 
1507	 0.332462728023529 
1508	 0.332955539226532 
1509	 0.333419978618622 
1510	 0.333859801292419 
1511	 0.334263563156128 
1512	 0.334622353315353 
1513	 0.334978073835373 
1514	 0.335311979055405 
1515	 0.335624545812607 
1516	 0.335913091897964 
1517	 0.336205065250397 
1518	 0.336482316255569 
1519	 0.336744725704193 
1520	 0.337013989686966 
1521	 0.337267875671387 
1522	 0.337467014789581 
1523	 0.337651163339615 
1524	 0.337819010019302 
1525	 0.337955474853516 
1526	 0.338100135326386 
1527	 0.338233590126038 
1528	 0.338373452425003 
1529	 0.338508754968643 
1530	 0.338647305965424 
1531	 0.338792711496353 
1532	 0.338923692703247 
1533	 0.339046567678452 
1534	 0.339174747467041 
1535	 0.339286863803864 
1536	 0.339434325695038 
1537	 0.339585453271866 
1538	 0.339779198169708 
1539	 0.339996635913849 
1540	 0.340250700712204 
1541	 0.340541809797287 
1542	 0.340853273868561 
1543	 0.341200917959213 
1544	 0.341555327177048 
1545	 0.341927707195282 
1546	 0.342321634292603 
1547	 0.342739105224609 
1548	 0.343161374330521 
1549	 0.3436059653759 
1550	 0.344051569700241 
1551	 0.344509363174438 
1552	 0.344956934452057 
1553	 0.345417857170105 
1554	 0.345855683088303 
1555	 0.346279203891754 
1556	 0.346696525812149 
1557	 0.347101420164108 
1558	 0.347505182027817 
1559	 0.347906768321991 
1560	 0.348293036222458 
1561	 0.348672479391098 
1562	 0.349040895700455 
1563	 0.349397510290146 
1564	 0.349740743637085 
1565	 0.350070267915726 
1566	 0.350397288799286 
1567	 0.350706100463867 
1568	 0.351022005081177 
1569	 0.351330995559692 
1570	 0.351655632257462 
1571	 0.351997882127762 
1572	 0.352318733930588 
1573	 0.352636277675629 
1574	 0.352957397699356 
1575	 0.353269279003143 
1576	 0.353576511144638 
1577	 0.353888779878616 
1578	 0.354199141263962 
1579	 0.354497134685516 
1580	 0.354795962572098 
1581	 0.355107367038727 
1582	 0.355402946472168 
1583	 0.355682820081711 
1584	 0.355965167284012 
1585	 0.356243252754211 
1586	 0.356520056724548 
1587	 0.356792569160461 
1588	 0.357066124677658 
1589	 0.357337594032288 
1590	 0.357610613107681 
1591	 0.35788306593895 
1592	 0.358159333467484 
1593	 0.358445078134537 
1594	 0.358717352151871 
1595	 0.3589828312397 
1596	 0.359249800443649 
1597	 0.359511137008667 
1598	 0.359769344329834 
1599	 0.36003166437149 
1600	 0.360286414623261 
1601	 0.360524654388428 
1602	 0.360774397850037 
1603	 0.36103081703186 
1604	 0.361280709505081 
1605	 0.361535966396332 
1606	 0.361781746149063 
1607	 0.362022370100021 
1608	 0.36225637793541 
1609	 0.362489730119705 
1610	 0.36270734667778 
1611	 0.362905621528625 
1612	 0.363107472658157 
1613	 0.363298773765564 
1614	 0.363493829965591 
1615	 0.363696604967117 
1616	 0.363888919353485 
1617	 0.364090621471405 
1618	 0.364260941743851 
1619	 0.364406138658524 
1620	 0.364549458026886 
1621	 0.36467507481575 
1622	 0.364789336919785 
1623	 0.364891290664673 
1624	 0.365000009536743 
1625	 0.365107506513596 
1626	 0.365195572376251 
1627	 0.365279346704483 
1628	 0.365355551242828 
1629	 0.365393280982971 
1630	 0.365461498498917 
1631	 0.365549206733704 
1632	 0.365635305643082 
1633	 0.365727573633194 
1634	 0.365827560424805 
1635	 0.365922808647156 
1636	 0.36603781580925 
1637	 0.366169482469559 
1638	 0.366309225559235 
1639	 0.366471022367477 
1640	 0.366627305746078 
1641	 0.366793632507324 
1642	 0.366953015327454 
1643	 0.367122024297714 
1644	 0.367260605096817 
1645	 0.367390841245651 
1646	 0.367497891187668 
1647	 0.367578238248825 
1648	 0.367645025253296 
1649	 0.367704093456268 
1650	 0.367727071046829 
1651	 0.367731004953384 
1652	 0.367696046829224 
1653	 0.367622315883636 
1654	 0.367525517940521 
1655	 0.367396175861359 
1656	 0.367238193750381 
1657	 0.36705818772316 
1658	 0.366836905479431 
1659	 0.366576343774796 
1660	 0.366290271282196 
1661	 0.365970194339752 
1662	 0.365624487400055 
1663	 0.365258127450943 
1664	 0.364841490983963 
1665	 0.36439773440361 
1666	 0.363890826702118 
1667	 0.363350003957748 
1668	 0.362730473279953 
1669	 0.362049847841263 
1670	 0.36129429936409 
1671	 0.360440224409103 
1672	 0.359553962945938 
1673	 0.358616292476654 
1674	 0.35761570930481 
1675	 0.356561601161957 
1676	 0.355476319789886 
1677	 0.354320257902145 
1678	 0.353149712085724 
1679	 0.351939558982849 
1680	 0.350705504417419 
1681	 0.349430799484253 
1682	 0.348149806261063 
1683	 0.346835941076279 
1684	 0.345565229654312 
1685	 0.344298124313354 
1686	 0.343039214611053 
1687	 0.341777354478836 
1688	 0.34055233001709 
1689	 0.339342147111893 
1690	 0.338139593601227 
1691	 0.336966842412949 
1692	 0.335846275091171 
1693	 0.334725648164749 
1694	 0.333684355020523 
1695	 0.332712531089783 
1696	 0.331767201423645 
1697	 0.330878734588623 
1698	 0.329974681138992 
1699	 0.329115450382233 
1700	 0.328254133462906 
1701	 0.327375471591949 
1702	 0.326550155878067 
1703	 0.325738340616226 
1704	 0.324972033500671 
1705	 0.324238687753677 
1706	 0.323513239622116 
1707	 0.322912216186523 
1708	 0.322308152914047 
1709	 0.321733355522156 
1710	 0.321231454610825 
1711	 0.320688933134079 
1712	 0.320191591978073 
1713	 0.319708436727524 
1714	 0.319195926189423 
1715	 0.318726599216461 
1716	 0.318219244480133 
1717	 0.317704021930695 
1718	 0.317203044891357 
1719	 0.316692620515823 
1720	 0.316240608692169 
1721	 0.315807491540909 
1722	 0.315375149250031 
1723	 0.315006911754608 
1724	 0.31465420126915 
1725	 0.314340591430664 
1726	 0.314120024442673 
1727	 0.313947021961212 
1728	 0.31384938955307 
1729	 0.313832104206085 
1730	 0.313877105712891 
1731	 0.314005017280579 
1732	 0.314208596944809 
1733	 0.314450651407242 
1734	 0.314754694700241 
1735	 0.315091371536255 
1736	 0.315421342849731 
1737	 0.315753847360611 
1738	 0.316065698862076 
1739	 0.316291362047195 
1740	 0.316416651010513 
1741	 0.316570371389389 
1742	 0.31669220328331 
1743	 0.31681427359581 
1744	 0.31695619225502 
1745	 0.317069113254547 
1746	 0.317113935947418 
1747	 0.317218810319901 
1748	 0.31732177734375 
1749	 0.317485690116882 
1750	 0.317699611186981 
1751	 0.317969053983688 
1752	 0.318284422159195 
1753	 0.318639069795609 
1754	 0.319049268960953 
1755	 0.319463789463043 
1756	 0.319906234741211 
1757	 0.320370674133301 
1758	 0.32090750336647 
1759	 0.321495354175568 
1760	 0.3221275806427 
1761	 0.32281219959259 
1762	 0.323484867811203 
1763	 0.324219137430191 
1764	 0.325005531311035 
1765	 0.325818508863449 
1766	 0.326715022325516 
1767	 0.327601492404938 
1768	 0.328511953353882 
1769	 0.32943919301033 
1770	 0.330301135778427 
1771	 0.331184297800064 
1772	 0.332010984420776 
1773	 0.332828164100647 
1774	 0.333724170923233 
1775	 0.334548085927963 
1776	 0.335385411977768 
1777	 0.336218655109406 
1778	 0.336941450834274 
1779	 0.337671279907227 
1780	 0.338367402553558 
1781	 0.339008569717407 
1782	 0.339638710021973 
1783	 0.340243607759476 
1784	 0.340852707624435 
1785	 0.341391652822495 
1786	 0.341916561126709 
1787	 0.34241509437561 
1788	 0.342910170555115 
1789	 0.343389987945557 
1790	 0.343876153230667 
1791	 0.344376176595688 
1792	 0.344835966825485 
1793	 0.345261663198471 
1794	 0.345673084259033 
1795	 0.346057653427124 
1796	 0.346405029296875 
1797	 0.34680849313736 
1798	 0.347196757793427 
1799	 0.34754803776741 
1800	 0.347886770963669 
1801	 0.340836554765701 
1802	 0.341406583786011 
1803	 0.341948419809341 
1804	 0.342433333396912 
1805	 0.342887967824936 
1806	 0.34331288933754 
1807	 0.343718856573105 
1808	 0.344077706336975 
1809	 0.344376027584076 
1810	 0.344680935144424 
1811	 0.344950050115585 
1812	 0.345219522714615 
1813	 0.34546971321106 
1814	 0.34574630856514 
1815	 0.345991522073746 
1816	 0.346236824989319 
1817	 0.346484839916229 
1818	 0.346722066402435 
1819	 0.346971869468689 
1820	 0.347230970859528 
1821	 0.347489416599274 
1822	 0.347745656967163 
1823	 0.348025113344193 
1824	 0.348300695419312 
1825	 0.348564624786377 
1826	 0.348816275596619 
1827	 0.349064081907272 
1828	 0.349293887615204 
1829	 0.349505007266998 
1830	 0.349715977907181 
1831	 0.349913537502289 
1832	 0.350123137235641 
1833	 0.35031458735466 
1834	 0.35050904750824 
1835	 0.350681513547897 
1836	 0.350829064846039 
1837	 0.35100531578064 
1838	 0.351162821054459 
1839	 0.351362496614456 
1840	 0.351606458425522 
1841	 0.351843625307083 
1842	 0.352107644081116 
1843	 0.352356284856796 
1844	 0.35258823633194 
1845	 0.352777630090714 
1846	 0.352958381175995 
1847	 0.353134423494339 
1848	 0.353287756443024 
1849	 0.353451997041702 
1850	 0.353554904460907 
1851	 0.353637725114822 
1852	 0.353654712438583 
1853	 0.353606373071671 
1854	 0.353551059961319 
1855	 0.353453546762466 
1856	 0.35333526134491 
1857	 0.353214949369431 
1858	 0.353026419878006 
1859	 0.35279980301857 
1860	 0.352541387081146 
1861	 0.352218806743622 
1862	 0.351848304271698 
1863	 0.3514384329319 
1864	 0.350935935974121 
1865	 0.350388169288635 
1866	 0.349749207496643 
1867	 0.349014520645142 
1868	 0.348239928483963 
1869	 0.347401022911072 
1870	 0.346550524234772 
1871	 0.345646739006042 
1872	 0.344776719808578 
1873	 0.343899995088577 
1874	 0.343026518821716 
1875	 0.342172086238861 
1876	 0.341240525245667 
1877	 0.340331614017487 
1878	 0.339322775602341 
1879	 0.33819904923439 
1880	 0.337090075016022 
1881	 0.335830330848694 
1882	 0.334436357021332 
1883	 0.332989573478699 
1884	 0.331440269947052 
1885	 0.329676777124405 
1886	 0.327892959117889 
1887	 0.325958460569382 
1888	 0.323911011219025 
1889	 0.321956664323807 
1890	 0.319859951734543 
1891	 0.317716985940933 
1892	 0.315544009208679 
1893	 0.313230007886887 
1894	 0.310744822025299 
1895	 0.308312207460403 
1896	 0.305777490139008 
1897	 0.303144842386246 
1898	 0.300660043954849 
1899	 0.298006266355515 
1900	 0.295363157987595 
1901	 0.29274195432663 
1902	 0.289894700050354 
1903	 0.287169218063354 
1904	 0.284398585557938 
1905	 0.281558454036713 
1906	 0.278709262609482 
1907	 0.276084393262863 
1908	 0.273313939571381 
1909	 0.270614475011826 
1910	 0.267965972423553 
1911	 0.265096545219421 
1912	 0.262341171503067 
1913	 0.259587973356247 
1914	 0.256789773702621 
1915	 0.254245847463608 
1916	 0.251909226179123 
1917	 0.249576658010483 
1918	 0.247389167547226 
1919	 0.245446890592575 
1920	 0.243464812636375 
1921	 0.241727784276009 
1922	 0.240100353956223 
1923	 0.238553062081337 
1924	 0.237237960100174 
1925	 0.235948607325554 
1926	 0.234656408429146 
1927	 0.233483076095581 
1928	 0.232212096452713 
1929	 0.230894014239311 
1930	 0.22958667576313 
1931	 0.228265941143036 
1932	 0.226892277598381 
1933	 0.225630432367325 
1934	 0.224354609847069 
1935	 0.223139330744743 
1936	 0.222061142325401 
1937	 0.221078142523766 
1938	 0.220128104090691 
1939	 0.219412833452225 
1940	 0.218833297491074 
1941	 0.21842186152935 
1942	 0.218220829963684 
1943	 0.218178659677505 
1944	 0.21827058494091 
1945	 0.218548193573952 
1946	 0.219007670879364 
1947	 0.219581469893456 
1948	 0.220381423830986 
1949	 0.221399560570717 
1950	 0.222530171275139 
1951	 0.223849609494209 
1952	 0.225302889943123 
1953	 0.22688852250576 
1954	 0.228612884879112 
1955	 0.230576321482658 
1956	 0.232536867260933 
1957	 0.234552755951881 
1958	 0.236598134040833 
1959	 0.238420769572258 
1960	 0.240178495645523 
1961	 0.241776153445244 
1962	 0.243210554122925 
1963	 0.244532689452171 
1964	 0.245738163590431 
1965	 0.246789500117302 
1966	 0.247699663043022 
1967	 0.24850831925869 
1968	 0.249153435230255 
1969	 0.249793484807014 
1970	 0.250390917062759 
1971	 0.250982522964478 
1972	 0.251634776592255 
1973	 0.252291232347488 
1974	 0.252996772527695 
1975	 0.253770500421524 
1976	 0.254541337490082 
1977	 0.255322128534317 
1978	 0.256143450737 
1979	 0.256995409727097 
1980	 0.257847487926483 
1981	 0.258765518665314 
1982	 0.259682536125183 
1983	 0.260667502880096 
1984	 0.261673718690872 
1985	 0.26265811920166 
1986	 0.263740688562393 
1987	 0.264868199825287 
1988	 0.26595550775528 
1989	 0.267253875732422 
1990	 0.26867863535881 
1991	 0.270179182291031 
1992	 0.271812319755554 
1993	 0.273572623729706 
1994	 0.275258898735046 
1995	 0.277115195989609 
1996	 0.278986930847168 
1997	 0.280872523784637 
1998	 0.282831966876984 
1999	 0.284918665885925 
2000	 0.286858856678009 
2001	 0.288887590169907 
2002	 0.290702283382416 
2003	 0.292384058237076 
2004	 0.294026404619217 
2005	 0.295513391494751 
2006	 0.296998769044876 
2007	 0.298504084348679 
2008	 0.299847513437271 
2009	 0.30111762881279 
2010	 0.302345931529999 
2011	 0.303378164768219 
2012	 0.304364234209061 
2013	 0.305296301841736 
2014	 0.30613124370575 
2015	 0.30695316195488 
2016	 0.307743638753891 
2017	 0.308465331792831 
2018	 0.309152066707611 
2019	 0.309767127037048 
2020	 0.310297399759293 
2021	 0.310796678066254 
2022	 0.311255902051926 
2023	 0.311663955450058 
2024	 0.312033832073212 
2025	 0.312333881855011 
2026	 0.312597990036011 
2027	 0.312792360782623 
2028	 0.312974154949188 
2029	 0.31312084197998 
2030	 0.313241839408875 
2031	 0.313325136899948 
2032	 0.313392370939255 
2033	 0.313416481018066 
2034	 0.313443064689636 
2035	 0.313452214002609 
2036	 0.313453674316406 
2037	 0.313452631235123 
2038	 0.313460290431976 
2039	 0.313458859920502 
2040	 0.313454240560532 
2041	 0.3134446144104 
2042	 0.313426792621613 
2043	 0.313416451215744 
2044	 0.31340292096138 
2045	 0.313396215438843 
2046	 0.313396096229553 
2047	 0.313393980264664 
2048	 0.313395798206329 
2049	 0.313394755125046 
2050	 0.313392877578735 
2051	 0.313386797904968 
2052	 0.313390731811523 
2053	 0.313395410776138 
2054	 0.313408464193344 
2055	 0.31344598531723 
2056	 0.313451319932938 
2057	 0.313429802656174 
2058	 0.313444912433624 
2059	 0.313467681407928 
2060	 0.31347581744194 
2061	 0.313510864973068 
2062	 0.313523322343826 
2063	 0.31348904967308 
2064	 0.313491761684418 
2065	 0.31350639462471 
2066	 0.313528656959534 
2067	 0.313577204942703 
2068	 0.31362909078598 
2069	 0.313692986965179 
2070	 0.313776016235352 
2071	 0.313851535320282 
2072	 0.313939094543457 
2073	 0.314012676477432 
2074	 0.314078211784363 
2075	 0.314147859811783 
2076	 0.314217358827591 
2077	 0.31428000330925 
2078	 0.314347565174103 
2079	 0.314401268959045 
2080	 0.314453512430191 
2081	 0.31448569893837 
2082	 0.314509510993958 
2083	 0.314514577388763 
2084	 0.314478486776352 
2085	 0.314441561698914 
2086	 0.314406305551529 
2087	 0.314365595579147 
2088	 0.31430372595787 
2089	 0.31424742937088 
2090	 0.314156740903854 
2091	 0.314017415046692 
2092	 0.313900500535965 
2093	 0.313782066106796 
2094	 0.313658952713013 
2095	 0.313539654016495 
2096	 0.313409805297852 
2097	 0.313273817300797 
2098	 0.313123524188995 
2099	 0.312988638877869 
2100	 0.312827199697495 
2101	 0.312644630670547 
2102	 0.312447667121887 
2103	 0.312244176864624 
2104	 0.312001943588257 
2105	 0.311791718006134 
2106	 0.311606109142303 
2107	 0.31138014793396 
2108	 0.311150312423706 
2109	 0.310901135206223 
2110	 0.310615390539169 
2111	 0.310339868068695 
2112	 0.310045689344406 
2113	 0.30977275967598 
2114	 0.309500366449356 
2115	 0.309240281581879 
2116	 0.308998197317123 
2117	 0.308771818876266 
2118	 0.308522194623947 
2119	 0.308265000581741 
2120	 0.308023661375046 
2121	 0.307774037122726 
2122	 0.307536453008652 
2123	 0.307325690984726 
2124	 0.30708834528923 
2125	 0.306845277547836 
2126	 0.306592881679535 
2127	 0.306334406137466 
2128	 0.306065261363983 
2129	 0.305775552988052 
2130	 0.305492669343948 
2131	 0.305206507444382 
2132	 0.304915845394135 
2133	 0.304632097482681 
2134	 0.304344177246094 
2135	 0.304008543491364 
2136	 0.30366787314415 
2137	 0.303319215774536 
2138	 0.302936673164368 
2139	 0.302580565214157 
2140	 0.302239596843719 
2141	 0.301877319812775 
2142	 0.301510334014893 
2143	 0.301141023635864 
2144	 0.300759434700012 
2145	 0.300384223461151 
2146	 0.300003886222839 
2147	 0.299633949995041 
2148	 0.299276888370514 
2149	 0.298905998468399 
2150	 0.298548430204391 
2151	 0.298168689012527 
2152	 0.297764003276825 
2153	 0.297366410493851 
2154	 0.296942919492722 
2155	 0.296502202749252 
2156	 0.296091228723526 
2157	 0.295687228441238 
2158	 0.295264273881912 
2159	 0.294859141111374 
2160	 0.294429391622543 
2161	 0.29396453499794 
2162	 0.293518871068954 
2163	 0.29306173324585 
2164	 0.292636036872864 
2165	 0.292225897312164 
2166	 0.291815459728241 
2167	 0.291428864002228 
2168	 0.29104083776474 
2169	 0.290623366832733 
2170	 0.290256410837173 
2171	 0.289908021688461 
2172	 0.289594411849976 
2173	 0.289317667484283 
2174	 0.289066165685654 
2175	 0.288849622011185 
2176	 0.288659691810608 
2177	 0.288480907678604 
2178	 0.2883360683918 
2179	 0.288182854652405 
2180	 0.288040459156036 
2181	 0.287898182868958 
2182	 0.287755161523819 
2183	 0.287627100944519 
2184	 0.28753075003624 
2185	 0.287386298179626 
2186	 0.287236988544464 
2187	 0.287070274353027 
2188	 0.286864906549454 
2189	 0.286661297082901 
2190	 0.286448091268539 
2191	 0.286239355802536 
2192	 0.286025553941727 
2193	 0.285801649093628 
2194	 0.285604417324066 
2195	 0.285359859466553 
2196	 0.285087049007416 
2197	 0.284777522087097 
2198	 0.284462213516235 
2199	 0.284146249294281 
2200	 0.28380298614502 
2201	 0.283471494913101 
2202	 0.283052325248718 
2203	 0.282571494579315 
2204	 0.282095104455948 
2205	 0.281545758247375 
2206	 0.281055271625519 
2207	 0.280572056770325 
2208	 0.280107498168945 
2209	 0.279641300439835 
2210	 0.279238730669022 
2211	 0.278884053230286 
2212	 0.278535515069962 
2213	 0.278216242790222 
2214	 0.277931839227676 
2215	 0.27766352891922 
2216	 0.277423977851868 
2217	 0.277278125286102 
2218	 0.277069658041 
2219	 0.276842296123505 
2220	 0.276619434356689 
2221	 0.276370197534561 
2222	 0.276122272014618 
2223	 0.275922536849976 
2224	 0.27567595243454 
2225	 0.275434553623199 
2226	 0.275155663490295 
2227	 0.274763256311417 
2228	 0.274308800697327 
2229	 0.273776918649673 
2230	 0.273136049509048 
2231	 0.272457599639893 
2232	 0.271741151809692 
2233	 0.270912557840347 
2234	 0.270038783550262 
2235	 0.26899379491806 
2236	 0.267808884382248 
2237	 0.266550540924072 
2238	 0.265132427215576 
2239	 0.263678103685379 
2240	 0.262188196182251 
2241	 0.260552495718002 
2242	 0.258851677179337 
2243	 0.256975680589676 
2244	 0.254923492670059 
2245	 0.252804070711136 
2246	 0.250444948673248 
2247	 0.248150646686554 
2248	 0.245831608772278 
2249	 0.243467956781387 
2250	 0.24109522998333 
2251	 0.238733649253845 
2252	 0.236140593886375 
2253	 0.233610406517982 
2254	 0.231044337153435 
2255	 0.228457823395729 
2256	 0.226128771901131 
2257	 0.223777875304222 
2258	 0.221504837274551 
2259	 0.219360649585724 
2260	 0.217151805758476 
2261	 0.214897990226746 
2262	 0.212816014885902 
2263	 0.210719972848892 
2264	 0.208848670125008 
2265	 0.207185611128807 
2266	 0.205541878938675 
2267	 0.204063028097153 
2268	 0.202554374933243 
2269	 0.201067298650742 
2270	 0.199672862887383 
2271	 0.19829785823822 
2272	 0.197033807635307 
2273	 0.195923820137978 
2274	 0.194781646132469 
2275	 0.19374343752861 
2276	 0.192630529403687 
2277	 0.191504389047623 
2278	 0.190362453460693 
2279	 0.18917553126812 
2280	 0.187984883785248 
2281	 0.186803489923477 
2282	 0.185564905405045 
2283	 0.184288918972015 
2284	 0.183014467358589 
2285	 0.18161441385746 
2286	 0.180252522230148 
2287	 0.178877785801888 
2288	 0.17745178937912 
2289	 0.176123648881912 
2290	 0.17478321492672 
2291	 0.173416659235954 
2292	 0.172121405601501 
2293	 0.170796304941177 
2294	 0.169537842273712 
2295	 0.168383881449699 
2296	 0.167206972837448 
2297	 0.166135534644127 
2298	 0.165111020207405 
2299	 0.16423462331295 
2300	 0.163430452346802 
2301	 0.162816047668457 
2302	 0.16234689950943 
2303	 0.162062123417854 
2304	 0.161955431103706 
2305	 0.16197381913662 
2306	 0.162152945995331 
2307	 0.162516430020332 
2308	 0.163012072443962 
2309	 0.163739234209061 
2310	 0.164717867970467 
2311	 0.16582864522934 
2312	 0.167210474610329 
2313	 0.168581515550613 
2314	 0.170131385326385 
2315	 0.171651884913445 
2316	 0.173220559954643 
2317	 0.174754351377487 
2318	 0.176401883363724 
2319	 0.177830442786217 
2320	 0.179251283407211 
2321	 0.180417031049728 
2322	 0.181341201066971 
2323	 0.182187035679817 
2324	 0.182815924286842 
2325	 0.183402717113495 
2326	 0.183917671442032 
2327	 0.184296637773514 
2328	 0.184562653303146 
2329	 0.184726163744926 
2330	 0.184743702411652 
2331	 0.184689804911613 
2332	 0.184543967247009 
2333	 0.184314087033272 
2334	 0.184013888239861 
2335	 0.183678671717644 
2336	 0.183290988206863 
2337	 0.182870432734489 
2338	 0.182444825768471 
2339	 0.181956380605698 
2340	 0.1814945936203 
2341	 0.180997759103775 
2342	 0.180436566472054 
2343	 0.179937481880188 
2344	 0.179475501179695 
2345	 0.179144337773323 
2346	 0.178986266255379 
2347	 0.178985029459 
2348	 0.179158717393875 
2349	 0.179437443614006 
2350	 0.179924100637436 
2351	 0.180607885122299 
2352	 0.181389838457108 
2353	 0.182366296648979 
2354	 0.183274641633034 
2355	 0.184168890118599 
2356	 0.185075283050537 
2357	 0.185868307948112 
2358	 0.186699524521828 
2359	 0.187341526150703 
2360	 0.187826290726662 
2361	 0.18825176358223 
2362	 0.188471868634224 
2363	 0.188637956976891 
2364	 0.188829720020294 
2365	 0.188882231712341 
2366	 0.18888783454895 
2367	 0.18891616165638 
2368	 0.188879296183586 
2369	 0.188865929841995 
2370	 0.188842013478279 
2371	 0.188745245337486 
2372	 0.188674226403236 
2373	 0.188591003417969 
2374	 0.188453868031502 
2375	 0.188281178474426 
2376	 0.188074499368668 
2377	 0.187796548008919 
2378	 0.187436938285828 
2379	 0.187175616621971 
2380	 0.186946868896484 
2381	 0.186611473560333 
2382	 0.186327710747719 
2383	 0.186154961585999 
2384	 0.185820907354355 
2385	 0.185377284884453 
2386	 0.18498383462429 
2387	 0.184513702988625 
2388	 0.1840960085392 
2389	 0.183779865503311 
2390	 0.183337539434433 
2391	 0.182822182774544 
2392	 0.182365611195564 
2393	 0.18185131251812 
2394	 0.181345641613007 
2395	 0.180889755487442 
2396	 0.180387884378433 
2397	 0.179831981658936 
2398	 0.179327428340912 
2399	 0.178867667913437 
2400	 0.178392991423607 
2401	 0.17785456776619 
2402	 0.177446827292442 
2403	 0.177072152495384 
2404	 0.176756456494331 
2405	 0.176444038748741 
2406	 0.175974562764168 
2407	 0.17562447488308 
2408	 0.175223097205162 
2409	 0.174795418977737 
2410	 0.174508765339851 
2411	 0.174097821116447 
2412	 0.173703700304031 
2413	 0.1734359562397 
2414	 0.173190504312515 
2415	 0.172923535108566 
2416	 0.172695711255074 
2417	 0.172428607940674 
2418	 0.172114878892899 
2419	 0.171938300132751 
2420	 0.171787530183792 
2421	 0.171691462397575 
2422	 0.171576023101807 
2423	 0.171322792768478 
2424	 0.171072423458099 
2425	 0.170812800526619 
2426	 0.170625150203705 
2427	 0.17049278318882 
2428	 0.17027173936367 
2429	 0.170019462704659 
2430	 0.169811517000198 
2431	 0.169519975781441 
2432	 0.169180452823639 
2433	 0.168898433446884 
2434	 0.168591797351837 
2435	 0.168300151824951 
2436	 0.168013006448746 
2437	 0.167721122503281 
2438	 0.167333841323853 
2439	 0.167017593979836 
2440	 0.166798070073128 
2441	 0.166380926966667 
2442	 0.166048064827919 
2443	 0.165745750069618 
2444	 0.165245473384857 
2445	 0.164913803339005 
2446	 0.164680570363998 
2447	 0.164190515875816 
2448	 0.163821280002594 
2449	 0.163604632019997 
2450	 0.163066789507866 
2451	 0.162604629993439 
2452	 0.162418395280838 
2453	 0.16202287375927 
2454	 0.161601856350899 
2455	 0.161274909973145 
2456	 0.160765677690506 
2457	 0.160268515348434 
2458	 0.159893840551376 
2459	 0.15946002304554 
2460	 0.158874601125717 
2461	 0.15830984711647 
2462	 0.157899126410484 
2463	 0.157599031925201 
2464	 0.157317757606506 
2465	 0.15710224211216 
2466	 0.156822249293327 
2467	 0.156356900930405 
2468	 0.156243577599525 
2469	 0.156134232878685 
2470	 0.155765056610107 
2471	 0.155663594603539 
2472	 0.155477598309517 
2473	 0.155137538909912 
2474	 0.154992341995239 
2475	 0.154893159866333 
2476	 0.154762268066406 
2477	 0.154757633805275 
2478	 0.155008211731911 
2479	 0.15533672273159 
2480	 0.155411541461945 
2481	 0.155490517616272 
2482	 0.155499994754791 
2483	 0.155489712953568 
2484	 0.155507907271385 
2485	 0.155834272503853 
2486	 0.156119331717491 
2487	 0.156303405761719 
2488	 0.156572997570038 
2489	 0.156685382127762 
2490	 0.156819626688957 
2491	 0.157149985432625 
2492	 0.157432198524475 
2493	 0.157759994268417 
2494	 0.158042624592781 
2495	 0.15824156999588 
2496	 0.158593624830246 
2497	 0.159063830971718 
2498	 0.159290537238121 
2499	 0.15941946208477 
2500	 0.159733682870865 
