Wavelength	Echave.028
350	 7.42067620158196E-02 
351	 7.69467130303383E-02 
352	 8.01685675978661E-02 
353	 7.59143009781837E-02 
354	 7.02575817704201E-02 
355	 6.80315345525742E-02 
356	 6.97275251150131E-02 
357	 7.26526230573654E-02 
358	 6.92738741636276E-02 
359	 6.32774829864502E-02 
360	 0.057915024459362 
361	 5.56001514196396E-02 
362	 5.42279630899429E-02 
363	 5.24193346500397E-02 
364	 5.11902943253517E-02 
365	 5.44668212532997E-02 
366	 0.054785743355751 
367	 5.22909127175808E-02 
368	 4.90676872432232E-02 
369	 4.66355122625828E-02 
370	 4.56179305911064E-02 
371	 4.51130531728268E-02 
372	 4.36392240226269E-02 
373	 4.22141775488853E-02 
374	 4.27064970135689E-02 
375	 4.42598462104797E-02 
376	 4.22894842922688E-02 
377	 4.27797921001911E-02 
378	 4.31685894727707E-02 
379	 4.07932288944721E-02 
380	 3.98858301341534E-02 
381	 3.98294627666473E-02 
382	 3.89624200761318E-02 
383	 0.035825926810503 
384	 3.64346355199814E-02 
385	 3.65178808569908E-02 
386	 3.41815017163754E-02 
387	 3.24796251952648E-02 
388	 3.42752821743488E-02 
389	 3.63509468734264E-02 
390	 0.03520368039608 
391	 3.21776047348976E-02 
392	 3.08935083448887E-02 
393	 0.031187167391181 
394	 3.05940974503756E-02 
395	 3.06496471166611E-02 
396	 3.09141781181097E-02 
397	 3.07850986719131E-02 
398	 2.97598317265511E-02 
399	 0.02824741974473 
400	 2.73294113576412E-02 
401	 0.027575608342886 
402	 2.68033351749182E-02 
403	 2.69858650863171E-02 
404	 2.75738798081875E-02 
405	 2.63608433306217E-02 
406	 2.54046730697155E-02 
407	 2.55851522088051E-02 
408	 2.64202486723661E-02 
409	 2.51691862940788E-02 
410	 2.47395597398281E-02 
411	 2.46028080582619E-02 
412	 2.36287768930197E-02 
413	 2.33824215829372E-02 
414	 2.35921498388052E-02 
415	 2.36933585256338E-02 
416	 2.30352655053139E-02 
417	 2.24882960319519E-02 
418	 2.22727041691542E-02 
419	 2.23099198192358E-02 
420	 2.22075153142214E-02 
421	 2.17425394803286E-02 
422	 2.13237777352333E-02 
423	 2.14564874768257E-02 
424	 2.15155780315399E-02 
425	 2.13374681770802E-02 
426	 2.10824105888605E-02 
427	 2.12075840681791E-02 
428	 2.13556904345751E-02 
429	 2.11812257766724E-02 
430	 2.06668358296156E-02 
431	 2.07287166267633E-02 
432	 2.06421688199043E-02 
433	 2.03112680464983E-02 
434	 2.00278274714947E-02 
435	 2.01498847454786E-02 
436	 0.020184937864542 
437	 2.00062207877636E-02 
438	 2.02031917870045E-02 
439	 0.020059660077095 
440	 1.96770243346691E-02 
441	 1.94067023694515E-02 
442	 1.95834133774042E-02 
443	 1.97430476546288E-02 
444	 1.97025071829557E-02 
445	 1.95422098040581E-02 
446	 1.94452162832022E-02 
447	 1.95240303874016E-02 
448	 1.96846202015877E-02 
449	 1.93799454718828E-02 
450	 1.93991474807262E-02 
451	 1.96026600897312E-02 
452	 0.019571328535676 
453	 1.95442922413349E-02 
454	 1.95165574550629E-02 
455	 1.94646846503019E-02 
456	 1.93635951727629E-02 
457	 1.93731617182493E-02 
458	 1.93751845508814E-02 
459	 1.92872490733862E-02 
460	 1.93128418177366E-02 
461	 1.94279327988625E-02 
462	 1.94997228682041E-02 
463	 1.93750150501728E-02 
464	 1.92824713885784E-02 
465	 1.92320831120014E-02 
466	 0.019240228459239 
467	 1.93759892135859E-02 
468	 1.95509400218725E-02 
469	 1.95925943553448E-02 
470	 1.94155089557171E-02 
471	 1.93493310362101E-02 
472	 1.93121079355478E-02 
473	 1.92730594426394E-02 
474	 1.92509889602661E-02 
475	 1.92432552576065E-02 
476	 1.92931722849607E-02 
477	 1.93885061889887E-02 
478	 1.93827245384455E-02 
479	 1.93596556782722E-02 
480	 1.93044617772102E-02 
481	 1.91967561841011E-02 
482	 1.92132350057364E-02 
483	 0.019156776368618 
484	 1.90128721296787E-02 
485	 1.89986284822226E-02 
486	 1.90796218812466E-02 
487	 0.019234562292695 
488	 1.93964671343565E-02 
489	 1.93569958209991E-02 
490	 1.93839576095343E-02 
491	 1.94115806370974E-02 
492	 1.92290842533112E-02 
493	 1.92398298531771E-02 
494	 1.93142164498568E-02 
495	 0.019362511113286 
496	 1.94778237491846E-02 
497	 1.94932408630848E-02 
498	 1.94503925740719E-02 
499	 0.019457284361124 
500	 1.96181610226631E-02 
501	 0.019601583480835 
502	 1.94575898349285E-02 
503	 1.95601042360067E-02 
504	 1.96425523608923E-02 
505	 1.96736995130777E-02 
506	 1.96791589260101E-02 
507	 0.019722443073988 
508	 1.97140201926231E-02 
509	 1.96823459118605E-02 
510	 1.97025034576654E-02 
511	 1.97745487093925E-02 
512	 1.98573712259531E-02 
513	 1.99008863419294E-02 
514	 1.98470521718264E-02 
515	 1.99158787727356E-02 
516	 1.99727360159159E-02 
517	 1.99033133685589E-02 
518	 2.00051851570606E-02 
519	 2.00792960822582E-02 
520	 2.01171860098839E-02 
521	 2.02330239117146E-02 
522	 2.02821549028158E-02 
523	 2.03004758805037E-02 
524	 2.03354470431805E-02 
525	 2.04029586166143E-02 
526	 0.020516300573945 
527	 2.06447765231133E-02 
528	 0.020746860653162 
529	 2.08210404962301E-02 
530	 2.09091175347567E-02 
531	 2.10273656994104E-02 
532	 2.11611799895763E-02 
533	 2.12648063898087E-02 
534	 2.13673729449511E-02 
535	 2.14980114251375E-02 
536	 2.16323491185904E-02 
537	 2.18046046793461E-02 
538	 2.19649001955986E-02 
539	 2.20420956611633E-02 
540	 2.22169775515795E-02 
541	 2.24196948111057E-02 
542	 2.25890893489122E-02 
543	 2.27230302989483E-02 
544	 2.28784400969744E-02 
545	 2.30361167341471E-02 
546	 2.31628175824881E-02 
547	 2.32776366174221E-02 
548	 2.33991891145706E-02 
549	 2.35302336513996E-02 
550	 2.36599780619144E-02 
551	 2.38083563745022E-02 
552	 2.39715464413166E-02 
553	 2.41310242563486E-02 
554	 2.42318082600832E-02 
555	 0.024410292506218 
556	 2.46199481189251E-02 
557	 2.47490257024765E-02 
558	 2.49251909554005E-02 
559	 2.51214411109686E-02 
560	 2.53227539360523E-02 
561	 2.55510583519936E-02 
562	 2.58023999631405E-02 
563	 2.60489210486412E-02 
564	 2.62772738933563E-02 
565	 2.65549644827843E-02 
566	 2.68288552761078E-02 
567	 2.70827431231737E-02 
568	 2.73366458714008E-02 
569	 2.76864860206842E-02 
570	 2.80063562095165E-02 
571	 0.028243001550436 
572	 0.028567822650075 
573	 2.89205852895975E-02 
574	 2.92805545032024E-02 
575	 2.96455882489681E-02 
576	 3.00593301653862E-02 
577	 3.04418597370386E-02 
578	 3.08052860200405E-02 
579	 3.12709957361221E-02 
580	 3.17474231123924E-02 
581	 3.21893654763699E-02 
582	 3.26016470789909E-02 
583	 3.31053547561169E-02 
584	 0.033596932888031 
585	 3.40827703475952E-02 
586	 3.46233658492565E-02 
587	 3.51385697722435E-02 
588	 3.56196090579033E-02 
589	 3.60896363854408E-02 
590	 3.66068631410599E-02 
591	 3.71235236525536E-02 
592	 3.76215875148773E-02 
593	 3.81005369126797E-02 
594	 3.85872162878513E-02 
595	 3.90865318477154E-02 
596	 3.95981706678867E-02 
597	 4.01149056851864E-02 
598	 4.05891239643097E-02 
599	 0.041065726429224 
600	 4.15720492601395E-02 
601	 4.20463085174561E-02 
602	 0.042536985129118 
603	 4.30357679724693E-02 
604	 4.35160994529724E-02 
605	 4.40104827284813E-02 
606	 4.44950424134731E-02 
607	 4.49665039777756E-02 
608	 0.045451395213604 
609	 0.045906700193882 
610	 4.63359802961349E-02 
611	 4.67614382505417E-02 
612	 4.72255498170853E-02 
613	 4.76463325321674E-02 
614	 4.80408668518066E-02 
615	 4.84845973551273E-02 
616	 4.89288717508316E-02 
617	 4.93666157126427E-02 
618	 4.97918464243412E-02 
619	 5.01899868249893E-02 
620	 5.05945645272732E-02 
621	 5.10163344442844E-02 
622	 5.14479093253613E-02 
623	 5.18342405557632E-02 
624	 5.22563867270947E-02 
625	 5.27027919888496E-02 
626	 5.30772246420383E-02 
627	 5.34741096198559E-02 
628	 5.38749396800995E-02 
629	 5.42682819068432E-02 
630	 5.47209978103638E-02 
631	 5.51253706216812E-02 
632	 5.54919354617596E-02 
633	 5.58808818459511E-02 
634	 0.056288730353117 
635	 5.66942505538464E-02 
636	 5.70796281099319E-02 
637	 0.057433508336544 
638	 0.057838749140501 
639	 5.82582615315914E-02 
640	 0.058647632598877 
641	 5.90440966188908E-02 
642	 5.94472661614418E-02 
643	 5.98521754145622E-02 
644	 6.02524168789387E-02 
645	 6.06566146016121E-02 
646	 6.10530152916908E-02 
647	 6.14395812153816E-02 
648	 6.18314854800701E-02 
649	 6.22565969824791E-02 
650	 6.26746565103531E-02 
651	 6.30496069788933E-02 
652	 6.34584352374077E-02 
653	 6.38709962368011E-02 
654	 6.42684400081635E-02 
655	 6.46469295024872E-02 
656	 6.50406628847122E-02 
657	 6.54606074094772E-02 
658	 6.58986791968346E-02 
659	 6.63171634078026E-02 
660	 6.67445808649063E-02 
661	 6.71669244766235E-02 
662	 6.75616562366486E-02 
663	 6.79366886615753E-02 
664	 6.83699995279312E-02 
665	 6.88513889908791E-02 
666	 6.92827999591827E-02 
667	 6.97217956185341E-02 
668	 7.01554790139198E-02 
669	 7.05739483237267E-02 
670	 7.10080564022064E-02 
671	 7.14445561170578E-02 
672	 7.18968361616135E-02 
673	 7.23785236477852E-02 
674	 7.28157311677933E-02 
675	 7.32710883021355E-02 
676	 7.37582594156265E-02 
677	 7.42192342877388E-02 
678	 7.46743604540825E-02 
679	 7.51357898116112E-02 
680	 0.075610525906086 
681	 7.60928690433502E-02 
682	 7.66088366508484E-02 
683	 7.71218910813332E-02 
684	 7.75777027010918E-02 
685	 7.80774056911469E-02 
686	 7.85795152187347E-02 
687	 7.90655463933945E-02 
688	 7.95698910951614E-02 
689	 8.00762698054314E-02 
690	 8.05768221616745E-02 
691	 8.10822024941444E-02 
692	 8.16640555858612E-02 
693	 8.22119936347008E-02 
694	 8.27111974358559E-02 
695	 8.32119584083557E-02 
696	 8.37306380271912E-02 
697	 8.42672437429428E-02 
698	 8.48155245184898E-02 
699	 8.53662937879562E-02 
700	 8.59161019325256E-02 
701	 8.64529088139534E-02 
702	 8.69747400283813E-02 
703	 8.75166356563568E-02 
704	 8.80931466817856E-02 
705	 8.86644497513771E-02 
706	 8.91674309968948E-02 
707	 8.96971449255943E-02 
708	 9.02349948883057E-02 
709	 9.07693430781364E-02 
710	 9.13262516260147E-02 
711	 9.18608531355858E-02 
712	 9.23869386315346E-02 
713	 9.29273441433907E-02 
714	 9.34634581208229E-02 
715	 9.40013900399208E-02 
716	 9.45360586047173E-02 
717	 9.50559228658676E-02 
718	 9.55852642655373E-02 
719	 9.60918962955475E-02 
720	 9.65736359357834E-02 
721	 9.70899239182472E-02 
722	 9.76342260837555E-02 
723	 9.81691479682922E-02 
724	 0.098667711019516 
725	 9.91915687918663E-02 
726	 9.96896922588348E-02 
727	 0.100175604224205 
728	 0.10070026665926 
729	 0.101193189620972 
730	 0.101682513952255 
731	 0.102184601128101 
732	 0.102674141526222 
733	 0.103167064487934 
734	 0.10366228222847 
735	 0.104160644114017 
736	 0.104693233966827 
737	 0.105177015066147 
738	 0.105633847415447 
739	 0.106144696474075 
740	 0.106633916497231 
741	 0.107124425470829 
742	 0.107623070478439 
743	 0.10809563845396 
744	 0.108582369983196 
745	 0.109070017933846 
746	 0.109544232487679 
747	 0.110041350126266 
748	 0.110518999397755 
749	 0.110990345478058 
750	 0.111490577459335 
751	 0.111951380968094 
752	 0.112425051629543 
753	 0.112920463085175 
754	 0.113376699388027 
755	 0.113852009177208 
756	 0.114331632852554 
757	 0.114796154201031 
758	 0.11526034027338 
759	 0.115734405815601 
760	 0.116205208003521 
761	 0.116654545068741 
762	 0.117115885019302 
763	 0.117559663951397 
764	 0.118004396557808 
765	 0.118518389761448 
766	 0.118999175727367 
767	 0.119440518319607 
768	 0.11986943334341 
769	 0.120342925190926 
770	 0.12081241607666 
771	 0.121271356940269 
772	 0.12172757089138 
773	 0.122183240950108 
774	 0.122627854347229 
775	 0.123071439564228 
776	 0.123539142310619 
777	 0.124019682407379 
778	 0.124478898942471 
779	 0.124907359480858 
780	 0.125339686870575 
781	 0.125770464539528 
782	 0.126221224665642 
783	 0.126698583364487 
784	 0.127134293317795 
785	 0.127583712339401 
786	 0.128043428063393 
787	 0.128480479121208 
788	 0.128919780254364 
789	 0.129373013973236 
790	 0.12982302904129 
791	 0.130225285887718 
792	 0.130672752857208 
793	 0.131123259663582 
794	 0.131544843316078 
795	 0.132005348801613 
796	 0.132433369755745 
797	 0.132842496037483 
798	 0.133272930979729 
799	 0.13372939825058 
800	 0.134161293506622 
801	 0.134561657905579 
802	 0.13496059179306 
803	 0.13536573946476 
804	 0.135794833302498 
805	 0.136237904429436 
806	 0.13664510846138 
807	 0.137065723538399 
808	 0.137490600347519 
809	 0.137902170419693 
810	 0.138303101062775 
811	 0.138700500130653 
812	 0.139107450842857 
813	 0.139533951878548 
814	 0.139962300658226 
815	 0.140384182333946 
816	 0.140791445970535 
817	 0.141178235411644 
818	 0.141573011875153 
819	 0.141975283622742 
820	 0.14237929880619 
821	 0.142779186367989 
822	 0.143157124519348 
823	 0.143547847867012 
824	 0.143972232937813 
825	 0.144361704587936 
826	 0.14476577937603 
827	 0.145177736878395 
828	 0.145568668842316 
829	 0.145944982767105 
830	 0.146342128515244 
831	 0.14675210416317 
832	 0.147130846977234 
833	 0.147495105862617 
834	 0.147865131497383 
835	 0.148254171013832 
836	 0.148663386702538 
837	 0.149034082889557 
838	 0.149384811520576 
839	 0.149753093719482 
840	 0.150174051523209 
841	 0.150548443198204 
842	 0.150894045829773 
843	 0.151268824934959 
844	 0.151661857962608 
845	 0.152034312486649 
846	 0.152397751808167 
847	 0.15279458463192 
848	 0.153186112642288 
849	 0.153524994850159 
850	 0.153837472200394 
851	 0.154232859611511 
852	 0.15461029112339 
853	 0.154992982745171 
854	 0.155386582016945 
855	 0.155703440308571 
856	 0.156072095036507 
857	 0.156464785337448 
858	 0.156826347112656 
859	 0.157198399305344 
860	 0.157574936747551 
861	 0.157947272062302 
862	 0.158309444785118 
863	 0.158684238791466 
864	 0.159061342477798 
865	 0.159438624978065 
866	 0.159819096326828 
867	 0.160153344273567 
868	 0.160486310720444 
869	 0.160848498344421 
870	 0.161230698227882 
871	 0.16161248087883 
872	 0.162000089883804 
873	 0.162392377853394 
874	 0.162758573889732 
875	 0.163136661052704 
876	 0.163501560688019 
877	 0.163836985826492 
878	 0.164225295186043 
879	 0.164615780115128 
880	 0.164981529116631 
881	 0.165320843458176 
882	 0.165690332651138 
883	 0.166051208972931 
884	 0.166407629847527 
885	 0.166796758770943 
886	 0.167212665081024 
887	 0.167579561471939 
888	 0.167896419763565 
889	 0.168250560760498 
890	 0.168603226542473 
891	 0.168978855013847 
892	 0.169378146529198 
893	 0.169747114181519 
894	 0.170140400528908 
895	 0.170506700873375 
896	 0.17081843316555 
897	 0.171171054244041 
898	 0.171548262238503 
899	 0.171925410628319 
900	 0.17227940261364 
901	 0.172606691718102 
902	 0.172984316945076 
903	 0.173383310437202 
904	 0.173735246062279 
905	 0.17407850921154 
906	 0.174452140927315 
907	 0.174845114350319 
908	 0.175215736031532 
909	 0.175594687461853 
910	 0.175933480262756 
911	 0.1762565523386 
912	 0.1766577064991 
913	 0.177084773778915 
914	 0.177482485771179 
915	 0.177846670150757 
916	 0.178241059184074 
917	 0.178629726171494 
918	 0.179022237658501 
919	 0.179411768913269 
920	 0.179747849702835 
921	 0.18007904291153 
922	 0.180482149124146 
923	 0.180958181619644 
924	 0.181310936808586 
925	 0.181662455201149 
926	 0.182038336992264 
927	 0.182428762316704 
928	 0.182812243700027 
929	 0.183203369379044 
930	 0.183587238192558 
931	 0.183945775032043 
932	 0.184293448925018 
933	 0.184719547629356 
934	 0.18515220284462 
935	 0.185481339693069 
936	 0.185903996229172 
937	 0.186324149370193 
938	 0.186701074242592 
939	 0.187059059739113 
940	 0.187497556209564 
941	 0.187904894351959 
942	 0.188263610005379 
943	 0.188647285103798 
944	 0.189017713069916 
945	 0.189356997609138 
946	 0.189717575907707 
947	 0.19019016623497 
948	 0.190493389964104 
949	 0.190828502178192 
950	 0.191280424594879 
951	 0.191698372364044 
952	 0.19204369187355 
953	 0.192408502101898 
954	 0.192819148302078 
955	 0.19317053258419 
956	 0.193462699651718 
957	 0.193824708461761 
958	 0.194282039999962 
959	 0.194644495844841 
960	 0.194966778159142 
961	 0.195315986871719 
962	 0.195706814527512 
963	 0.196043640375137 
964	 0.196383729577065 
965	 0.196779191493988 
966	 0.197223708033562 
967	 0.197592169046402 
968	 0.197910040616989 
969	 0.198246493935585 
970	 0.198639407753944 
971	 0.1990085542202 
972	 0.199433639645576 
973	 0.199854910373688 
974	 0.200209066271782 
975	 0.200541809201241 
976	 0.200901582837105 
977	 0.201284855604172 
978	 0.201689407229424 
979	 0.202193066477776 
980	 0.202569708228111 
981	 0.202874332666397 
982	 0.203230142593384 
983	 0.203637346625328 
984	 0.203973516821861 
985	 0.204355895519257 
986	 0.204876452684402 
987	 0.205258697271347 
988	 0.205576047301292 
989	 0.205979496240616 
990	 0.206501916050911 
991	 0.206679686903954 
992	 0.207032829523087 
993	 0.207567498087883 
994	 0.20809169113636 
995	 0.208480641245842 
996	 0.208822265267372 
997	 0.209123700857162 
998	 0.209416776895523 
999	 0.209908440709114 
1000	 0.210363537073135 
1001	 0.206599771976471 
1002	 0.206975862383842 
1003	 0.207354456186295 
1004	 0.207721382379532 
1005	 0.208084747195244 
1006	 0.208416223526001 
1007	 0.20872451364994 
1008	 0.209056317806244 
1009	 0.209335058927536 
1010	 0.209696382284164 
1011	 0.210144609212875 
1012	 0.210542753338814 
1013	 0.210987523198128 
1014	 0.211362838745117 
1015	 0.211683332920074 
1016	 0.211978822946548 
1017	 0.212314546108246 
1018	 0.212612047791481 
1019	 0.212974965572357 
1020	 0.213351786136627 
1021	 0.213710770010948 
1022	 0.21407562494278 
1023	 0.214433580636978 
1024	 0.21477784216404 
1025	 0.215128496289253 
1026	 0.215471133589745 
1027	 0.21581643819809 
1028	 0.216162502765656 
1029	 0.2165207862854 
1030	 0.216894119977951 
1031	 0.217277035117149 
1032	 0.217638164758682 
1033	 0.218028619885445 
1034	 0.218417227268219 
1035	 0.218778282403946 
1036	 0.219146817922592 
1037	 0.219532802700996 
1038	 0.219880551099777 
1039	 0.220192462205887 
1040	 0.220551401376724 
1041	 0.220922976732254 
1042	 0.22128988802433 
1043	 0.221685409545898 
1044	 0.222043380141258 
1045	 0.222405403852463 
1046	 0.222796589136124 
1047	 0.223144263029099 
1048	 0.223523452877998 
1049	 0.223920628428459 
1050	 0.224253788590431 
1051	 0.224646329879761 
1052	 0.225068897008896 
1053	 0.225450843572617 
1054	 0.22581148147583 
1055	 0.226175516843796 
1056	 0.226521834731102 
1057	 0.226863130927086 
1058	 0.227194100618362 
1059	 0.227533623576164 
1060	 0.227853178977966 
1061	 0.2281743735075 
1062	 0.228520333766937 
1063	 0.228870585560799 
1064	 0.229212194681168 
1065	 0.229558348655701 
1066	 0.229893788695335 
1067	 0.230219602584839 
1068	 0.230573996901512 
1069	 0.230920791625977 
1070	 0.231260001659393 
1071	 0.231589645147324 
1072	 0.231921643018723 
1073	 0.23224575817585 
1074	 0.232597559690475 
1075	 0.232922703027725 
1076	 0.233238726854324 
1077	 0.233614847064018 
1078	 0.233943343162537 
1079	 0.234268307685852 
1080	 0.234638422727585 
1081	 0.2349663823843 
1082	 0.235278606414795 
1083	 0.235615089535713 
1084	 0.235979422926903 
1085	 0.236314296722412 
1086	 0.236638426780701 
1087	 0.236961901187897 
1088	 0.237307205796242 
1089	 0.237605541944504 
1090	 0.237895920872688 
1091	 0.238218948245049 
1092	 0.238512381911278 
1093	 0.238824024796486 
1094	 0.239198297262192 
1095	 0.239535510540009 
1096	 0.23988264799118 
1097	 0.240237191319466 
1098	 0.24051308631897 
1099	 0.240803226828575 
1100	 0.241135612130165 
1101	 0.241468578577042 
1102	 0.24180893599987 
1103	 0.242139741778374 
1104	 0.24247944355011 
1105	 0.242808237671852 
1106	 0.243121638894081 
1107	 0.243413388729095 
1108	 0.243727251887321 
1109	 0.244037598371506 
1110	 0.244348466396332 
1111	 0.244695007801056 
1112	 0.245014980435371 
1113	 0.245330557227135 
1114	 0.245639279484749 
1115	 0.245914459228516 
1116	 0.246217846870422 
1117	 0.246522352099419 
1118	 0.246834367513657 
1119	 0.247167736291885 
1120	 0.247482270002365 
1121	 0.24778813123703 
1122	 0.248102724552155 
1123	 0.248430669307709 
1124	 0.248739451169968 
1125	 0.249078065156937 
1126	 0.249394908547401 
1127	 0.249661982059479 
1128	 0.249962210655212 
1129	 0.250280886888504 
1130	 0.250602573156357 
1131	 0.250945538282394 
1132	 0.251239955425262 
1133	 0.251490145921707 
1134	 0.251739650964737 
1135	 0.252007365226746 
1136	 0.2522893846035 
1137	 0.252555906772614 
1138	 0.252823203802109 
1139	 0.253095388412476 
1140	 0.253364562988281 
1141	 0.253610044717789 
1142	 0.253883451223373 
1143	 0.254154652357101 
1144	 0.254392355680466 
1145	 0.254632771015167 
1146	 0.254853367805481 
1147	 0.255064070224762 
1148	 0.255297690629959 
1149	 0.255525350570679 
1150	 0.255745381116867 
1151	 0.255958497524261 
1152	 0.256162822246552 
1153	 0.256348341703415 
1154	 0.256534576416016 
1155	 0.256725341081619 
1156	 0.256899982690811 
1157	 0.25705298781395 
1158	 0.257209211587906 
1159	 0.25736677646637 
1160	 0.257512509822845 
1161	 0.25763788819313 
1162	 0.257779896259308 
1163	 0.257878184318542 
1164	 0.257978796958923 
1165	 0.258116573095322 
1166	 0.258227407932281 
1167	 0.258364617824554 
1168	 0.258520036935806 
1169	 0.258672505617142 
1170	 0.258825927972794 
1171	 0.258991867303848 
1172	 0.25916388630867 
1173	 0.259346097707748 
1174	 0.259552955627441 
1175	 0.259730696678162 
1176	 0.25990018248558 
1177	 0.260068237781525 
1178	 0.260211139917374 
1179	 0.260382473468781 
1180	 0.26053860783577 
1181	 0.260703802108765 
1182	 0.260901302099228 
1183	 0.261071503162384 
1184	 0.261246830224991 
1185	 0.261454492807388 
1186	 0.261657923460007 
1187	 0.261850416660309 
1188	 0.262061327695847 
1189	 0.262296080589294 
1190	 0.262521743774414 
1191	 0.262741297483444 
1192	 0.262979924678802 
1193	 0.263226985931396 
1194	 0.263479977846146 
1195	 0.263739556074142 
1196	 0.264011085033417 
1197	 0.264291375875473 
1198	 0.264588445425034 
1199	 0.264870434999466 
1200	 0.265155494213104 
1201	 0.265440434217453 
1202	 0.265694320201874 
1203	 0.265959948301315 
1204	 0.266251534223557 
1205	 0.266536146402359 
1206	 0.266813606023788 
1207	 0.267115712165833 
1208	 0.267425447702408 
1209	 0.267748147249222 
1210	 0.268080323934555 
1211	 0.268434822559357 
1212	 0.268816530704498 
1213	 0.269197195768356 
1214	 0.269582062959671 
1215	 0.269993633031845 
1216	 0.27043542265892 
1217	 0.27085417509079 
1218	 0.27128991484642 
1219	 0.271713823080063 
1220	 0.272110849618912 
1221	 0.272521793842316 
1222	 0.272933900356293 
1223	 0.273377746343613 
1224	 0.273798316717148 
1225	 0.274221450090408 
1226	 0.274618685245514 
1227	 0.274995356798172 
1228	 0.275380492210388 
1229	 0.275754153728485 
1230	 0.276134788990021 
1231	 0.276526182889938 
1232	 0.276905179023743 
1233	 0.277275085449219 
1234	 0.277641832828522 
1235	 0.27800041437149 
1236	 0.278365403413773 
1237	 0.278737664222717 
1238	 0.279096812009811 
1239	 0.279445201158524 
1240	 0.279806703329086 
1241	 0.28015261888504 
1242	 0.280473381280899 
1243	 0.280818670988083 
1244	 0.281174689531326 
1245	 0.281511813402176 
1246	 0.281860798597336 
1247	 0.282180488109589 
1248	 0.282474189996719 
1249	 0.282773196697235 
1250	 0.28305658698082 
1251	 0.283346623182297 
1252	 0.283643007278442 
1253	 0.283925652503967 
1254	 0.284213423728943 
1255	 0.284479945898056 
1256	 0.284710705280304 
1257	 0.284970909357071 
1258	 0.28523451089859 
1259	 0.285495579242706 
1260	 0.28576523065567 
1261	 0.286045223474503 
1262	 0.286312848329544 
1263	 0.286606222391129 
1264	 0.286906987428665 
1265	 0.287239223718643 
1266	 0.287539213895798 
1267	 0.287838459014893 
1268	 0.288121312856674 
1269	 0.288377493619919 
1270	 0.288656622171402 
1271	 0.288941025733948 
1272	 0.289218813180923 
1273	 0.289494603872299 
1274	 0.289784520864487 
1275	 0.290073931217194 
1276	 0.290364235639572 
1277	 0.290693044662476 
1278	 0.290973544120789 
1279	 0.291212975978851 
1280	 0.291469156742096 
1281	 0.291707277297974 
1282	 0.291949987411499 
1283	 0.292206466197968 
1284	 0.292455106973648 
1285	 0.292698442935944 
1286	 0.292928457260132 
1287	 0.293171286582947 
1288	 0.29341784119606 
1289	 0.29366073012352 
1290	 0.2939133644104 
1291	 0.294140845537186 
1292	 0.294358551502228 
1293	 0.294567108154297 
1294	 0.294749349355698 
1295	 0.294951289892197 
1296	 0.295156836509705 
1297	 0.295359551906586 
1298	 0.295564234256744 
1299	 0.295771807432175 
1300	 0.295984536409378 
1301	 0.29618513584137 
1302	 0.296383261680603 
1303	 0.296580940485001 
1304	 0.29676416516304 
1305	 0.296954870223999 
1306	 0.297147542238235 
1307	 0.297347366809845 
1308	 0.297548115253448 
1309	 0.297763973474503 
1310	 0.297952681779861 
1311	 0.298143208026886 
1312	 0.298316448926926 
1313	 0.298460006713867 
1314	 0.298627912998199 
1315	 0.298800200223923 
1316	 0.298972398042679 
1317	 0.29915052652359 
1318	 0.299325913190842 
1319	 0.29950287938118 
1320	 0.299673825502396 
1321	 0.299843341112137 
1322	 0.300009459257126 
1323	 0.300169289112091 
1324	 0.300330758094788 
1325	 0.300500333309174 
1326	 0.3006531894207 
1327	 0.30079573392868 
1328	 0.300936937332153 
1329	 0.30107170343399 
1330	 0.301198333501816 
1331	 0.301322877407074 
1332	 0.301440358161926 
1333	 0.301547706127167 
1334	 0.301649659872055 
1335	 0.301744401454926 
1336	 0.301833927631378 
1337	 0.301920205354691 
1338	 0.301995426416397 
1339	 0.302078604698181 
1340	 0.302166879177094 
1341	 0.302244126796722 
1342	 0.302319973707199 
1343	 0.302389621734619 
1344	 0.302456587553024 
1345	 0.302508592605591 
1346	 0.302562087774277 
1347	 0.302587926387787 
1348	 0.302594125270844 
1349	 0.302589058876038 
1350	 0.302562892436981 
1351	 0.30253341794014 
1352	 0.302486509084702 
1353	 0.30244517326355 
1354	 0.302399069070816 
1355	 0.302353352308273 
1356	 0.302307784557343 
1357	 0.302262336015701 
1358	 0.302204668521881 
1359	 0.302164733409882 
1360	 0.302125424146652 
1361	 0.302103340625763 
1362	 0.302099168300629 
1363	 0.30211815237999 
1364	 0.302152276039124 
1365	 0.302208989858627 
1366	 0.302268475294113 
1367	 0.302347391843796 
1368	 0.302416026592255 
1369	 0.302488714456558 
1370	 0.30256187915802 
1371	 0.302647590637207 
1372	 0.302701652050018 
1373	 0.302764743566513 
1374	 0.302776694297791 
1375	 0.302761316299438 
1376	 0.302707374095917 
1377	 0.302620023488998 
1378	 0.302501708269119 
1379	 0.302314668893814 
1380	 0.302165448665619 
1381	 0.301996380090714 
1382	 0.301848441362381 
1383	 0.301713615655899 
1384	 0.301596522331238 
1385	 0.301501095294952 
1386	 0.301397174596787 
1387	 0.301330506801605 
1388	 0.301226526498795 
1389	 0.301096886396408 
1390	 0.30096098780632 
1391	 0.300803363323212 
1392	 0.300637423992157 
1393	 0.300490409135818 
1394	 0.300329238176346 
1395	 0.300184398889542 
1396	 0.300061494112015 
1397	 0.29989954829216 
1398	 0.299743503332138 
1399	 0.299534618854523 
1400	 0.299296677112579 
1401	 0.299022495746613 
1402	 0.298727005720139 
1403	 0.298368662595749 
1404	 0.297967195510864 
1405	 0.297526746988297 
1406	 0.297028303146362 
1407	 0.296510100364685 
1408	 0.295953363180161 
1409	 0.29537770152092 
1410	 0.294771641492844 
1411	 0.294142544269562 
1412	 0.293483555316925 
1413	 0.292820811271667 
1414	 0.292135566473007 
1415	 0.291442304849625 
1416	 0.290724992752075 
1417	 0.290021002292633 
1418	 0.289297819137573 
1419	 0.288596749305725 
1420	 0.287894994020462 
1421	 0.287236899137497 
1422	 0.286583065986633 
1423	 0.285983234643936 
1424	 0.285443663597107 
1425	 0.284905046224594 
1426	 0.284448951482773 
1427	 0.28401979804039 
1428	 0.283614873886108 
1429	 0.283267974853516 
1430	 0.282894343137741 
1431	 0.282541573047638 
1432	 0.282151907682419 
1433	 0.281770080327988 
1434	 0.281319260597229 
1435	 0.280844390392303 
1436	 0.280301868915558 
1437	 0.279695928096771 
1438	 0.279076606035233 
1439	 0.278383046388626 
1440	 0.277738779783249 
1441	 0.277029901742935 
1442	 0.276464968919754 
1443	 0.275886386632919 
1444	 0.275529056787491 
1445	 0.275265693664551 
1446	 0.275221437215805 
1447	 0.275344371795654 
1448	 0.275657266378403 
1449	 0.27620330452919 
1450	 0.276841342449188 
1451	 0.27770608663559 
1452	 0.278575330972672 
1453	 0.279601573944092 
1454	 0.280557841062546 
1455	 0.281574219465256 
1456	 0.282513290643692 
1457	 0.283441066741943 
1458	 0.284286499023438 
1459	 0.285072535276413 
1460	 0.285804450511932 
1461	 0.286460101604462 
1462	 0.287067413330078 
1463	 0.287606358528137 
1464	 0.288125902414322 
1465	 0.288590043783188 
1466	 0.289040923118591 
1467	 0.289452850818634 
1468	 0.289854943752289 
1469	 0.290227651596069 
1470	 0.290560275316238 
1471	 0.290899127721787 
1472	 0.291223406791687 
1473	 0.291546732187271 
1474	 0.291860997676849 
1475	 0.292172163724899 
1476	 0.292480379343033 
1477	 0.292782932519913 
1478	 0.293084353208542 
1479	 0.293363034725189 
1480	 0.293645292520523 
1481	 0.293878138065338 
1482	 0.294088661670685 
1483	 0.294256895780563 
1484	 0.294369906187058 
1485	 0.294493794441223 
1486	 0.294571757316589 
1487	 0.294692009687424 
1488	 0.294795960187912 
1489	 0.294972807168961 
1490	 0.29517012834549 
1491	 0.295437872409821 
1492	 0.295752853155136 
1493	 0.29614594578743 
1494	 0.296611070632935 
1495	 0.297117322683334 
1496	 0.297707200050354 
1497	 0.298313826322556 
1498	 0.29897204041481 
1499	 0.299636036157608 
1500	 0.300339698791504 
1501	 0.301042348146439 
1502	 0.30178028345108 
1503	 0.302473485469818 
1504	 0.303171098232269 
1505	 0.303832203149796 
1506	 0.304460942745209 
1507	 0.305061817169189 
1508	 0.305637031793594 
1509	 0.306188344955444 
1510	 0.306716620922089 
1511	 0.307200253009796 
1512	 0.307632625102997 
1513	 0.308068811893463 
1514	 0.308495104312897 
1515	 0.308875203132629 
1516	 0.309229612350464 
1517	 0.309572994709015 
1518	 0.309875130653381 
1519	 0.310154587030411 
1520	 0.310425937175751 
1521	 0.31068542599678 
1522	 0.3108811378479 
1523	 0.311066210269928 
1524	 0.311240017414093 
1525	 0.3113913834095 
1526	 0.311552256345749 
1527	 0.311700314283371 
1528	 0.311864882707596 
1529	 0.312033444643021 
1530	 0.312208652496338 
1531	 0.312394917011261 
1532	 0.312572509050369 
1533	 0.312749683856964 
1534	 0.312933355569839 
1535	 0.313105434179306 
1536	 0.313312262296677 
1537	 0.313522934913635 
1538	 0.313784301280975 
1539	 0.314078509807587 
1540	 0.314396798610687 
1541	 0.314749896526337 
1542	 0.31512975692749 
1543	 0.315533101558685 
1544	 0.315965592861176 
1545	 0.316438138484955 
1546	 0.316919654607773 
1547	 0.317428171634674 
1548	 0.317939043045044 
1549	 0.318465203046799 
1550	 0.319002449512482 
1551	 0.319553256034851 
1552	 0.320103347301483 
1553	 0.320679485797882 
1554	 0.321224004030228 
1555	 0.321752548217773 
1556	 0.322284758090973 
1557	 0.322809010744095 
1558	 0.323325932025909 
1559	 0.323850810527802 
1560	 0.324348598718643 
1561	 0.324831992387772 
1562	 0.325294345617294 
1563	 0.325733780860901 
1564	 0.326166957616806 
1565	 0.326572000980377 
1566	 0.326990753412247 
1567	 0.327415436506271 
1568	 0.327823996543884 
1569	 0.328226059675217 
1570	 0.328626751899719 
1571	 0.329012542963028 
1572	 0.32940411567688 
1573	 0.329798817634583 
1574	 0.330193698406219 
1575	 0.330587834119797 
1576	 0.330981135368347 
1577	 0.33138632774353 
1578	 0.331770420074463 
1579	 0.332142800092697 
1580	 0.332509815692902 
1581	 0.332859724760056 
1582	 0.333214074373245 
1583	 0.33357384800911 
1584	 0.33391809463501 
1585	 0.334244698286057 
1586	 0.334585011005402 
1587	 0.334916889667511 
1588	 0.335259616374969 
1589	 0.335622400045395 
1590	 0.335973620414734 
1591	 0.336317092180252 
1592	 0.336669981479645 
1593	 0.337025463581085 
1594	 0.337381422519684 
1595	 0.337743788957596 
1596	 0.338104218244553 
1597	 0.338460654020309 
1598	 0.338821768760681 
1599	 0.339197903871536 
1600	 0.339554458856583 
1601	 0.339894443750381 
1602	 0.340246707201004 
1603	 0.340595811605453 
1604	 0.340941309928894 
1605	 0.341306060552597 
1606	 0.341646581888199 
1607	 0.341966152191162 
1608	 0.342285215854645 
1609	 0.342590928077698 
1610	 0.342898637056351 
1611	 0.343210697174072 
1612	 0.343506366014481 
1613	 0.343795239925385 
1614	 0.344075173139572 
1615	 0.344332545995712 
1616	 0.344601482152939 
1617	 0.344874173402786 
1618	 0.34513995051384 
1619	 0.345412403345108 
1620	 0.345669060945511 
1621	 0.345908790826797 
1622	 0.346153229475021 
1623	 0.346392780542374 
1624	 0.346630662679672 
1625	 0.346880704164505 
1626	 0.347105324268341 
1627	 0.347310274839401 
1628	 0.347514003515244 
1629	 0.347695380449295 
1630	 0.347888767719269 
1631	 0.348085194826126 
1632	 0.348284631967545 
1633	 0.348477959632874 
1634	 0.348690897226334 
1635	 0.348915100097656 
1636	 0.349145352840424 
1637	 0.349387675523758 
1638	 0.349641054868698 
1639	 0.349920451641083 
1640	 0.350177198648453 
1641	 0.35043653845787 
1642	 0.350686013698578 
1643	 0.35092693567276 
1644	 0.351141780614853 
1645	 0.351350069046021 
1646	 0.351536959409714 
1647	 0.351684898138046 
1648	 0.351835072040558 
1649	 0.351988971233368 
1650	 0.352116286754608 
1651	 0.352225631475449 
1652	 0.352317929267883 
1653	 0.352392822504044 
1654	 0.352443248033524 
1655	 0.352471381425858 
1656	 0.352488100528717 
1657	 0.352491587400436 
1658	 0.352461516857147 
1659	 0.3524090051651 
1660	 0.352336376905441 
1661	 0.352228164672852 
1662	 0.352111548185349 
1663	 0.351993799209595 
1664	 0.351835995912552 
1665	 0.351667672395706 
1666	 0.351432412862778 
1667	 0.351150065660477 
1668	 0.350830137729645 
1669	 0.350449085235596 
1670	 0.35004734992981 
1671	 0.349623531103134 
1672	 0.349143117666245 
1673	 0.348625928163528 
1674	 0.348048210144043 
1675	 0.347419112920761 
1676	 0.346745491027832 
1677	 0.346011966466904 
1678	 0.345251858234406 
1679	 0.344415426254272 
1680	 0.343601286411285 
1681	 0.342773675918579 
1682	 0.341928958892822 
1683	 0.341085642576218 
1684	 0.340233653783798 
1685	 0.339359283447266 
1686	 0.338478863239288 
1687	 0.337575793266296 
1688	 0.336693048477173 
1689	 0.335781425237656 
1690	 0.3349329829216 
1691	 0.334129005670547 
1692	 0.333358705043793 
1693	 0.332623451948166 
1694	 0.331916123628616 
1695	 0.331223368644714 
1696	 0.330591261386871 
1697	 0.330020040273666 
1698	 0.329449981451035 
1699	 0.328942358493805 
1700	 0.328405857086182 
1701	 0.327862501144409 
1702	 0.327318727970123 
1703	 0.326767385005951 
1704	 0.326234698295593 
1705	 0.325697928667068 
1706	 0.325167655944824 
1707	 0.3246990442276 
1708	 0.324219435453415 
1709	 0.323767870664597 
1710	 0.323331087827683 
1711	 0.322859138250351 
1712	 0.322412043809891 
1713	 0.321941167116165 
1714	 0.321438610553741 
1715	 0.320952594280243 
1716	 0.320430010557175 
1717	 0.319896966218948 
1718	 0.3193539083004 
1719	 0.318774968385696 
1720	 0.31820347905159 
1721	 0.317644447088242 
1722	 0.317125827074051 
1723	 0.316657662391663 
1724	 0.316192328929901 
1725	 0.315742433071136 
1726	 0.315337419509888 
1727	 0.314981877803802 
1728	 0.314680635929108 
1729	 0.31446248292923 
1730	 0.314319282770157 
1731	 0.314225554466248 
1732	 0.314246416091919 
1733	 0.314348995685577 
1734	 0.31449568271637 
1735	 0.314713090658188 
1736	 0.314958393573761 
1737	 0.315195471048355 
1738	 0.315424859523773 
1739	 0.315608620643616 
1740	 0.315732836723328 
1741	 0.315862268209457 
1742	 0.315978825092316 
1743	 0.316104143857956 
1744	 0.316217303276062 
1745	 0.316342294216156 
1746	 0.316454023122787 
1747	 0.316607624292374 
1748	 0.316780179738998 
1749	 0.316979259252548 
1750	 0.317203164100647 
1751	 0.317467898130417 
1752	 0.317764312028885 
1753	 0.318093925714493 
1754	 0.318472385406494 
1755	 0.318863809108734 
1756	 0.319263458251953 
1757	 0.319692432880402 
1758	 0.320168018341064 
1759	 0.320632964372635 
1760	 0.321160465478897 
1761	 0.321750551462173 
1762	 0.322324991226196 
1763	 0.322935193777084 
1764	 0.323583662509918 
1765	 0.324273228645325 
1766	 0.325024783611298 
1767	 0.325776010751724 
1768	 0.326577723026276 
1769	 0.32738333940506 
1770	 0.328128844499588 
1771	 0.328906863927841 
1772	 0.329657703638077 
1773	 0.33035609126091 
1774	 0.331102222204208 
1775	 0.331851035356522 
1776	 0.332569062709808 
1777	 0.333241939544678 
1778	 0.333826631307602 
1779	 0.334403336048126 
1780	 0.334981203079224 
1781	 0.335551708936691 
1782	 0.336158573627472 
1783	 0.33672109246254 
1784	 0.337261170148849 
1785	 0.337824493646622 
1786	 0.338365018367767 
1787	 0.33890837430954 
1788	 0.339423298835754 
1789	 0.339903801679611 
1790	 0.340403407812119 
1791	 0.340906709432602 
1792	 0.341396391391754 
1793	 0.341881513595581 
1794	 0.342341184616089 
1795	 0.342777490615845 
1796	 0.343180000782013 
1797	 0.343610405921936 
1798	 0.344032555818558 
1799	 0.344467490911484 
1800	 0.344899445772171 
1801	 0.335997432470322 
1802	 0.336710721254349 
1803	 0.337379425764084 
1804	 0.337957710027695 
1805	 0.338523060083389 
1806	 0.339040637016296 
1807	 0.339512944221497 
1808	 0.339958399534225 
1809	 0.340361714363098 
1810	 0.340740025043488 
1811	 0.341073572635651 
1812	 0.341406762599945 
1813	 0.341708391904831 
1814	 0.342017859220505 
1815	 0.342318266630173 
1816	 0.342596560716629 
1817	 0.342882394790649 
1818	 0.343157559633255 
1819	 0.343435138463974 
1820	 0.3437140583992 
1821	 0.34399339556694 
1822	 0.344270527362823 
1823	 0.344549059867859 
1824	 0.344815224409103 
1825	 0.345107138156891 
1826	 0.345380395650864 
1827	 0.345652937889099 
1828	 0.345896512269974 
1829	 0.346128523349762 
1830	 0.346349775791168 
1831	 0.34654027223587 
1832	 0.346756309270859 
1833	 0.346947729587555 
1834	 0.347123265266418 
1835	 0.347285777330399 
1836	 0.347429901361465 
1837	 0.347612738609314 
1838	 0.347806483507156 
1839	 0.348015427589417 
1840	 0.348245441913605 
1841	 0.348491191864014 
1842	 0.348762184381485 
1843	 0.349026650190353 
1844	 0.349294990301132 
1845	 0.349538683891296 
1846	 0.349729239940643 
1847	 0.349881947040558 
1848	 0.350023031234741 
1849	 0.350150227546692 
1850	 0.350234746932983 
1851	 0.350299537181854 
1852	 0.350324749946594 
1853	 0.350294679403305 
1854	 0.350216746330261 
1855	 0.350101292133331 
1856	 0.349957227706909 
1857	 0.349758118391037 
1858	 0.349508762359619 
1859	 0.349229544401169 
1860	 0.348936796188354 
1861	 0.348535597324371 
1862	 0.348085254430771 
1863	 0.347571432590485 
1864	 0.346928685903549 
1865	 0.346233814954758 
1866	 0.34544849395752 
1867	 0.344545245170593 
1868	 0.34356877207756 
1869	 0.342515766620636 
1870	 0.341472893953323 
1871	 0.340368300676346 
1872	 0.339331954717636 
1873	 0.338318526744843 
1874	 0.337308824062347 
1875	 0.336331844329834 
1876	 0.335259765386581 
1877	 0.334178656339645 
1878	 0.332994014024735 
1879	 0.331676691770554 
1880	 0.330379188060761 
1881	 0.328936785459518 
1882	 0.327367752790451 
1883	 0.325740486383438 
1884	 0.324013441801071 
1885	 0.322044879198074 
1886	 0.320056557655334 
1887	 0.317932575941086 
1888	 0.315669357776642 
1889	 0.31349503993988 
1890	 0.311165511608124 
1891	 0.308785736560822 
1892	 0.30638512969017 
1893	 0.303801625967026 
1894	 0.301034182310104 
1895	 0.298297345638275 
1896	 0.295397937297821 
1897	 0.292355567216873 
1898	 0.289498776197433 
1899	 0.286454766988754 
1900	 0.283421576023102 
1901	 0.280422925949097 
1902	 0.277115285396576 
1903	 0.273910909891129 
1904	 0.270641922950745 
1905	 0.267274767160416 
1906	 0.263852387666702 
1907	 0.260678648948669 
1908	 0.257319062948227 
1909	 0.254013478755951 
1910	 0.250740617513657 
1911	 0.247217699885368 
1912	 0.243821352720261 
1913	 0.240398958325386 
1914	 0.236923635005951 
1915	 0.233768463134766 
1916	 0.230842664837837 
1917	 0.22795744240284 
1918	 0.225307986140251 
1919	 0.222990289330482 
1920	 0.220662266016006 
1921	 0.218672215938568 
1922	 0.216848090291023 
1923	 0.215186104178429 
1924	 0.213783413171768 
1925	 0.212395578622818 
1926	 0.210971400141716 
1927	 0.209675163030624 
1928	 0.208182975649834 
1929	 0.206600978970528 
1930	 0.204973742365837 
1931	 0.203257292509079 
1932	 0.201446354389191 
1933	 0.199786886572838 
1934	 0.198099732398987 
1935	 0.196495115756989 
1936	 0.19507072865963 
1937	 0.193760275840759 
1938	 0.192473784089088 
1939	 0.191511556506157 
1940	 0.190730035305023 
1941	 0.190169647336006 
1942	 0.189881056547165 
1943	 0.189812019467354 
1944	 0.189924389123917 
1945	 0.190302684903145 
1946	 0.190966561436653 
1947	 0.191788971424103 
1948	 0.192924827337265 
1949	 0.194355770945549 
1950	 0.195947512984276 
1951	 0.197787791490555 
1952	 0.199831739068031 
1953	 0.202069580554962 
1954	 0.204510942101479 
1955	 0.207281485199928 
1956	 0.21005654335022 
1957	 0.212903901934624 
1958	 0.215767681598663 
1959	 0.218324393033981 
1960	 0.220768436789513 
1961	 0.222992390394211 
1962	 0.225000247359276 
1963	 0.226824328303337 
1964	 0.228464648127556 
1965	 0.229892909526825 
1966	 0.231104925274849 
1967	 0.232182323932648 
1968	 0.233049288392067 
1969	 0.233873263001442 
1970	 0.234641999006271 
1971	 0.235393881797791 
1972	 0.236211836338043 
1973	 0.237041309475899 
1974	 0.237934842705727 
1975	 0.238910675048828 
1976	 0.239890620112419 
1977	 0.240886688232422 
1978	 0.241947919130325 
1979	 0.243045940995216 
1980	 0.244168162345886 
1981	 0.245418027043343 
1982	 0.246652036905289 
1983	 0.24796986579895 
1984	 0.249331638216972 
1985	 0.250639200210571 
1986	 0.252071678638458 
1987	 0.253601282835007 
1988	 0.255115866661072 
1989	 0.256891578435898 
1990	 0.258845776319504 
1991	 0.260908186435699 
1992	 0.263145953416824 
1993	 0.265559881925583 
1994	 0.267889350652695 
1995	 0.270423918962479 
1996	 0.272960066795349 
1997	 0.275502622127533 
1998	 0.278154850006104 
1999	 0.280975908041 
2000	 0.283602386713028 
2001	 0.286358088254929 
2002	 0.288817465305328 
2003	 0.291083365678787 
2004	 0.29329839348793 
2005	 0.295322149991989 
2006	 0.297312885522842 
2007	 0.299289703369141 
2008	 0.301096528768539 
2009	 0.302798956632614 
2010	 0.304447293281555 
2011	 0.305868864059448 
2012	 0.307218074798584 
2013	 0.308477103710175 
2014	 0.309572875499725 
2015	 0.310681641101837 
2016	 0.311752647161484 
2017	 0.312734216451645 
2018	 0.313693016767502 
2019	 0.314542651176453 
2020	 0.315265983343124 
2021	 0.315951526165009 
2022	 0.316594660282135 
2023	 0.317140579223633 
2024	 0.317685008049011 
2025	 0.318163961172104 
2026	 0.318587481975555 
2027	 0.318968027830124 
2028	 0.319271475076675 
2029	 0.319476276636124 
2030	 0.319689035415649 
2031	 0.319828659296036 
2032	 0.319980174303055 
2033	 0.320124745368958 
2034	 0.320253491401672 
2035	 0.320357233285904 
2036	 0.320467174053192 
2037	 0.320541143417358 
2038	 0.320638000965118 
2039	 0.320730447769165 
2040	 0.32081338763237 
2041	 0.320899993181229 
2042	 0.320987343788147 
2043	 0.321085155010223 
2044	 0.321194410324097 
2045	 0.321288526058197 
2046	 0.321389108896255 
2047	 0.321484714746475 
2048	 0.321559697389603 
2049	 0.321640968322754 
2050	 0.321733504533768 
2051	 0.321816056966782 
2052	 0.321889698505402 
2053	 0.321976095438004 
2054	 0.322052657604218 
2055	 0.322122484445572 
2056	 0.322205990552902 
2057	 0.322291672229767 
2058	 0.32237383723259 
2059	 0.322466224431992 
2060	 0.322549700737 
2061	 0.322618454694748 
2062	 0.32270085811615 
2063	 0.32277923822403 
2064	 0.322878897190094 
2065	 0.322987347841263 
2066	 0.323111027479172 
2067	 0.323259234428406 
2068	 0.323400020599365 
2069	 0.323549121618271 
2070	 0.323706567287445 
2071	 0.323865801095963 
2072	 0.324038475751877 
2073	 0.324191361665726 
2074	 0.324346244335175 
2075	 0.324486464262009 
2076	 0.32461804151535 
2077	 0.324731856584549 
2078	 0.324838608503342 
2079	 0.324922770261765 
2080	 0.324979811906815 
2081	 0.325030535459518 
2082	 0.325073599815369 
2083	 0.32509633898735 
2084	 0.325099319219589 
2085	 0.325091749429703 
2086	 0.325063318014145 
2087	 0.325017511844635 
2088	 0.324944108724594 
2089	 0.324838638305664 
2090	 0.324737340211868 
2091	 0.324614584445953 
2092	 0.32448810338974 
2093	 0.324374675750732 
2094	 0.324228197336197 
2095	 0.324036329984665 
2096	 0.323866069316864 
2097	 0.323693305253983 
2098	 0.323507279157639 
2099	 0.323361158370972 
2100	 0.323187589645386 
2101	 0.323020249605179 
2102	 0.322861582040787 
2103	 0.32268214225769 
2104	 0.32248130440712 
2105	 0.322302609682083 
2106	 0.32213094830513 
2107	 0.321932107210159 
2108	 0.321744382381439 
2109	 0.32153382897377 
2110	 0.321271032094955 
2111	 0.321042895317078 
2112	 0.32082211971283 
2113	 0.320604145526886 
2114	 0.3204066157341 
2115	 0.320198446512222 
2116	 0.319988220930099 
2117	 0.319778800010681 
2118	 0.319555789232254 
2119	 0.319318830966949 
2120	 0.319092065095901 
2121	 0.318852722644806 
2122	 0.318637847900391 
2123	 0.318452388048172 
2124	 0.318231672048569 
2125	 0.318018853664398 
2126	 0.317775636911392 
2127	 0.317513346672058 
2128	 0.317226141691208 
2129	 0.316902279853821 
2130	 0.31658661365509 
2131	 0.316244691610336 
2132	 0.315907835960388 
2133	 0.315576791763306 
2134	 0.315256804227829 
2135	 0.314875185489655 
2136	 0.314524620771408 
2137	 0.314153105020523 
2138	 0.313759118318558 
2139	 0.313372939825058 
2140	 0.312997728586197 
2141	 0.31259474158287 
2142	 0.312186807394028 
2143	 0.311754912137985 
2144	 0.31129053235054 
2145	 0.310838997364044 
2146	 0.310365200042725 
2147	 0.309907764196396 
2148	 0.309468269348145 
2149	 0.309019654989243 
2150	 0.308593720197678 
2151	 0.308127820491791 
2152	 0.307642638683319 
2153	 0.307143360376358 
2154	 0.306616455316544 
2155	 0.306051254272461 
2156	 0.30552750825882 
2157	 0.305006325244904 
2158	 0.304491996765137 
2159	 0.30400812625885 
2160	 0.303492218255997 
2161	 0.30295667052269 
2162	 0.302438169717789 
2163	 0.301886588335037 
2164	 0.301397800445557 
2165	 0.300948888063431 
2166	 0.300499588251114 
2167	 0.300098925828934 
2168	 0.299672365188599 
2169	 0.299193322658539 
2170	 0.298798024654388 
2171	 0.298424392938614 
2172	 0.298091143369675 
2173	 0.297819137573242 
2174	 0.297588050365448 
2175	 0.297341972589493 
2176	 0.297124236822128 
2177	 0.296932339668274 
2178	 0.296765148639679 
2179	 0.296611726284027 
2180	 0.296476900577545 
2181	 0.296376585960388 
2182	 0.296309292316437 
2183	 0.296235620975494 
2184	 0.296203285455704 
2185	 0.296147644519806 
2186	 0.296088844537735 
2187	 0.296011716127396 
2188	 0.295928508043289 
2189	 0.295833975076675 
2190	 0.295715540647507 
2191	 0.29559925198555 
2192	 0.29549103975296 
2193	 0.295364201068878 
2194	 0.295233994722366 
2195	 0.295078456401825 
2196	 0.294923305511475 
2197	 0.294706106185913 
2198	 0.29449200630188 
2199	 0.294250667095184 
2200	 0.293987303972244 
2201	 0.293698281049728 
2202	 0.293409883975983 
2203	 0.293095320463181 
2204	 0.292790919542313 
2205	 0.292482733726501 
2206	 0.292180299758911 
2207	 0.291877716779709 
2208	 0.291563898324966 
2209	 0.29125964641571 
2210	 0.290937215089798 
2211	 0.290574848651886 
2212	 0.290261507034302 
2213	 0.28994819521904 
2214	 0.289666771888733 
2215	 0.289391338825226 
2216	 0.289183974266052 
2217	 0.289000064134598 
2218	 0.288889974355698 
2219	 0.288858562707901 
2220	 0.288868606090546 
2221	 0.28893581032753 
2222	 0.289058268070221 
2223	 0.289190113544464 
2224	 0.289362549781799 
2225	 0.289547443389893 
2226	 0.289667278528214 
2227	 0.289738833904266 
2228	 0.28979617357254 
2229	 0.289760857820511 
2230	 0.289650499820709 
2231	 0.289491474628448 
2232	 0.289286345243454 
2233	 0.288986355066299 
2234	 0.288639396429062 
2235	 0.288160443305969 
2236	 0.287595838308334 
2237	 0.286898344755173 
2238	 0.286032855510712 
2239	 0.285137563943863 
2240	 0.284133076667786 
2241	 0.283075839281082 
2242	 0.282020628452301 
2243	 0.28079354763031 
2244	 0.279429614543915 
2245	 0.277999728918076 
2246	 0.276377290487289 
2247	 0.274779886007309 
2248	 0.273152619600296 
2249	 0.271461486816406 
2250	 0.269732177257538 
2251	 0.267989218235016 
2252	 0.266045749187469 
2253	 0.264161080121994 
2254	 0.262195229530334 
2255	 0.260148465633392 
2256	 0.258295238018036 
2257	 0.256372302770615 
2258	 0.2544846534729 
2259	 0.252666920423508 
2260	 0.250795871019363 
2261	 0.248863324522972 
2262	 0.247027799487114 
2263	 0.245159402489662 
2264	 0.243452593684196 
2265	 0.241822868585587 
2266	 0.240299195051193 
2267	 0.238948792219162 
2268	 0.237579986453056 
2269	 0.23625060915947 
2270	 0.235018685460091 
2271	 0.233813524246216 
2272	 0.232720375061035 
2273	 0.231767520308495 
2274	 0.230837166309357 
2275	 0.230038776993752 
2276	 0.229169845581055 
2277	 0.228333115577698 
2278	 0.227471709251404 
2279	 0.226538971066475 
2280	 0.225656673312187 
2281	 0.224833726882935 
2282	 0.223943814635277 
2283	 0.223042756319046 
2284	 0.222144693136215 
2285	 0.221101626753807 
2286	 0.220106422901154 
2287	 0.219108909368515 
2288	 0.218103751540184 
2289	 0.217190518975258 
2290	 0.21626777946949 
2291	 0.215390771627426 
2292	 0.214495301246643 
2293	 0.213512912392616 
2294	 0.212585434317589 
2295	 0.21168315410614 
2296	 0.210820019245148 
2297	 0.210065096616745 
2298	 0.20941199362278 
2299	 0.208826169371605 
2300	 0.208300977945328 
2301	 0.207900568842888 
2302	 0.207614779472351 
2303	 0.207424014806747 
2304	 0.207325890660286 
2305	 0.207353621721268 
2306	 0.207492932677269 
2307	 0.207748919725418 
2308	 0.208082512021065 
2309	 0.208648666739464 
2310	 0.209330782294273 
2311	 0.210282325744629 
2312	 0.211560860276222 
2313	 0.212895274162292 
2314	 0.2144445925951 
2315	 0.216074451804161 
2316	 0.21785569190979 
2317	 0.219654351472855 
2318	 0.221720531582832 
2319	 0.223484486341476 
2320	 0.225289300084114 
2321	 0.226761892437935 
2322	 0.227960601449013 
2323	 0.22900390625 
2324	 0.229771479964256 
2325	 0.230438038706779 
2326	 0.230892315506935 
2327	 0.231295466423035 
2328	 0.231616422533989 
2329	 0.231788083910942 
2330	 0.231839224696159 
2331	 0.231757938861847 
2332	 0.231530696153641 
2333	 0.231170669198036 
2334	 0.230729877948761 
2335	 0.230280295014381 
2336	 0.229750141501427 
2337	 0.229175850749016 
2338	 0.228574395179749 
2339	 0.227878764271736 
2340	 0.227193430066109 
2341	 0.226475045084953 
2342	 0.225705116987228 
2343	 0.225005373358727 
2344	 0.224368900060654 
2345	 0.223776116967201 
2346	 0.223284155130386 
2347	 0.222902253270149 
2348	 0.222619935870171 
2349	 0.222513020038605 
2350	 0.222617402672768 
2351	 0.222895309329033 
2352	 0.223312512040138 
2353	 0.223890468478203 
2354	 0.224495530128479 
2355	 0.225199222564697 
2356	 0.225934505462646 
2357	 0.226598143577576 
2358	 0.227294072508812 
2359	 0.227866068482399 
2360	 0.228324607014656 
2361	 0.228655219078064 
2362	 0.228778287768364 
2363	 0.228837907314301 
2364	 0.228870630264282 
2365	 0.228730961680412 
2366	 0.228519171476364 
2367	 0.228353410959244 
2368	 0.228125900030136 
2369	 0.227899685502052 
2370	 0.227704882621765 
2371	 0.227385759353638 
2372	 0.226972118020058 
2373	 0.226573824882507 
2374	 0.226169094443321 
2375	 0.225694641470909 
2376	 0.225090220570564 
2377	 0.224445655941963 
2378	 0.223780810832977 
2379	 0.223014920949936 
2380	 0.222332268953323 
2381	 0.22165422141552 
2382	 0.220915630459785 
2383	 0.220126092433929 
2384	 0.219390869140625 
2385	 0.218619778752327 
2386	 0.217864006757736 
2387	 0.217152521014214 
2388	 0.216380089521408 
2389	 0.215611830353737 
2390	 0.21479432284832 
2391	 0.21391798555851 
2392	 0.213032498955727 
2393	 0.212086424231529 
2394	 0.211179822683334 
2395	 0.210290849208832 
2396	 0.209381476044655 
2397	 0.208479300141335 
2398	 0.207557678222656 
2399	 0.206592187285423 
2400	 0.205683007836342 
2401	 0.204767867922783 
2402	 0.20398186147213 
2403	 0.20322622358799 
2404	 0.202481478452682 
2405	 0.201713308691978 
2406	 0.200908452272415 
2407	 0.20008972287178 
2408	 0.199239075183868 
2409	 0.198467597365379 
2410	 0.197880014777184 
2411	 0.19721719622612 
2412	 0.196524351835251 
2413	 0.195925816893578 
2414	 0.195184379816055 
2415	 0.194519445300102 
2416	 0.193988516926765 
2417	 0.193416982889175 
2418	 0.192873269319534 
2419	 0.192363172769547 
2420	 0.191929459571838 
2421	 0.191478669643402 
2422	 0.190956711769104 
2423	 0.190417036414146 
2424	 0.189907103776932 
2425	 0.189504981040955 
2426	 0.189285129308701 
2427	 0.189060777425766 
2428	 0.18861448764801 
2429	 0.188138276338577 
2430	 0.187659919261932 
2431	 0.187210276722908 
2432	 0.186800569295883 
2433	 0.186420321464539 
2434	 0.186033472418785 
2435	 0.185552701354027 
2436	 0.185288444161415 
2437	 0.185143634676933 
2438	 0.184924229979515 
2439	 0.184649392962456 
2440	 0.184224262833595 
2441	 0.183747246861458 
2442	 0.183311939239502 
2443	 0.182938367128372 
2444	 0.182595774531364 
2445	 0.182255983352661 
2446	 0.181857585906982 
2447	 0.18154801428318 
2448	 0.181352525949478 
2449	 0.181024089455605 
2450	 0.180673837661743 
2451	 0.180239170789719 
2452	 0.179724767804146 
2453	 0.179404050111771 
2454	 0.179046645760536 
2455	 0.178643226623535 
2456	 0.178358182311058 
2457	 0.177870616316795 
2458	 0.177446812391281 
2459	 0.177096739411354 
2460	 0.17653813958168 
2461	 0.176012560725212 
2462	 0.175394952297211 
2463	 0.174884170293808 
2464	 0.174409121274948 
2465	 0.173821434378624 
2466	 0.173401743173599 
2467	 0.172969147562981 
2468	 0.172694981098175 
2469	 0.172682791948318 
2470	 0.172617465257645 
2471	 0.17250657081604 
2472	 0.172330394387245 
2473	 0.17209205031395 
2474	 0.171951800584793 
2475	 0.171823486685753 
2476	 0.17152102291584 
2477	 0.171327650547028 
2478	 0.171358779072762 
2479	 0.171263098716736 
2480	 0.171393752098083 
2481	 0.171372875571251 
2482	 0.171123757958412 
2483	 0.171153739094734 
2484	 0.171191543340683 
2485	 0.17131581902504 
2486	 0.171318084001541 
2487	 0.171560660004616 
2488	 0.172063589096069 
2489	 0.172304749488831 
2490	 0.172320812940598 
2491	 0.172236278653145 
2492	 0.172039777040482 
2493	 0.171971514821053 
2494	 0.172440305352211 
2495	 0.173057705163956 
2496	 0.173191890120506 
2497	 0.173401579260826 
2498	 0.174013018608093 
2499	 0.174444705247879 
2500	 0.175106227397919 
