Wavelength	Echave.019
350	 0.116383425891399 
351	 0.115182600915432 
352	 0.117099866271019 
353	 0.11419054120779 
354	 0.107984490692616 
355	 0.101435422897339 
356	 0.101111650466919 
357	 0.107870869338512 
358	 0.105765320360661 
359	 9.84517857432365E-02 
360	 9.34071764349937E-02 
361	 9.75639373064041E-02 
362	 0.098396509885788 
363	 9.69134420156479E-02 
364	 9.50872227549553E-02 
365	 9.42649468779564E-02 
366	 9.44265425205231E-02 
367	 9.24336761236191E-02 
368	 8.75495970249176E-02 
369	 8.88373032212257E-02 
370	 8.78935605287552E-02 
371	 8.60387235879898E-02 
372	 0.088903933763504 
373	 8.99410471320152E-02 
374	 8.93721133470535E-02 
375	 8.85471776127815E-02 
376	 8.92483666539192E-02 
377	 9.00716334581375E-02 
378	 8.97799208760262E-02 
379	 8.83260518312454E-02 
380	 8.93612056970596E-02 
381	 8.94129350781441E-02 
382	 8.92186462879181E-02 
383	 9.13461148738861E-02 
384	 9.07433405518532E-02 
385	 9.00463536381722E-02 
386	 9.03875008225441E-02 
387	 8.93926844000816E-02 
388	 8.97503048181534E-02 
389	 9.12133008241653E-02 
390	 9.24523696303368E-02 
391	 9.11310911178589E-02 
392	 9.09227356314659E-02 
393	 9.21871215105057E-02 
394	 0.093008354306221 
395	 9.23454761505127E-02 
396	 9.28501188755035E-02 
397	 9.50920805335045E-02 
398	 9.56738367676735E-02 
399	 9.60180312395096E-02 
400	 0.096556693315506 
401	 9.73531603813171E-02 
402	 9.79597866535187E-02 
403	 9.89580601453781E-02 
404	 0.100241966545582 
405	 0.101219676434994 
406	 0.101959727704525 
407	 0.102448560297489 
408	 0.10286832600832 
409	 0.103789463639259 
410	 0.104679860174656 
411	 0.105485245585442 
412	 0.106248453259468 
413	 0.106610082089901 
414	 0.107266388833523 
415	 0.108201332390308 
416	 0.10877451300621 
417	 0.109649010002613 
418	 0.110146433115005 
419	 0.110054954886436 
420	 0.110750257968903 
421	 0.111020542681217 
422	 0.111316546797752 
423	 0.112423159182072 
424	 0.112805932760239 
425	 0.113097086548805 
426	 0.113543108105659 
427	 0.113776035606861 
428	 0.114198371767998 
429	 0.114504165947437 
430	 0.114551372826099 
431	 0.115201823413372 
432	 0.115367695689201 
433	 0.115119390189648 
434	 0.115140959620476 
435	 0.115309081971645 
436	 0.115522958338261 
437	 0.115739360451698 
438	 0.116022437810898 
439	 0.116041414439678 
440	 0.115934886038303 
441	 0.115922160446644 
442	 0.115913763642311 
443	 0.116074755787849 
444	 0.116232380270958 
445	 0.116000153124332 
446	 0.115925341844559 
447	 0.116051346063614 
448	 0.116206929087639 
449	 0.115897886455059 
450	 0.115897655487061 
451	 0.116005122661591 
452	 0.115772150456905 
453	 0.115693837404251 
454	 0.115655124187469 
455	 0.115517742931843 
456	 0.11517521739006 
457	 0.115151360630989 
458	 0.115128420293331 
459	 0.114824704825878 
460	 0.114627532660961 
461	 0.114489175379276 
462	 0.114354342222214 
463	 0.1141661927104 
464	 0.113944672048092 
465	 0.113744720816612 
466	 0.113578513264656 
467	 0.113384909927845 
468	 0.113314151763916 
469	 0.11304959654808 
470	 0.112401559948921 
471	 0.112227335572243 
472	 0.11215864866972 
473	 0.111910507082939 
474	 0.111349649727345 
475	 0.111106105148792 
476	 0.110977709293365 
477	 0.110731542110443 
478	 0.110364213585854 
479	 0.110065646469593 
480	 0.1098298355937 
481	 0.109575979411602 
482	 0.109314233064651 
483	 0.109052889049053 
484	 0.108792960643768 
485	 0.108528107404709 
486	 0.108220122754574 
487	 0.108032457530499 
488	 0.108021430671215 
489	 0.107799835503101 
490	 0.107489123940468 
491	 0.107153125107288 
492	 0.10682775080204 
493	 0.106601342558861 
494	 0.106345430016518 
495	 0.106035403907299 
496	 0.105869650840759 
497	 0.105579935014248 
498	 0.105187594890594 
499	 0.104802764952183 
500	 0.104483000934124 
501	 0.10415867716074 
502	 0.103794381022453 
503	 0.103393219411373 
504	 0.102990351617336 
505	 0.102639131247997 
506	 0.10231889039278 
507	 0.101823344826698 
508	 0.101326517760754 
509	 0.10087975114584 
510	 0.100471667945385 
511	 0.100067980587482 
512	 9.96492505073547E-02 
513	 9.91967469453812E-02 
514	 9.86878648400307E-02 
515	 9.82030853629112E-02 
516	 9.76987406611443E-02 
517	 9.71291735768318E-02 
518	 9.65471938252449E-02 
519	 9.60448980331421E-02 
520	 9.55970734357834E-02 
521	 0.095102459192276 
522	 9.45910140872002E-02 
523	 9.40565913915634E-02 
524	 9.35116112232208E-02 
525	 9.30124670267105E-02 
526	 9.25209894776344E-02 
527	 9.20321419835091E-02 
528	 9.15408357977867E-02 
529	 9.09737646579742E-02 
530	 9.04605686664581E-02 
531	 9.00017917156219E-02 
532	 8.94557759165764E-02 
533	 8.89689475297928E-02 
534	 0.088492751121521 
535	 8.79699736833572E-02 
536	 8.74379202723503E-02 
537	 8.69110003113747E-02 
538	 8.64145085215569E-02 
539	 0.085968554019928 
540	 0.085513174533844 
541	 8.50584581494331E-02 
542	 8.46040546894073E-02 
543	 8.41144695878029E-02 
544	 8.36901888251305E-02 
545	 8.33036527037621E-02 
546	 0.082891620695591 
547	 8.24227184057236E-02 
548	 8.19904431700706E-02 
549	 0.081609345972538 
550	 8.12211632728577E-02 
551	 8.08388143777847E-02 
552	 8.04942175745964E-02 
553	 8.01917687058449E-02 
554	 7.98511058092117E-02 
555	 7.95696228742599E-02 
556	 0.079315610229969 
557	 7.90107026696205E-02 
558	 7.87292569875717E-02 
559	 7.84692764282227E-02 
560	 7.82522931694984E-02 
561	 7.81440660357475E-02 
562	 0.077932134270668 
563	 7.76624381542206E-02 
564	 7.74207636713982E-02 
565	 7.71421119570732E-02 
566	 0.076862096786499 
567	 7.65881314873695E-02 
568	 0.076304167509079 
569	 7.59971588850021E-02 
570	 0.075667217373848 
571	 7.53258317708969E-02 
572	 7.50034749507904E-02 
573	 7.46877416968346E-02 
574	 7.43574798107147E-02 
575	 7.39951878786087E-02 
576	 7.36277401447296E-02 
577	 7.33122974634171E-02 
578	 7.30350539088249E-02 
579	 7.27036073803902E-02 
580	 7.24275559186935E-02 
581	 7.21576884388924E-02 
582	 7.18547329306602E-02 
583	 7.16352835297585E-02 
584	 7.13696852326393E-02 
585	 7.10556879639626E-02 
586	 0.070760078728199 
587	 7.04328864812851E-02 
588	 7.00610056519508E-02 
589	 0.069666713476181 
590	 6.93241283297539E-02 
591	 6.89438730478287E-02 
592	 6.85421451926231E-02 
593	 6.81632906198502E-02 
594	 6.78230375051498E-02 
595	 6.75110369920731E-02 
596	 6.72076269984245E-02 
597	 0.066888339817524 
598	 6.65646493434906E-02 
599	 0.066246010363102 
600	 6.59371539950371E-02 
601	 6.56340345740318E-02 
602	 6.53372704982758E-02 
603	 0.065051443874836 
604	 6.47849664092064E-02 
605	 6.45627602934837E-02 
606	 6.43019825220108E-02 
607	 6.40106201171875E-02 
608	 0.06381756067276 
609	 6.35651051998138E-02 
610	 6.33133947849274E-02 
611	 6.31237998604774E-02 
612	 6.28819540143013E-02 
613	 6.25962167978287E-02 
614	 0.062308557331562 
615	 6.20742365717888E-02 
616	 0.061847772449255 
617	 6.15834444761276E-02 
618	 6.12881146371365E-02 
619	 6.10621124505997E-02 
620	 6.08147196471691E-02 
621	 6.05671033263206E-02 
622	 6.03490956127644E-02 
623	 6.00476488471031E-02 
624	 5.97589947283268E-02 
625	 5.95129616558552E-02 
626	 5.92687055468559E-02 
627	 0.059020608663559 
628	 5.87618388235569E-02 
629	 5.84931820631027E-02 
630	 5.82330636680126E-02 
631	 5.79575262963772E-02 
632	 5.76866082847118E-02 
633	 5.74543140828609E-02 
634	 0.057242501527071 
635	 0.057022750377655 
636	 5.67788779735565E-02 
637	 5.65121322870255E-02 
638	 5.63012659549713E-02 
639	 5.60953952372074E-02 
640	 5.58514110743999E-02 
641	 5.56646846234798E-02 
642	 5.54825365543365E-02 
643	 5.53000122308731E-02 
644	 5.51369227468967E-02 
645	 5.49505278468132E-02 
646	 5.47758750617504E-02 
647	 5.46280443668365E-02 
648	 5.44753707945347E-02 
649	 0.054310817271471 
650	 5.41583821177483E-02 
651	 0.054041676223278 
652	 5.39387203752995E-02 
653	 5.38325905799866E-02 
654	 5.37162572145462E-02 
655	 5.35942502319813E-02 
656	 5.35072945058346E-02 
657	 5.34366928040981E-02 
658	 5.33716194331646E-02 
659	 5.33411018550396E-02 
660	 5.33199273049831E-02 
661	 5.33069297671318E-02 
662	 5.33057600259781E-02 
663	 5.32904826104641E-02 
664	 5.33232353627682E-02 
665	 5.33994287252426E-02 
666	 0.053446501493454 
667	 5.35285025835037E-02 
668	 5.36441020667553E-02 
669	 5.37781305611134E-02 
670	 5.39111644029617E-02 
671	 5.40850646793842E-02 
672	 0.054302740842104 
673	 5.45433647930622E-02 
674	 0.054759718477726 
675	 5.50205521285534E-02 
676	 5.53507395088673E-02 
677	 5.57103976607323E-02 
678	 5.60665875673294E-02 
679	 5.64573891460896E-02 
680	 5.69243915379047E-02 
681	 5.74683845043182E-02 
682	 0.058043085038662 
683	 5.86248338222504E-02 
684	 5.92190586030483E-02 
685	 5.99346272647381E-02 
686	 0.060707800090313 
687	 6.15222975611687E-02 
688	 6.24543279409409E-02 
689	 6.34085983037949E-02 
690	 0.064428448677063 
691	 6.55783861875534E-02 
692	 0.066866897046566 
693	 6.81942999362946E-02 
694	 6.95669874548912E-02 
695	 7.10628181695938E-02 
696	 0.072717122733593 
697	 0.074469119310379 
698	 7.62962400913239E-02 
699	 7.82573223114014E-02 
700	 8.03554207086563E-02 
701	 8.25714394450188E-02 
702	 8.48870277404785E-02 
703	 8.73053595423698E-02 
704	 8.98881107568741E-02 
705	 9.26020443439484E-02 
706	 9.53612551093102E-02 
707	 9.82396453619003E-02 
708	 0.101225085556507 
709	 0.104311108589172 
710	 0.107517838478088 
711	 0.110720761120319 
712	 0.113937400281429 
713	 0.117224358022213 
714	 0.120594300329685 
715	 0.123991176486015 
716	 0.127372875809669 
717	 0.130708798766136 
718	 0.134019136428833 
719	 0.137278690934181 
720	 0.140469208359718 
721	 0.143592521548271 
722	 0.14669132232666 
723	 0.149700611829758 
724	 0.15254969894886 
725	 0.155293539166451 
726	 0.157927572727203 
727	 0.160469695925713 
728	 0.162934795022011 
729	 0.165190070867538 
730	 0.16730023920536 
731	 0.169321194291115 
732	 0.171246275305748 
733	 0.173046350479126 
734	 0.174683004617691 
735	 0.176156371831894 
736	 0.177596613764763 
737	 0.178951278328896 
738	 0.180218309164047 
739	 0.181417688727379 
740	 0.182439789175987 
741	 0.183388575911522 
742	 0.184292510151863 
743	 0.18502801656723 
744	 0.185762092471123 
745	 0.186458453536034 
746	 0.187053442001343 
747	 0.187591999769211 
748	 0.188051775097847 
749	 0.188452884554863 
750	 0.188836187124252 
751	 0.189198926091194 
752	 0.189513131976128 
753	 0.189764827489853 
754	 0.189962342381477 
755	 0.190153226256371 
756	 0.190308123826981 
757	 0.190403163433075 
758	 0.19048285484314 
759	 0.19055001437664 
760	 0.19060742855072 
761	 0.19065161049366 
762	 0.190652713179588 
763	 0.190619707107544 
764	 0.190590098500252 
765	 0.190620437264442 
766	 0.190611079335213 
767	 0.190574511885643 
768	 0.19053128361702 
769	 0.190464362502098 
770	 0.190400764346123 
771	 0.190345123410225 
772	 0.190288171172142 
773	 0.190199106931686 
774	 0.190118014812469 
775	 0.190050065517426 
776	 0.189971506595612 
777	 0.189910396933556 
778	 0.189825832843781 
779	 0.189697936177254 
780	 0.189556106925011 
781	 0.1894551217556 
782	 0.189390018582344 
783	 0.189327046275139 
784	 0.189207851886749 
785	 0.189094483852386 
786	 0.18900839984417 
787	 0.188938051462173 
788	 0.188828215003014 
789	 0.188729867339134 
790	 0.188648208975792 
791	 0.188526287674904 
792	 0.188453301787376 
793	 0.188371852040291 
794	 0.188242971897125 
795	 0.188145890831947 
796	 0.188055276870728 
797	 0.18795508146286 
798	 0.187838107347488 
799	 0.187730178236961 
800	 0.187621518969536 
801	 0.187508627772331 
802	 0.18739265203476 
803	 0.187258377671242 
804	 0.187117114663124 
805	 0.186986029148102 
806	 0.186884254217148 
807	 0.186787500977516 
808	 0.186677545309067 
809	 0.186550632119179 
810	 0.186436548829079 
811	 0.186336070299149 
812	 0.186236128211021 
813	 0.186124727129936 
814	 0.186037734150887 
815	 0.185952052474022 
816	 0.185862019658089 
817	 0.185779392719269 
818	 0.185688450932503 
819	 0.185600385069847 
820	 0.185523137450218 
821	 0.185452923178673 
822	 0.185362130403519 
823	 0.185280054807663 
824	 0.185225650668144 
825	 0.185132533311844 
826	 0.185077428817749 
827	 0.185040041804314 
828	 0.184970036149025 
829	 0.184926524758339 
830	 0.184889778494835 
831	 0.184850335121155 
832	 0.184813022613525 
833	 0.184797033667564 
834	 0.184749320149422 
835	 0.184671387076378 
836	 0.184660822153091 
837	 0.184644341468811 
838	 0.184612914919853 
839	 0.184580758213997 
840	 0.184584483504295 
841	 0.184558495879173 
842	 0.18452063202858 
843	 0.184513613581657 
844	 0.184517815709114 
845	 0.184518247842789 
846	 0.184508815407753 
847	 0.184492170810699 
848	 0.184482827782631 
849	 0.184453949332237 
850	 0.18441179394722 
851	 0.18440717458725 
852	 0.184435650706291 
853	 0.184452950954437 
854	 0.184426635503769 
855	 0.184361636638641 
856	 0.184382066130638 
857	 0.184428632259369 
858	 0.184427723288536 
859	 0.184494286775589 
860	 0.18451814353466 
861	 0.184535533189774 
862	 0.18462997674942 
863	 0.18467304110527 
864	 0.184736773371696 
865	 0.184829652309418 
866	 0.184898734092712 
867	 0.184967264533043 
868	 0.185037598013878 
869	 0.18511526286602 
870	 0.18521311879158 
871	 0.185362562537193 
872	 0.185519263148308 
873	 0.185649216175079 
874	 0.185777455568314 
875	 0.185947701334953 
876	 0.186122357845306 
877	 0.186265110969543 
878	 0.186445474624634 
879	 0.186615109443665 
880	 0.186762243509293 
881	 0.186901539564133 
882	 0.187072038650513 
883	 0.1872778236866 
884	 0.187506213784218 
885	 0.187736868858337 
886	 0.187988013029099 
887	 0.188218504190445 
888	 0.188420593738556 
889	 0.1886325776577 
890	 0.188896968960762 
891	 0.18917053937912 
892	 0.189430221915245 
893	 0.189715668559074 
894	 0.19000743329525 
895	 0.190290480852127 
896	 0.190553367137909 
897	 0.190782234072685 
898	 0.191077470779419 
899	 0.191407561302185 
900	 0.191709712147713 
901	 0.191997244954109 
902	 0.192298173904419 
903	 0.1926139742136 
904	 0.192927941679955 
905	 0.193208232522011 
906	 0.193534761667252 
907	 0.193913415074348 
908	 0.194295346736908 
909	 0.194702014327049 
910	 0.195075482130051 
911	 0.195417404174805 
912	 0.195795029401779 
913	 0.196231499314308 
914	 0.196648329496384 
915	 0.197022095322609 
916	 0.197427362203598 
917	 0.197911247611046 
918	 0.198408484458923 
919	 0.19887375831604 
920	 0.19934655725956 
921	 0.199819564819336 
922	 0.200333058834076 
923	 0.200878828763962 
924	 0.201297119259834 
925	 0.201794251799583 
926	 0.202378034591675 
927	 0.202978476881981 
928	 0.203507632017136 
929	 0.204097181558609 
930	 0.204709500074387 
931	 0.205260127782822 
932	 0.20580005645752 
933	 0.206361249089241 
934	 0.206956878304482 
935	 0.207584485411644 
936	 0.208236560225487 
937	 0.208891972899437 
938	 0.209511131048203 
939	 0.21008038520813 
940	 0.210832789540291 
941	 0.211536720395088 
942	 0.212137505412102 
943	 0.212773710489273 
944	 0.213509485125542 
945	 0.214229837059975 
946	 0.214938893914223 
947	 0.215756013989449 
948	 0.216372162103653 
949	 0.217000260949135 
950	 0.21775971353054 
951	 0.218546196818352 
952	 0.219261631369591 
953	 0.219955056905746 
954	 0.2206701785326 
955	 0.221396073698997 
956	 0.222133174538612 
957	 0.2228983938694 
958	 0.223677337169647 
959	 0.224400982260704 
960	 0.225147470831871 
961	 0.225887015461922 
962	 0.22660405933857 
963	 0.227358311414719 
964	 0.228189289569855 
965	 0.229019314050674 
966	 0.229766175150871 
967	 0.230414122343063 
968	 0.231077596545219 
969	 0.23187555372715 
970	 0.232781782746315 
971	 0.233428403735161 
972	 0.23416331410408 
973	 0.23495689034462 
974	 0.235707923769951 
975	 0.236457571387291 
976	 0.23720508813858 
977	 0.238019853830338 
978	 0.23892679810524 
979	 0.239772349596024 
980	 0.240487068891525 
981	 0.241159617900848 
982	 0.241911992430687 
983	 0.242767721414566 
984	 0.243622571229935 
985	 0.244457602500916 
986	 0.245282515883446 
987	 0.246084839105606 
988	 0.246851325035095 
989	 0.247650891542435 
990	 0.248519688844681 
991	 0.249288529157639 
992	 0.250084906816483 
993	 0.250911474227905 
994	 0.251727730035782 
995	 0.25250381231308 
996	 0.253464430570602 
997	 0.254343837499619 
998	 0.25492450594902 
999	 0.255752056837082 
1000	 0.256598651409149 
1001	 0.255142420530319 
1002	 0.255973726511002 
1003	 0.256883233785629 
1004	 0.257666379213333 
1005	 0.258380115032196 
1006	 0.259131848812103 
1007	 0.259808629751205 
1008	 0.260592103004456 
1009	 0.261450350284576 
1010	 0.262271374464035 
1011	 0.263160586357117 
1012	 0.263960003852844 
1013	 0.264697939157486 
1014	 0.26544576883316 
1015	 0.266164809465408 
1016	 0.266849368810654 
1017	 0.26763129234314 
1018	 0.268378764390945 
1019	 0.26910462975502 
1020	 0.269872307777405 
1021	 0.27057084441185 
1022	 0.271190136671066 
1023	 0.271868646144867 
1024	 0.272550404071808 
1025	 0.273232221603394 
1026	 0.273930102586746 
1027	 0.274619519710541 
1028	 0.275302350521088 
1029	 0.275995463132858 
1030	 0.276689797639847 
1031	 0.277387470006943 
1032	 0.278066456317902 
1033	 0.278687000274658 
1034	 0.279321134090424 
1035	 0.279967129230499 
1036	 0.280620187520981 
1037	 0.281307846307755 
1038	 0.281978905200958 
1039	 0.282626986503601 
1040	 0.283296763896942 
1041	 0.283989608287811 
1042	 0.284663289785385 
1043	 0.285348266363144 
1044	 0.286007821559906 
1045	 0.286652237176895 
1046	 0.287305265665054 
1047	 0.287903606891632 
1048	 0.288536876440048 
1049	 0.289200276136398 
1050	 0.289814710617065 
1051	 0.290479511022568 
1052	 0.29116615653038 
1053	 0.291847616434097 
1054	 0.292574554681778 
1055	 0.293230295181274 
1056	 0.293829172849655 
1057	 0.294468253850937 
1058	 0.295101702213287 
1059	 0.295679837465286 
1060	 0.296335458755493 
1061	 0.29702091217041 
1062	 0.297692209482193 
1063	 0.298411458730698 
1064	 0.299079209566116 
1065	 0.299719572067261 
1066	 0.300322890281677 
1067	 0.300893515348434 
1068	 0.301530748605728 
1069	 0.302149921655655 
1070	 0.302770048379898 
1071	 0.303403437137604 
1072	 0.3040471971035 
1073	 0.304606109857559 
1074	 0.305189818143845 
1075	 0.305780351161957 
1076	 0.306318342685699 
1077	 0.306882947683334 
1078	 0.307420432567596 
1079	 0.307956784963608 
1080	 0.308522313833237 
1081	 0.309056043624878 
1082	 0.309617102146149 
1083	 0.310162991285324 
1084	 0.310673952102661 
1085	 0.311243981122971 
1086	 0.311783343553543 
1087	 0.312307476997375 
1088	 0.312843650579453 
1089	 0.313401430845261 
1090	 0.313871115446091 
1091	 0.314376652240753 
1092	 0.3148432970047 
1093	 0.31525194644928 
1094	 0.315750747919083 
1095	 0.316206067800522 
1096	 0.316673338413239 
1097	 0.317184388637543 
1098	 0.317599385976791 
1099	 0.318031936883926 
1100	 0.318482041358948 
1101	 0.318903088569641 
1102	 0.319350361824036 
1103	 0.319776654243469 
1104	 0.320193201303482 
1105	 0.320602595806122 
1106	 0.321010142564774 
1107	 0.321408629417419 
1108	 0.321820139884949 
1109	 0.322200179100037 
1110	 0.32257878780365 
1111	 0.322962373495102 
1112	 0.323321729898453 
1113	 0.323700666427612 
1114	 0.324078023433685 
1115	 0.324421912431717 
1116	 0.324760407209396 
1117	 0.325088411569595 
1118	 0.325416922569275 
1119	 0.325739681720734 
1120	 0.326058983802795 
1121	 0.326369971036911 
1122	 0.326698452234268 
1123	 0.327038168907166 
1124	 0.327345550060272 
1125	 0.327673763036728 
1126	 0.327991425991058 
1127	 0.328268647193909 
1128	 0.328556925058365 
1129	 0.328820735216141 
1130	 0.329085469245911 
1131	 0.329341679811478 
1132	 0.329561740159988 
1133	 0.329828351736069 
1134	 0.330082207918167 
1135	 0.330309987068176 
1136	 0.330524265766144 
1137	 0.33075350522995 
1138	 0.330957114696503 
1139	 0.3311787545681 
1140	 0.331424862146378 
1141	 0.331659018993378 
1142	 0.331870943307877 
1143	 0.332079470157623 
1144	 0.332298785448074 
1145	 0.332519173622131 
1146	 0.332722902297974 
1147	 0.332906097173691 
1148	 0.333079725503922 
1149	 0.333254784345627 
1150	 0.33343979716301 
1151	 0.333629250526428 
1152	 0.333797186613083 
1153	 0.333939284086227 
1154	 0.334099501371384 
1155	 0.334256380796433 
1156	 0.334413021802902 
1157	 0.334606140851974 
1158	 0.334744930267334 
1159	 0.334854483604431 
1160	 0.334951192140579 
1161	 0.335041791200638 
1162	 0.33510759472847 
1163	 0.335160881280899 
1164	 0.335233807563782 
1165	 0.335291743278503 
1166	 0.335339814424515 
1167	 0.335422277450562 
1168	 0.335478246212006 
1169	 0.335529416799545 
1170	 0.335578083992004 
1171	 0.335616290569305 
1172	 0.335627824068069 
1173	 0.3356674015522 
1174	 0.335711985826492 
1175	 0.335751920938492 
1176	 0.335796177387238 
1177	 0.335853219032288 
1178	 0.335916519165039 
1179	 0.335976243019104 
1180	 0.336028099060059 
1181	 0.336103767156601 
1182	 0.336193561553955 
1183	 0.336272746324539 
1184	 0.336372435092926 
1185	 0.336492031812668 
1186	 0.336613923311234 
1187	 0.336726009845734 
1188	 0.336863547563553 
1189	 0.337027788162231 
1190	 0.337193071842194 
1191	 0.337351858615875 
1192	 0.33754563331604 
1193	 0.337766408920288 
1194	 0.33798360824585 
1195	 0.338224232196808 
1196	 0.338464945554733 
1197	 0.338705509901047 
1198	 0.338953226804733 
1199	 0.339217245578766 
1200	 0.339469999074936 
1201	 0.339729905128479 
1202	 0.339993327856064 
1203	 0.340256333351135 
1204	 0.340533316135406 
1205	 0.34079784154892 
1206	 0.341048985719681 
1207	 0.34133568406105 
1208	 0.341614603996277 
1209	 0.341932564973831 
1210	 0.342290699481964 
1211	 0.342649340629578 
1212	 0.343033850193024 
1213	 0.343416333198547 
1214	 0.343797087669373 
1215	 0.344205975532532 
1216	 0.344641774892807 
1217	 0.345062643289566 
1218	 0.345510452985764 
1219	 0.345932096242905 
1220	 0.346324414014816 
1221	 0.346748977899551 
1222	 0.347174555063248 
1223	 0.347606837749481 
1224	 0.348010033369064 
1225	 0.348411947488785 
1226	 0.348777949810028 
1227	 0.34910061955452 
1228	 0.349446535110474 
1229	 0.349791288375854 
1230	 0.350124567747116 
1231	 0.350448042154312 
1232	 0.350783884525299 
1233	 0.351122826337814 
1234	 0.351440846920013 
1235	 0.351760506629944 
1236	 0.352078437805176 
1237	 0.35236394405365 
1238	 0.352668106555939 
1239	 0.352985560894012 
1240	 0.353310197591782 
1241	 0.353637665510178 
1242	 0.353954255580902 
1243	 0.354265302419662 
1244	 0.354585498571396 
1245	 0.354868769645691 
1246	 0.355131864547729 
1247	 0.355386137962341 
1248	 0.355621010065079 
1249	 0.355848371982574 
1250	 0.356064021587372 
1251	 0.356270730495453 
1252	 0.356452077627182 
1253	 0.356648564338684 
1254	 0.356865793466568 
1255	 0.357048243284225 
1256	 0.357208251953125 
1257	 0.357381165027618 
1258	 0.35753208398819 
1259	 0.35768985748291 
1260	 0.357852637767792 
1261	 0.358033716678619 
1262	 0.358216434717178 
1263	 0.358403712511063 
1264	 0.358616650104523 
1265	 0.358868330717087 
1266	 0.359085589647293 
1267	 0.359311163425446 
1268	 0.359509259462357 
1269	 0.359663605690002 
1270	 0.359875440597534 
1271	 0.360094040632248 
1272	 0.360328555107117 
1273	 0.360613405704498 
1274	 0.360866338014603 
1275	 0.361109137535095 
1276	 0.361349880695343 
1277	 0.361582458019257 
1278	 0.361819088459015 
1279	 0.362054288387299 
1280	 0.362288057804108 
1281	 0.362511456012726 
1282	 0.362751841545105 
1283	 0.363004177808762 
1284	 0.363248765468597 
1285	 0.363495290279388 
1286	 0.363762080669403 
1287	 0.363987803459167 
1288	 0.364187300205231 
1289	 0.364403247833252 
1290	 0.364604324102402 
1291	 0.364819377660751 
1292	 0.36505326628685 
1293	 0.365263819694519 
1294	 0.365462899208069 
1295	 0.365665107965469 
1296	 0.365861684083939 
1297	 0.366054445505142 
1298	 0.366252362728119 
1299	 0.366435527801514 
1300	 0.366601884365082 
1301	 0.366773456335068 
1302	 0.366945654153824 
1303	 0.367107480764389 
1304	 0.367273509502411 
1305	 0.367421746253967 
1306	 0.36754384636879 
1307	 0.367675840854645 
1308	 0.367808133363724 
1309	 0.367939531803131 
1310	 0.368039280176163 
1311	 0.368130624294281 
1312	 0.368215590715408 
1313	 0.368267267942429 
1314	 0.368342638015747 
1315	 0.36842292547226 
1316	 0.368515908718109 
1317	 0.368610829114914 
1318	 0.368715077638626 
1319	 0.368838101625443 
1320	 0.368956178426743 
1321	 0.369080752134323 
1322	 0.36919379234314 
1323	 0.369310051202774 
1324	 0.369415313005447 
1325	 0.369518160820007 
1326	 0.369599491357803 
1327	 0.369693219661713 
1328	 0.369734078645706 
1329	 0.369734615087509 
1330	 0.369721412658691 
1331	 0.369665235280991 
1332	 0.36960768699646 
1333	 0.369544714689255 
1334	 0.369461953639984 
1335	 0.369374513626099 
1336	 0.369262963533401 
1337	 0.369189113378525 
1338	 0.369117677211761 
1339	 0.369061321020126 
1340	 0.369029372930527 
1341	 0.368993312120438 
1342	 0.368959277868271 
1343	 0.368930101394653 
1344	 0.368922024965286 
1345	 0.368886023759842 
1346	 0.368866741657257 
1347	 0.368784129619598 
1348	 0.368666052818298 
1349	 0.368530631065369 
1350	 0.368343383073807 
1351	 0.368164986371994 
1352	 0.367974728345871 
1353	 0.367784321308136 
1354	 0.367582410573959 
1355	 0.367383569478989 
1356	 0.367186814546585 
1357	 0.366985589265823 
1358	 0.36676037311554 
1359	 0.366567581892014 
1360	 0.366387188434601 
1361	 0.366218566894531 
1362	 0.366052061319351 
1363	 0.365916043519974 
1364	 0.365785956382751 
1365	 0.365656703710556 
1366	 0.365547001361847 
1367	 0.365473687648773 
1368	 0.365368545055389 
1369	 0.36526358127594 
1370	 0.365143448114395 
1371	 0.365003407001495 
1372	 0.36487603187561 
1373	 0.36476257443428 
1374	 0.364610522985458 
1375	 0.364463120698929 
1376	 0.364268898963928 
1377	 0.364030957221985 
1378	 0.3637815117836 
1379	 0.363484263420105 
1380	 0.363215774297714 
1381	 0.362921565771103 
1382	 0.362666249275208 
1383	 0.362440794706345 
1384	 0.362222105264664 
1385	 0.362024813890457 
1386	 0.361831337213516 
1387	 0.361642450094223 
1388	 0.361469238996506 
1389	 0.361321181058884 
1390	 0.361162751913071 
1391	 0.361007869243622 
1392	 0.360847651958466 
1393	 0.360720872879028 
1394	 0.360592663288116 
1395	 0.360465228557587 
1396	 0.360375761985779 
1397	 0.360226571559906 
1398	 0.360066413879395 
1399	 0.359844893217087 
1400	 0.359601110219955 
1401	 0.359285831451416 
1402	 0.358909606933594 
1403	 0.3584945499897 
1404	 0.358023107051849 
1405	 0.357529610395432 
1406	 0.356998652219772 
1407	 0.356430977582932 
1408	 0.355812728404999 
1409	 0.355194240808487 
1410	 0.354549139738083 
1411	 0.353882372379303 
1412	 0.353205054998398 
1413	 0.352510362863541 
1414	 0.351785928010941 
1415	 0.351049095392227 
1416	 0.350282400846481 
1417	 0.349528819322586 
1418	 0.348781615495682 
1419	 0.348002076148987 
1420	 0.347215503454208 
1421	 0.34642693400383 
1422	 0.345595270395279 
1423	 0.344782173633575 
1424	 0.343998968601227 
1425	 0.343174666166306 
1426	 0.342396706342697 
1427	 0.341612935066223 
1428	 0.340826123952866 
1429	 0.34008663892746 
1430	 0.339328646659851 
1431	 0.338575959205627 
1432	 0.337798744440079 
1433	 0.337029695510864 
1434	 0.336215287446976 
1435	 0.335380405187607 
1436	 0.334493309259415 
1437	 0.333562403917313 
1438	 0.332634091377258 
1439	 0.331639409065247 
1440	 0.330709904432297 
1441	 0.329742908477783 
1442	 0.328918546438217 
1443	 0.328083664178848 
1444	 0.327479541301727 
1445	 0.326979577541351 
1446	 0.326710909605026 
1447	 0.326617419719696 
1448	 0.326723039150238 
1449	 0.327069282531738 
1450	 0.327525109052658 
1451	 0.328215479850769 
1452	 0.328927248716354 
1453	 0.329811811447144 
1454	 0.330645948648453 
1455	 0.331564515829086 
1456	 0.332407712936401 
1457	 0.333270460367203 
1458	 0.334031701087952 
1459	 0.334735840559006 
1460	 0.335367351770401 
1461	 0.335921883583069 
1462	 0.336399346590042 
1463	 0.336805611848831 
1464	 0.337143152952194 
1465	 0.337393224239349 
1466	 0.337592363357544 
1467	 0.337705224752426 
1468	 0.337766200304031 
1469	 0.337770104408264 
1470	 0.337694644927979 
1471	 0.337573498487473 
1472	 0.337399393320084 
1473	 0.337170034646988 
1474	 0.336872309446335 
1475	 0.336543351411819 
1476	 0.336165547370911 
1477	 0.335748821496964 
1478	 0.335300594568253 
1479	 0.334779530763626 
1480	 0.334211856126785 
1481	 0.333575457334518 
1482	 0.332855194807053 
1483	 0.332112371921539 
1484	 0.331307381391525 
1485	 0.330492228269577 
1486	 0.329612255096436 
1487	 0.328789860010147 
1488	 0.327916502952576 
1489	 0.327168971300125 
1490	 0.326436370611191 
1491	 0.325861543416977 
1492	 0.325370341539383 
1493	 0.325029104948044 
1494	 0.32482835650444 
1495	 0.324741154909134 
1496	 0.324787348508835 
1497	 0.324940592050552 
1498	 0.325222223997116 
1499	 0.325598299503326 
1500	 0.3260418176651 
1501	 0.326674997806549 
1502	 0.327399671077728 
1503	 0.328344464302063 
1504	 0.329469740390778 
1505	 0.330796360969543 
1506	 0.332422733306885 
1507	 0.334055930376053 
1508	 0.335966557264328 
1509	 0.337730377912521 
1510	 0.339590758085251 
1511	 0.34121385216713 
1512	 0.342746168375015 
1513	 0.344093173742294 
1514	 0.345217227935791 
1515	 0.346237897872925 
1516	 0.347051650285721 
1517	 0.347845882177353 
1518	 0.348515868186951 
1519	 0.349162220954895 
1520	 0.349766343832016 
1521	 0.350335329771042 
1522	 0.350865989923477 
1523	 0.35140135884285 
1524	 0.351920038461685 
1525	 0.352441042661667 
1526	 0.352917343378067 
1527	 0.353364169597626 
1528	 0.353799402713776 
1529	 0.354210019111633 
1530	 0.354602724313736 
1531	 0.354982942342758 
1532	 0.355335533618927 
1533	 0.355654388666153 
1534	 0.355978637933731 
1535	 0.356283634901047 
1536	 0.356595396995544 
1537	 0.356887519359589 
1538	 0.357227593660355 
1539	 0.357572764158249 
1540	 0.357960671186447 
1541	 0.358392268419266 
1542	 0.358831495046616 
1543	 0.35929548740387 
1544	 0.359767258167267 
1545	 0.360263139009476 
1546	 0.360754728317261 
1547	 0.361253917217255 
1548	 0.361758708953857 
1549	 0.362263649702072 
1550	 0.362786859273911 
1551	 0.363343834877014 
1552	 0.363854646682739 
1553	 0.364357352256775 
1554	 0.364853024482727 
1555	 0.365315288305283 
1556	 0.365791231393814 
1557	 0.366293668746948 
1558	 0.36674976348877 
1559	 0.367179274559021 
1560	 0.367603063583374 
1561	 0.367991149425507 
1562	 0.36840158700943 
1563	 0.368835061788559 
1564	 0.36922413110733 
1565	 0.369604557752609 
1566	 0.369962394237518 
1567	 0.37027034163475 
1568	 0.370600610971451 
1569	 0.370937019586563 
1570	 0.371259361505508 
1571	 0.371570020914078 
1572	 0.371889531612396 
1573	 0.372203499078751 
1574	 0.372520565986633 
1575	 0.372856706380844 
1576	 0.373169094324112 
1577	 0.373468041419983 
1578	 0.373762995004654 
1579	 0.37403878569603 
1580	 0.37432524561882 
1581	 0.374609649181366 
1582	 0.374900490045547 
1583	 0.375211268663406 
1584	 0.37549614906311 
1585	 0.375770092010498 
1586	 0.376042276620865 
1587	 0.376281589269638 
1588	 0.376552522182465 
1589	 0.376853078603745 
1590	 0.377131074666977 
1591	 0.377413034439087 
1592	 0.377689629793167 
1593	 0.377954661846161 
1594	 0.37821301817894 
1595	 0.37846827507019 
1596	 0.378721863031387 
1597	 0.378955483436584 
1598	 0.379204452037811 
1599	 0.379464089870453 
1600	 0.379725247621536 
1601	 0.379994124174118 
1602	 0.380259662866592 
1603	 0.380538582801819 
1604	 0.380793005228043 
1605	 0.381037384271622 
1606	 0.381270885467529 
1607	 0.381489396095276 
1608	 0.381696403026581 
1609	 0.381887763738632 
1610	 0.382078558206558 
1611	 0.382249236106873 
1612	 0.382429897785187 
1613	 0.382613152265549 
1614	 0.3828005194664 
1615	 0.382993876934052 
1616	 0.383185416460037 
1617	 0.383389055728912 
1618	 0.383576363325119 
1619	 0.383760154247284 
1620	 0.38392785191536 
1621	 0.384082496166229 
1622	 0.384223580360413 
1623	 0.384358286857605 
1624	 0.384469091892242 
1625	 0.384550362825394 
1626	 0.384635388851166 
1627	 0.384694993495941 
1628	 0.384767383337021 
1629	 0.384852111339569 
1630	 0.3849276304245 
1631	 0.384988397359848 
1632	 0.385071635246277 
1633	 0.385146677494049 
1634	 0.385252922773361 
1635	 0.385381072759628 
1636	 0.385532975196838 
1637	 0.385725140571594 
1638	 0.385908305644989 
1639	 0.38612762093544 
1640	 0.386312872171402 
1641	 0.386483788490295 
1642	 0.386636853218079 
1643	 0.386772006750107 
1644	 0.386889457702637 
1645	 0.386991769075394 
1646	 0.387076824903488 
1647	 0.387147754430771 
1648	 0.387190610170364 
1649	 0.387226045131683 
1650	 0.387212187051773 
1651	 0.387153297662735 
1652	 0.387075990438461 
1653	 0.386958301067352 
1654	 0.38682559132576 
1655	 0.386678785085678 
1656	 0.386499583721161 
1657	 0.386296898126602 
1658	 0.386059880256653 
1659	 0.385780572891235 
1660	 0.385495543479919 
1661	 0.385196775197983 
1662	 0.384855389595032 
1663	 0.384505599737167 
1664	 0.384092420339584 
1665	 0.383630931377411 
1666	 0.383115887641907 
1667	 0.3825563788414 
1668	 0.381942391395569 
1669	 0.38127264380455 
1670	 0.380550146102905 
1671	 0.379761129617691 
1672	 0.378932505846024 
1673	 0.378054320812225 
1674	 0.377131760120392 
1675	 0.376163899898529 
1676	 0.375168144702911 
1677	 0.374115526676178 
1678	 0.373058378696442 
1679	 0.3719722032547 
1680	 0.370864540338516 
1681	 0.369738817214966 
1682	 0.368581712245941 
1683	 0.367385923862457 
1684	 0.366208672523499 
1685	 0.365011155605316 
1686	 0.363827437162399 
1687	 0.362641096115112 
1688	 0.361463278532028 
1689	 0.360278189182281 
1690	 0.359120011329651 
1691	 0.357959002256393 
1692	 0.356885939836502 
1693	 0.355869323015213 
1694	 0.354874581098557 
1695	 0.35393425822258 
1696	 0.353005290031433 
1697	 0.352093666791916 
1698	 0.351192981004715 
1699	 0.35034042596817 
1700	 0.349493503570557 
1701	 0.34864667057991 
1702	 0.347816169261932 
1703	 0.34699621796608 
1704	 0.346199870109558 
1705	 0.345404207706451 
1706	 0.344634234905243 
1707	 0.343966126441956 
1708	 0.343284249305725 
1709	 0.342635542154312 
1710	 0.342046499252319 
1711	 0.341415673494339 
1712	 0.340846449136734 
1713	 0.340284615755081 
1714	 0.339690059423447 
1715	 0.339151322841644 
1716	 0.338578581809998 
1717	 0.338016748428345 
1718	 0.337477177381516 
1719	 0.336889445781708 
1720	 0.336345225572586 
1721	 0.335814654827118 
1722	 0.335293114185333 
1723	 0.334860026836395 
1724	 0.33442035317421 
1725	 0.334017693996429 
1726	 0.33369255065918 
1727	 0.333368718624115 
1728	 0.333104074001312 
1729	 0.332901298999786 
1730	 0.332756608724594 
1731	 0.332673162221909 
1732	 0.332666993141174 
1733	 0.332742422819138 
1734	 0.332861840724945 
1735	 0.333034664392471 
1736	 0.333223938941956 
1737	 0.333394557237625 
1738	 0.333553016185761 
1739	 0.333664298057556 
1740	 0.333751261234283 
1741	 0.333801865577698 
1742	 0.333789527416229 
1743	 0.33379802107811 
1744	 0.333771407604218 
1745	 0.333782017230988 
1746	 0.333796411752701 
1747	 0.333851903676987 
1748	 0.333913415670395 
1749	 0.334063142538071 
1750	 0.334257841110229 
1751	 0.334533154964447 
1752	 0.334900856018066 
1753	 0.335297018289566 
1754	 0.33575040102005 
1755	 0.336246371269226 
1756	 0.336789429187775 
1757	 0.337378561496735 
1758	 0.338015198707581 
1759	 0.338614284992218 
1760	 0.339261531829834 
1761	 0.339962184429169 
1762	 0.340678930282593 
1763	 0.341505855321884 
1764	 0.342350661754608 
1765	 0.343185365200043 
1766	 0.344104945659637 
1767	 0.345003545284271 
1768	 0.345955580472946 
1769	 0.34697300195694 
1770	 0.347890198230743 
1771	 0.348830759525299 
1772	 0.349739193916321 
1773	 0.350574284791946 
1774	 0.351470798254013 
1775	 0.352311074733734 
1776	 0.353123515844345 
1777	 0.353902280330658 
1778	 0.354572385549545 
1779	 0.355236560106277 
1780	 0.35585942864418 
1781	 0.356457322835922 
1782	 0.357065349817276 
1783	 0.357602745294571 
1784	 0.358136534690857 
1785	 0.358621627092361 
1786	 0.359122544527054 
1787	 0.359645068645477 
1788	 0.360121160745621 
1789	 0.360582172870636 
1790	 0.361035108566284 
1791	 0.361458361148834 
1792	 0.361886233091354 
1793	 0.36230942606926 
1794	 0.362733781337738 
1795	 0.363100707530975 
1796	 0.363422811031342 
1797	 0.363782048225403 
1798	 0.364118576049805 
1799	 0.3644739985466 
1800	 0.364849060773849 
1801	 0.367203235626221 
1802	 0.367761671543121 
1803	 0.368273764848709 
1804	 0.368697166442871 
1805	 0.369144111871719 
1806	 0.36954939365387 
1807	 0.369917303323746 
1808	 0.370267987251282 
1809	 0.370597451925278 
1810	 0.370901465415955 
1811	 0.371167629957199 
1812	 0.371432512998581 
1813	 0.371660172939301 
1814	 0.371930688619614 
1815	 0.372162967920303 
1816	 0.372393906116486 
1817	 0.372630417346954 
1818	 0.372855424880981 
1819	 0.373088657855988 
1820	 0.373325496912003 
1821	 0.373572051525116 
1822	 0.373831123113632 
1823	 0.374090820550919 
1824	 0.374331891536713 
1825	 0.374566793441772 
1826	 0.374776422977448 
1827	 0.374950259923935 
1828	 0.375138074159622 
1829	 0.375320106744766 
1830	 0.375497490167618 
1831	 0.375681459903717 
1832	 0.375837862491608 
1833	 0.375974237918854 
1834	 0.376133352518082 
1835	 0.376262605190277 
1836	 0.376401126384735 
1837	 0.37656158208847 
1838	 0.376725256443024 
1839	 0.376905649900436 
1840	 0.377122908830643 
1841	 0.377322196960449 
1842	 0.377529054880142 
1843	 0.377737700939178 
1844	 0.377920240163803 
1845	 0.378061592578888 
1846	 0.378204822540283 
1847	 0.378313660621643 
1848	 0.378413856029511 
1849	 0.378529608249664 
1850	 0.378584444522858 
1851	 0.378607839345932 
1852	 0.378600209951401 
1853	 0.378545194864273 
1854	 0.37842646241188 
1855	 0.378263711929321 
1856	 0.378078103065491 
1857	 0.377831488847733 
1858	 0.377513527870178 
1859	 0.377175122499466 
1860	 0.376813590526581 
1861	 0.376363962888718 
1862	 0.375854760408401 
1863	 0.375334858894348 
1864	 0.374701052904129 
1865	 0.374021887779236 
1866	 0.373278558254242 
1867	 0.372400611639023 
1868	 0.371478199958801 
1869	 0.37049588561058 
1870	 0.369488835334778 
1871	 0.368428230285645 
1872	 0.367394834756851 
1873	 0.366350889205933 
1874	 0.365285784006119 
1875	 0.364237129688263 
1876	 0.363080114126205 
1877	 0.361937999725342 
1878	 0.36069393157959 
1879	 0.359326988458633 
1880	 0.357998460531235 
1881	 0.356503188610077 
1882	 0.354864984750748 
1883	 0.353176474571228 
1884	 0.351391613483429 
1885	 0.349399477243423 
1886	 0.347435474395752 
1887	 0.345365405082703 
1888	 0.34323126077652 
1889	 0.341240108013153 
1890	 0.339169561862946 
1891	 0.337104260921478 
1892	 0.33509236574173 
1893	 0.332935124635696 
1894	 0.330649793148041 
1895	 0.32840695977211 
1896	 0.32606765627861 
1897	 0.323599427938461 
1898	 0.321278870105743 
1899	 0.318788647651672 
1900	 0.316282272338867 
1901	 0.313785433769226 
1902	 0.311038345098495 
1903	 0.308376610279083 
1904	 0.305664360523224 
1905	 0.302878469228745 
1906	 0.300034672021866 
1907	 0.297390788793564 
1908	 0.294622391462326 
1909	 0.291889578104019 
1910	 0.289208978414536 
1911	 0.28635236620903 
1912	 0.283569753170013 
1913	 0.280754745006561 
1914	 0.277901709079742 
1915	 0.275264054536819 
1916	 0.27278134226799 
1917	 0.270298033952713 
1918	 0.267993241548538 
1919	 0.265900701284409 
1920	 0.263746798038483 
1921	 0.261853605508804 
1922	 0.260036647319794 
1923	 0.258289992809296 
1924	 0.256781488656998 
1925	 0.255244761705399 
1926	 0.253703713417053 
1927	 0.252282738685608 
1928	 0.250717163085938 
1929	 0.249064162373543 
1930	 0.247423961758614 
1931	 0.245753526687622 
1932	 0.244034871459007 
1933	 0.242493972182274 
1934	 0.240970313549042 
1935	 0.239527478814125 
1936	 0.238229125738144 
1937	 0.237044289708138 
1938	 0.235911756753922 
1939	 0.235025867819786 
1940	 0.234291478991508 
1941	 0.233735635876656 
1942	 0.233408838510513 
1943	 0.233252003788948 
1944	 0.23326712846756 
1945	 0.233502179384232 
1946	 0.23394238948822 
1947	 0.234512478113174 
1948	 0.235308155417442 
1949	 0.236335963010788 
1950	 0.237486824393272 
1951	 0.238835498690605 
1952	 0.240320608019829 
1953	 0.241951197385788 
1954	 0.243726387619972 
1955	 0.245726227760315 
1956	 0.247728526592255 
1957	 0.249807074666023 
1958	 0.251909583806992 
1959	 0.253780514001846 
1960	 0.255587726831436 
1961	 0.257213205099106 
1962	 0.258658647537231 
1963	 0.259965270757675 
1964	 0.261137038469315 
1965	 0.262142479419708 
1966	 0.262974321842194 
1967	 0.263712257146835 
1968	 0.264282405376434 
1969	 0.264820009469986 
1970	 0.265297919511795 
1971	 0.265751510858536 
1972	 0.266239941120148 
1973	 0.266715109348297 
1974	 0.267260819673538 
1975	 0.267862796783447 
1976	 0.268479079008102 
1977	 0.269114524126053 
1978	 0.269820094108582 
1979	 0.270556062459946 
1980	 0.271329522132874 
1981	 0.272223919630051 
1982	 0.273140221834183 
1983	 0.274148374795914 
1984	 0.275229871273041 
1985	 0.276298761367798 
1986	 0.277481555938721 
1987	 0.278740137815475 
1988	 0.280009090900421 
1989	 0.281462907791138 
1990	 0.283065050840378 
1991	 0.284723877906799 
1992	 0.286514163017273 
1993	 0.288402110338211 
1994	 0.290209859609604 
1995	 0.292187988758087 
1996	 0.294166803359985 
1997	 0.296161383390427 
1998	 0.298238575458527 
1999	 0.300459951162338 
2000	 0.302511096000671 
2001	 0.3046515583992 
2002	 0.306560933589935 
2003	 0.308322578668594 
2004	 0.310023188591003 
2005	 0.311565905809402 
2006	 0.313076764345169 
2007	 0.314570695161819 
2008	 0.315907388925552 
2009	 0.317138075828552 
2010	 0.318316459655762 
2011	 0.319296300411224 
2012	 0.320220589637756 
2013	 0.321063250303268 
2014	 0.321807354688644 
2015	 0.322489380836487 
2016	 0.323096096515656 
2017	 0.323623865842819 
2018	 0.32406958937645 
2019	 0.324459403753281 
2020	 0.324769228696823 
2021	 0.325015813112259 
2022	 0.325204700231552 
2023	 0.325364202260971 
2024	 0.325508892536163 
2025	 0.325619399547577 
2026	 0.325695991516113 
2027	 0.325742304325104 
2028	 0.325780630111694 
2029	 0.325769603252411 
2030	 0.32577046751976 
2031	 0.325818181037903 
2032	 0.325771540403366 
2033	 0.325718820095062 
2034	 0.325565934181213 
2035	 0.325352698564529 
2036	 0.325023621320724 
2037	 0.324649542570114 
2038	 0.324168503284454 
2039	 0.323682904243469 
2040	 0.323087126016617 
2041	 0.322600305080414 
2042	 0.322034031152725 
2043	 0.321688413619995 
2044	 0.321432203054428 
2045	 0.321311295032501 
2046	 0.321366995573044 
2047	 0.321469783782959 
2048	 0.321720033884048 
2049	 0.321953237056732 
2050	 0.322287917137146 
2051	 0.322597414255142 
2052	 0.322841495275497 
2053	 0.323024421930313 
2054	 0.323149621486664 
2055	 0.323170244693756 
2056	 0.323215752840042 
2057	 0.323211640119553 
2058	 0.323240578174591 
2059	 0.323238849639893 
2060	 0.323298394680023 
2061	 0.323369860649109 
2062	 0.32349619269371 
2063	 0.323674649000168 
2064	 0.323877573013306 
2065	 0.32413250207901 
2066	 0.324390888214111 
2067	 0.324675440788269 
2068	 0.324979811906815 
2069	 0.325293093919754 
2070	 0.325639307498932 
2071	 0.325954467058182 
2072	 0.326284945011139 
2073	 0.326573073863983 
2074	 0.326845824718475 
2075	 0.327078938484192 
2076	 0.327295958995819 
2077	 0.327463507652283 
2078	 0.327589422464371 
2079	 0.327680617570877 
2080	 0.32771310210228 
2081	 0.327740341424942 
2082	 0.327745258808136 
2083	 0.327716380357742 
2084	 0.327675431966782 
2085	 0.327620089054108 
2086	 0.327549904584885 
2087	 0.327462911605835 
2088	 0.327350378036499 
2089	 0.327221423387527 
2090	 0.327073246240616 
2091	 0.326889723539352 
2092	 0.326705724000931 
2093	 0.326509028673172 
2094	 0.326307386159897 
2095	 0.326090604066849 
2096	 0.325872033834457 
2097	 0.325660973787308 
2098	 0.325424671173096 
2099	 0.325176954269409 
2100	 0.324914842844009 
2101	 0.324632704257965 
2102	 0.324322730302811 
2103	 0.324024826288223 
2104	 0.323706358671188 
2105	 0.323411077260971 
2106	 0.323141098022461 
2107	 0.322831094264984 
2108	 0.322518438100815 
2109	 0.322186559438705 
2110	 0.321810185909271 
2111	 0.321459919214249 
2112	 0.32111319899559 
2113	 0.320765882730484 
2114	 0.32043918967247 
2115	 0.320085048675537 
2116	 0.319700419902802 
2117	 0.319340229034424 
2118	 0.318974286317825 
2119	 0.318594753742218 
2120	 0.318229645490646 
2121	 0.317881643772125 
2122	 0.317519187927246 
2123	 0.31715115904808 
2124	 0.316780120134354 
2125	 0.316422373056412 
2126	 0.316027492284775 
2127	 0.315611928701401 
2128	 0.315194666385651 
2129	 0.314748376607895 
2130	 0.314309388399124 
2131	 0.313869178295136 
2132	 0.31342825293541 
2133	 0.312983602285385 
2134	 0.312544912099838 
2135	 0.312076896429062 
2136	 0.311619073152542 
2137	 0.311153560876846 
2138	 0.310667842626572 
2139	 0.310196369886398 
2140	 0.309729486703873 
2141	 0.309271216392517 
2142	 0.308832556009293 
2143	 0.30835810303688 
2144	 0.307868272066116 
2145	 0.307396560907364 
2146	 0.306887120008469 
2147	 0.30642157793045 
2148	 0.305996298789978 
2149	 0.305572390556335 
2150	 0.305180728435516 
2151	 0.304765611886978 
2152	 0.304358839988709 
2153	 0.30394047498703 
2154	 0.303473591804504 
2155	 0.302994251251221 
2156	 0.302533328533173 
2157	 0.302057594060898 
2158	 0.301598280668259 
2159	 0.301163852214813 
2160	 0.300709843635559 
2161	 0.300244897603989 
2162	 0.299792021512985 
2163	 0.299325883388519 
2164	 0.298890471458435 
2165	 0.298461258411407 
2166	 0.298060476779938 
2167	 0.297691017389297 
2168	 0.297329097986221 
2169	 0.296972990036011 
2170	 0.296654969453812 
2171	 0.296351611614227 
2172	 0.296082884073257 
2173	 0.295857310295105 
2174	 0.295644283294678 
2175	 0.295481443405151 
2176	 0.295336931943893 
2177	 0.295204281806946 
2178	 0.295110136270523 
2179	 0.295006692409515 
2180	 0.294904083013535 
2181	 0.2948177754879 
2182	 0.294759511947632 
2183	 0.294666618108749 
2184	 0.294585138559341 
2185	 0.294460654258728 
2186	 0.294296205043793 
2187	 0.294140636920929 
2188	 0.293975979089737 
2189	 0.293788284063339 
2190	 0.293603420257568 
2191	 0.293378531932831 
2192	 0.293124109506607 
2193	 0.292841076850891 
2194	 0.292525917291641 
2195	 0.292189687490463 
2196	 0.291834503412247 
2197	 0.291429966688156 
2198	 0.291017025709152 
2199	 0.290577352046967 
2200	 0.290077567100525 
2201	 0.289548575878143 
2202	 0.288936793804169 
2203	 0.288273632526398 
2204	 0.287522703409195 
2205	 0.286650717258453 
2206	 0.285817265510559 
2207	 0.284900635480881 
2208	 0.284045189619064 
2209	 0.283177584409714 
2210	 0.282406836748123 
2211	 0.281583398580551 
2212	 0.281003445386887 
2213	 0.280547529459 
2214	 0.280249148607254 
2215	 0.280193537473679 
2216	 0.28015461564064 
2217	 0.280287384986877 
2218	 0.280381292104721 
2219	 0.28055214881897 
2220	 0.280675560235977 
2221	 0.280815720558167 
2222	 0.280896961688995 
2223	 0.280929833650589 
2224	 0.280917942523956 
2225	 0.280871331691742 
2226	 0.280734807252884 
2227	 0.280496120452881 
2228	 0.280195534229279 
2229	 0.279785841703415 
2230	 0.279226779937744 
2231	 0.278664290904999 
2232	 0.278059810400009 
2233	 0.277338773012161 
2234	 0.276588350534439 
2235	 0.275653868913651 
2236	 0.274572759866714 
2237	 0.273411422967911 
2238	 0.272062361240387 
2239	 0.270716607570648 
2240	 0.269333690404892 
2241	 0.267830729484558 
2242	 0.266318500041962 
2243	 0.264605939388275 
2244	 0.262713491916656 
2245	 0.260752975940704 
2246	 0.258522540330887 
2247	 0.256413042545319 
2248	 0.254335105419159 
2249	 0.252170264720917 
2250	 0.250015586614609 
2251	 0.247865110635757 
2252	 0.245398923754692 
2253	 0.242992490530014 
2254	 0.240518182516098 
2255	 0.237957894802094 
2256	 0.235624834895134 
2257	 0.233202189207077 
2258	 0.230793938040733 
2259	 0.228464707732201 
2260	 0.22598785161972 
2261	 0.223421111702919 
2262	 0.220875233411789 
2263	 0.218204036355019 
2264	 0.215682715177536 
2265	 0.213303491473198 
2266	 0.210716068744659 
2267	 0.208252117037773 
2268	 0.205420956015587 
2269	 0.202361688017845 
2270	 0.199146494269371 
2271	 0.195681169629097 
2272	 0.192091882228851 
2273	 0.188352838158607 
2274	 0.184383064508438 
2275	 0.18019425868988 
2276	 0.175887539982796 
2277	 0.171111077070236 
2278	 0.166733309626579 
2279	 0.162060931324959 
2280	 0.158091932535172 
2281	 0.154518231749535 
2282	 0.151367366313934 
2283	 0.148600459098816 
2284	 0.146507754921913 
2285	 0.144756510853767 
2286	 0.143572866916656 
2287	 0.142998039722443 
2288	 0.142937004566193 
2289	 0.143288552761078 
2290	 0.14402636885643 
2291	 0.145063191652298 
2292	 0.146340146660805 
2293	 0.147898197174072 
2294	 0.149516746401787 
2295	 0.151146069169044 
2296	 0.152753666043282 
2297	 0.154216945171356 
2298	 0.15557661652565 
2299	 0.156852170825005 
2300	 0.158021032810211 
2301	 0.159129500389099 
2302	 0.160132527351379 
2303	 0.161095395684242 
2304	 0.161989733576775 
2305	 0.162848427891731 
2306	 0.163586601614952 
2307	 0.164419516921043 
2308	 0.165203630924225 
2309	 0.166106268763542 
2310	 0.167056009173393 
2311	 0.168105095624924 
2312	 0.169265776872635 
2313	 0.170474007725716 
2314	 0.171776562929153 
2315	 0.17312379181385 
2316	 0.174580633640289 
2317	 0.175960883498192 
2318	 0.177511647343636 
2319	 0.178732663393021 
2320	 0.179860979318619 
2321	 0.180724248290062 
2322	 0.181354075670242 
2323	 0.18173785507679 
2324	 0.181958481669426 
2325	 0.181807145476341 
2326	 0.181370556354523 
2327	 0.180565625429153 
2328	 0.179310500621796 
2329	 0.177860587835312 
2330	 0.1761394739151 
2331	 0.174012586474419 
2332	 0.171696037054062 
2333	 0.169032171368599 
2334	 0.165866911411285 
2335	 0.162568256258965 
2336	 0.159028083086014 
2337	 0.155306994915009 
2338	 0.151787266135216 
2339	 0.148166507482529 
2340	 0.144655838608742 
2341	 0.141393691301346 
2342	 0.138135895133018 
2343	 0.135325208306313 
2344	 0.132870852947235 
2345	 0.130889132618904 
2346	 0.129430890083313 
2347	 0.12830650806427 
2348	 0.127436310052872 
2349	 0.12671934068203 
2350	 0.126059472560883 
2351	 0.125297218561172 
2352	 0.124603152275085 
2353	 0.123885877430439 
2354	 0.123440802097321 
2355	 0.12334955483675 
2356	 0.123678661882877 
2357	 0.124870650470257 
2358	 0.126943916082382 
2359	 0.129886209964752 
2360	 0.133657440543175 
2361	 0.138261049985886 
2362	 0.14281752705574 
2363	 0.147600904107094 
2364	 0.152404814958572 
2365	 0.156746074557304 
2366	 0.161161884665489 
2367	 0.164982065558434 
2368	 0.168276160955429 
2369	 0.171154022216797 
2370	 0.17335969209671 
2371	 0.175274327397346 
2372	 0.176979467272758 
2373	 0.178389474749565 
2374	 0.179569616913795 
2375	 0.180421635508537 
2376	 0.180937096476555 
2377	 0.181143343448639 
2378	 0.181132510304451 
2379	 0.181025162339211 
2380	 0.180886209011078 
2381	 0.180600017309189 
2382	 0.180331617593765 
2383	 0.179974541068077 
2384	 0.179779008030891 
2385	 0.179625853896141 
2386	 0.179566279053688 
2387	 0.179637089371681 
2388	 0.179679468274117 
2389	 0.179770246148109 
2390	 0.179764449596405 
2391	 0.179808408021927 
2392	 0.179721489548683 
2393	 0.179476782679558 
2394	 0.179293781518936 
2395	 0.179070189595222 
2396	 0.178831651806831 
2397	 0.178613781929016 
2398	 0.178359061479568 
2399	 0.178014576435089 
2400	 0.177794516086578 
2401	 0.177597373723984 
2402	 0.177551791071892 
2403	 0.17751981317997 
2404	 0.177374660968781 
2405	 0.177207723259926 
2406	 0.17701256275177 
2407	 0.176852539181709 
2408	 0.176720529794693 
2409	 0.176580861210823 
2410	 0.176518872380257 
2411	 0.176311358809471 
2412	 0.176041290163994 
2413	 0.175938129425049 
2414	 0.175702571868896 
2415	 0.175426095724106 
2416	 0.175381034612656 
2417	 0.175276249647141 
2418	 0.175097614526749 
2419	 0.175005465745926 
2420	 0.174857452511787 
2421	 0.174619346857071 
2422	 0.174515321850777 
2423	 0.17446306347847 
2424	 0.174257829785347 
2425	 0.174070671200752 
2426	 0.173948720097542 
2427	 0.173798710107803 
2428	 0.173584386706352 
2429	 0.17343957722187 
2430	 0.173260763287544 
2431	 0.172930359840393 
2432	 0.17274084687233 
2433	 0.172644719481468 
2434	 0.172339424490929 
2435	 0.17197123169899 
2436	 0.171669214963913 
2437	 0.171312928199768 
2438	 0.171150878071785 
2439	 0.171148225665092 
2440	 0.170991495251656 
2441	 0.170683339238167 
2442	 0.1704121530056 
2443	 0.170221582055092 
2444	 0.170079052448273 
2445	 0.170079693198204 
2446	 0.169922471046448 
2447	 0.169640585780144 
2448	 0.169476494193077 
2449	 0.169137984514236 
2450	 0.168820351362228 
2451	 0.168536737561226 
2452	 0.168035224080086 
2453	 0.167682021856308 
2454	 0.167289555072784 
2455	 0.166605934500694 
2456	 0.166065856814384 
2457	 0.165571123361588 
2458	 0.165079191327095 
2459	 0.164807111024857 
2460	 0.164471432566643 
2461	 0.164161458611488 
2462	 0.163918927311897 
2463	 0.16356848180294 
2464	 0.163147911429405 
2465	 0.16273458302021 
2466	 0.16230183839798 
2467	 0.161844745278358 
2468	 0.161599263548851 
2469	 0.16139829158783 
2470	 0.161234900355339 
2471	 0.161158576607704 
2472	 0.160964578390121 
2473	 0.160579830408096 
2474	 0.160102605819702 
2475	 0.159919559955597 
2476	 0.159880310297012 
2477	 0.159815177321434 
2478	 0.159907802939415 
2479	 0.159850001335144 
2480	 0.159808650612831 
2481	 0.159749522805214 
2482	 0.159490287303925 
2483	 0.159293308854103 
2484	 0.159217357635498 
2485	 0.159135714173317 
2486	 0.159315466880798 
2487	 0.159485086798668 
2488	 0.159496784210205 
2489	 0.159710094332695 
2490	 0.159990236163139 
2491	 0.160321161150932 
2492	 0.160839259624481 
2493	 0.161374032497406 
2494	 0.161683276295662 
2495	 0.16173991560936 
2496	 0.161646887660027 
2497	 0.161408066749573 
2498	 0.16150364279747 
2499	 0.161937534809113 
2500	 0.162361487746239 
