Wavelength	Echave.118
350	 0.123120777308941 
351	 0.126714333891869 
352	 0.1274503916502 
353	 0.118960358202457 
354	 0.109756998717785 
355	 0.106252014636993 
356	 0.111601054668427 
357	 0.121428899466991 
358	 0.11395875364542 
359	 0.105482384562492 
360	 0.101765930652618 
361	 0.102196864783764 
362	 0.103912524878979 
363	 0.102119110524654 
364	 0.098263181746006 
365	 0.101564660668373 
366	 0.101913966238499 
367	 9.81671512126923E-02 
368	 9.29880887269974E-02 
369	 9.39663648605347E-02 
370	 9.27667841315269E-02 
371	 9.07837823033333E-02 
372	 9.34641808271408E-02 
373	 9.11542549729347E-02 
374	 9.11716222763062E-02 
375	 0.095238134264946 
376	 9.52517092227936E-02 
377	 9.32583510875702E-02 
378	 9.16497334837914E-02 
379	 9.15563404560089E-02 
380	 8.90113487839699E-02 
381	 8.89911204576492E-02 
382	 9.14398059248924E-02 
383	 9.31631699204445E-02 
384	 9.20232757925987E-02 
385	 9.29973423480988E-02 
386	 9.53994914889336E-02 
387	 8.89509320259094E-02 
388	 8.92576351761818E-02 
389	 9.33387652039528E-02 
390	 0.094740554690361 
391	 9.39053520560265E-02 
392	 9.25605446100235E-02 
393	 9.25163403153419E-02 
394	 9.49362441897392E-02 
395	 9.50937494635582E-02 
396	 9.45693105459213E-02 
397	 9.50610786676407E-02 
398	 9.72172319889069E-02 
399	 9.88852009177208E-02 
400	 9.86622199416161E-02 
401	 9.66222509741783E-02 
402	 9.69685614109039E-02 
403	 9.87398475408554E-02 
404	 0.100395083427429 
405	 0.100437358021736 
406	 0.101183615624905 
407	 0.102179072797298 
408	 0.102859936654568 
409	 0.103126980364323 
410	 0.104151301085949 
411	 0.105631031095982 
412	 0.106775656342506 
413	 0.107066497206688 
414	 0.107081800699234 
415	 0.107137262821198 
416	 0.107269391417503 
417	 0.108166106045246 
418	 0.10913023352623 
419	 0.109543897211552 
420	 0.109395906329155 
421	 0.109808675944805 
422	 0.110849939286709 
423	 0.111985862255096 
424	 0.11209662258625 
425	 0.112350858747959 
426	 0.113040290772915 
427	 0.113295286893845 
428	 0.114100426435471 
429	 0.114572495222092 
430	 0.114184997975826 
431	 0.114608094096184 
432	 0.115277417004108 
433	 0.115632072091103 
434	 0.11530689150095 
435	 0.1155706346035 
436	 0.115914560854435 
437	 0.116103075444698 
438	 0.116658501327038 
439	 0.116752661764622 
440	 0.116699874401093 
441	 0.116982899606228 
442	 0.117339484393597 
443	 0.117632478475571 
444	 0.117824271321297 
445	 0.117946669459343 
446	 0.117749936878681 
447	 0.117820419371128 
448	 0.118302896618843 
449	 0.118093445897102 
450	 0.118036434054375 
451	 0.118035234510899 
452	 0.117777489125729 
453	 0.117843233048916 
454	 0.118023097515106 
455	 0.118093959987164 
456	 0.117894031107426 
457	 0.117852061986923 
458	 0.117828972637653 
459	 0.117671608924866 
460	 0.117578320205212 
461	 0.117456987500191 
462	 0.1173947006464 
463	 0.117504946887493 
464	 0.117251165211201 
465	 0.117018453776836 
466	 0.116960853338242 
467	 0.116719320416451 
468	 0.11660447716713 
469	 0.116461127996445 
470	 0.116132251918316 
471	 0.116014681756496 
472	 0.115901157259941 
473	 0.11571678519249 
474	 0.115510031580925 
475	 0.115310877561569 
476	 0.115233197808266 
477	 0.115212522447109 
478	 0.114730633795261 
479	 0.114464342594147 
480	 0.114416718482971 
481	 0.114336207509041 
482	 0.114215716719627 
483	 0.113974243402481 
484	 0.113641694188118 
485	 0.11337323486805 
486	 0.113445296883583 
487	 0.113525129854679 
488	 0.113322861492634 
489	 0.113129280507565 
490	 0.112885102629662 
491	 0.112666614353657 
492	 0.112595595419407 
493	 0.112465754151344 
494	 0.112309776246548 
495	 0.112153932452202 
496	 0.111963637173176 
497	 0.111767277121544 
498	 0.111539252102375 
499	 0.111262746155262 
500	 0.111031621694565 
501	 0.110788285732269 
502	 0.110511988401413 
503	 0.110221043229103 
504	 0.109928295016289 
505	 0.109714366495609 
506	 0.109557531774044 
507	 0.109156228601933 
508	 0.10880121588707 
509	 0.108489967882633 
510	 0.108110748231411 
511	 0.107760414481163 
512	 0.10746244341135 
513	 0.107151217758656 
514	 0.106654219329357 
515	 0.106330208480358 
516	 0.105991594493389 
517	 0.105456098914146 
518	 0.105073690414429 
519	 0.104682818055153 
520	 0.104268692433834 
521	 0.103909805417061 
522	 0.103469058871269 
523	 0.102934941649437 
524	 0.102375619113445 
525	 0.10198138654232 
526	 0.101593233644962 
527	 0.101175546646118 
528	 0.100733704864979 
529	 0.100256115198135 
530	 9.97513085603714E-02 
531	 9.92399230599403E-02 
532	 9.87534448504448E-02 
533	 9.82748195528984E-02 
534	 9.78365764021873E-02 
535	 9.74360331892967E-02 
536	 9.69366282224655E-02 
537	 9.64641869068146E-02 
538	 9.60130169987679E-02 
539	 9.55132842063904E-02 
540	 9.50282514095306E-02 
541	 9.46240052580833E-02 
542	 9.42811146378517E-02 
543	 0.093844972550869 
544	 9.34461429715157E-02 
545	 9.30962115526199E-02 
546	 9.27611216902733E-02 
547	 9.23646613955498E-02 
548	 9.20461043715477E-02 
549	 0.091804102063179 
550	 9.15094837546349E-02 
551	 9.12018865346909E-02 
552	 9.09333080053329E-02 
553	 9.07157883048058E-02 
554	 9.04476121068001E-02 
555	 9.02290418744087E-02 
556	 9.00357440114021E-02 
557	 8.97934883832932E-02 
558	 8.95309299230576E-02 
559	 8.92968848347664E-02 
560	 8.90978276729584E-02 
561	 8.88799577951431E-02 
562	 8.86527970433235E-02 
563	 8.83942320942879E-02 
564	 8.80947932600975E-02 
565	 8.78130495548248E-02 
566	 8.75363573431969E-02 
567	 8.72529298067093E-02 
568	 8.69560688734055E-02 
569	 8.66837427020073E-02 
570	 8.64373669028282E-02 
571	 8.62105116248131E-02 
572	 8.59958529472351E-02 
573	 8.57915282249451E-02 
574	 8.55578556656837E-02 
575	 8.52585807442665E-02 
576	 8.49619284272194E-02 
577	 8.47084522247314E-02 
578	 8.44621956348419E-02 
579	 8.41081589460373E-02 
580	 8.37902501225472E-02 
581	 8.34805592894554E-02 
582	 8.31317380070686E-02 
583	 8.27678218483925E-02 
584	 8.23952630162239E-02 
585	 8.20326134562492E-02 
586	 8.16940441727638E-02 
587	 0.081283412873745 
588	 8.09192284941673E-02 
589	 8.06176736950874E-02 
590	 8.01908597350121E-02 
591	 0.079775758087635 
592	 7.94044211506844E-02 
593	 7.90688470005989E-02 
594	 7.87328705191612E-02 
595	 7.84016400575638E-02 
596	 7.80780240893364E-02 
597	 7.77587443590164E-02 
598	 7.73871093988419E-02 
599	 7.70271345973015E-02 
600	 7.67103955149651E-02 
601	 7.63380154967308E-02 
602	 7.59796872735024E-02 
603	 7.56336078047752E-02 
604	 7.52790793776512E-02 
605	 7.49882534146309E-02 
606	 7.46758580207825E-02 
607	 7.43284299969673E-02 
608	 7.40368217229843E-02 
609	 7.36968666315079E-02 
610	 7.33610242605209E-02 
611	 7.30830356478691E-02 
612	 7.27956742048264E-02 
613	 7.24882781505585E-02 
614	 7.21724480390549E-02 
615	 7.18709006905556E-02 
616	 7.15506449341774E-02 
617	 7.12473094463348E-02 
618	 7.09746181964874E-02 
619	 0.070696733891964 
620	 0.070344366133213 
621	 6.99909776449203E-02 
622	 6.97128921747208E-02 
623	 6.93379938602448E-02 
624	 6.89982697367668E-02 
625	 0.068714939057827 
626	 6.83971419930458E-02 
627	 6.80704861879349E-02 
628	 6.77492320537567E-02 
629	 6.74341097474098E-02 
630	 6.70942217111588E-02 
631	 6.67484849691391E-02 
632	 0.066409707069397 
633	 6.60873800516129E-02 
634	 6.57784715294838E-02 
635	 6.54774382710457E-02 
636	 6.51782527565956E-02 
637	 6.48760125041008E-02 
638	 6.45889565348625E-02 
639	 6.43097683787346E-02 
640	 6.40308260917664E-02 
641	 6.37624710798264E-02 
642	 6.35235011577606E-02 
643	 6.32922202348709E-02 
644	 6.30316138267517E-02 
645	 6.28197714686394E-02 
646	 6.26037418842316E-02 
647	 0.062370590865612 
648	 6.21991083025932E-02 
649	 6.20390400290489E-02 
650	 6.18712268769741E-02 
651	 6.16948343813419E-02 
652	 6.15443214774132E-02 
653	 6.14116862416267E-02 
654	 6.12832754850388E-02 
655	 6.11454285681248E-02 
656	 6.10279403626919E-02 
657	 6.09427690505981E-02 
658	 6.08894191682339E-02 
659	 6.08475804328918E-02 
660	 6.08510039746761E-02 
661	 6.08715787529945E-02 
662	 6.08738251030445E-02 
663	 6.09150566160679E-02 
664	 6.09838627278805E-02 
665	 6.10736049711704E-02 
666	 6.11875243484974E-02 
667	 6.13579526543617E-02 
668	 6.15448616445065E-02 
669	 6.17308244109154E-02 
670	 6.19958229362965E-02 
671	 6.22844509780407E-02 
672	 6.26023858785629E-02 
673	 6.29767701029778E-02 
674	 6.33785799145699E-02 
675	 6.38137087225914E-02 
676	 6.42819181084633E-02 
677	 6.47741854190826E-02 
678	 6.53646290302277E-02 
679	 6.60329461097717E-02 
680	 6.67440071702003E-02 
681	 6.74919337034225E-02 
682	 6.83399140834808E-02 
683	 6.92815482616425E-02 
684	 7.02735409140587E-02 
685	 7.13183358311653E-02 
686	 7.24518746137619E-02 
687	 7.36997574567795E-02 
688	 7.50653743743896E-02 
689	 7.65675157308578E-02 
690	 7.81915709376335E-02 
691	 7.99298584461212E-02 
692	 8.18317532539368E-02 
693	 8.38671326637268E-02 
694	 8.60375761985779E-02 
695	 8.83673131465912E-02 
696	 9.08825621008873E-02 
697	 9.35817435383797E-02 
698	 9.64555069804192E-02 
699	 9.94836017489433E-02 
700	 0.102722749114037 
701	 0.106188036501408 
702	 0.109863243997097 
703	 0.113650314509869 
704	 0.117685213685036 
705	 0.121959045529366 
706	 0.126370131969452 
707	 0.130975738167763 
708	 0.135703265666962 
709	 0.140550330281258 
710	 0.145655110478401 
711	 0.150897786021233 
712	 0.156190007925034 
713	 0.161490768194199 
714	 0.16691517829895 
715	 0.172396346926689 
716	 0.177901297807693 
717	 0.18341176211834 
718	 0.188922300934792 
719	 0.194350048899651 
720	 0.199664697051048 
721	 0.204944863915443 
722	 0.210142806172371 
723	 0.215219140052795 
724	 0.220147281885147 
725	 0.224953189492226 
726	 0.229546219110489 
727	 0.233935624361038 
728	 0.238193824887276 
729	 0.242260009050369 
730	 0.246124655008316 
731	 0.249781593680382 
732	 0.253226935863495 
733	 0.25650480389595 
734	 0.259601712226868 
735	 0.262504935264587 
736	 0.265274852514267 
737	 0.267783999443054 
738	 0.270095258951187 
739	 0.272373169660568 
740	 0.27448907494545 
741	 0.276402503252029 
742	 0.278127521276474 
743	 0.279743373394012 
744	 0.281315356492996 
745	 0.282801359891891 
746	 0.284143507480621 
747	 0.28534984588623 
748	 0.28648242354393 
749	 0.287525236606598 
750	 0.288427025079727 
751	 0.289260655641556 
752	 0.290055930614471 
753	 0.290810793638229 
754	 0.291489869356155 
755	 0.29208168387413 
756	 0.292665064334869 
757	 0.293272852897644 
758	 0.293744117021561 
759	 0.294185131788254 
760	 0.294593721628189 
761	 0.294928878545761 
762	 0.295234501361847 
763	 0.295614510774612 
764	 0.2960125207901 
765	 0.296216726303101 
766	 0.29645374417305 
767	 0.296694874763489 
768	 0.296905487775803 
769	 0.297159403562546 
770	 0.29736989736557 
771	 0.29752790927887 
772	 0.297665774822235 
773	 0.297863721847534 
774	 0.297990322113037 
775	 0.298054546117783 
776	 0.298183292150497 
777	 0.298379868268967 
778	 0.298554837703705 
779	 0.298644006252289 
780	 0.298647820949554 
781	 0.298694610595703 
782	 0.298810601234436 
783	 0.298961043357849 
784	 0.299032986164093 
785	 0.299086838960648 
786	 0.299136072397232 
787	 0.299171715974808 
788	 0.299235343933105 
789	 0.299293458461761 
790	 0.299328178167343 
791	 0.299350589513779 
792	 0.299422532320023 
793	 0.299461305141449 
794	 0.299428820610046 
795	 0.299472093582153 
796	 0.299481600522995 
797	 0.299465358257294 
798	 0.299464553594589 
799	 0.299451977014542 
800	 0.299501955509186 
801	 0.299586445093155 
802	 0.299603015184402 
803	 0.299578815698624 
804	 0.299548119306564 
805	 0.29952734708786 
806	 0.299502342939377 
807	 0.299537539482117 
808	 0.299607932567596 
809	 0.29965540766716 
810	 0.299585968255997 
811	 0.299625962972641 
812	 0.299704253673553 
813	 0.299653649330139 
814	 0.299604743719101 
815	 0.299617022275925 
816	 0.299665749073029 
817	 0.299661427736282 
818	 0.299638479948044 
819	 0.299648255109787 
820	 0.299691408872604 
821	 0.299684226512909 
822	 0.29961895942688 
823	 0.299591213464737 
824	 0.299655079841614 
825	 0.29964891076088 
826	 0.299640268087387 
827	 0.299653291702271 
828	 0.299673825502396 
829	 0.299588143825531 
830	 0.299531280994415 
831	 0.299551695585251 
832	 0.299596548080444 
833	 0.299541831016541 
834	 0.299491465091705 
835	 0.299495279788971 
836	 0.299466133117676 
837	 0.299421966075897 
838	 0.299379169940948 
839	 0.299352943897247 
840	 0.299354642629623 
841	 0.299345761537552 
842	 0.299278765916824 
843	 0.299147963523865 
844	 0.299147099256516 
845	 0.299142837524414 
846	 0.299103558063507 
847	 0.299080073833466 
848	 0.299049317836761 
849	 0.298994421958923 
850	 0.298947930335999 
851	 0.298992067575455 
852	 0.29892560839653 
853	 0.298853069543839 
854	 0.298862040042877 
855	 0.298864364624023 
856	 0.298894673585892 
857	 0.298912614583969 
858	 0.298898667097092 
859	 0.298999965190887 
860	 0.298981577157974 
861	 0.298890858888626 
862	 0.298893928527832 
863	 0.298883885145187 
864	 0.298887014389038 
865	 0.298903614282608 
866	 0.298908531665802 
867	 0.298928737640381 
868	 0.29889377951622 
869	 0.298814296722412 
870	 0.298820674419403 
871	 0.298825055360794 
872	 0.298833429813385 
873	 0.298856019973755 
874	 0.298868089914322 
875	 0.298910796642303 
876	 0.298913925886154 
877	 0.298837035894394 
878	 0.298862725496292 
879	 0.298895537853241 
880	 0.298937231302261 
881	 0.299000978469849 
882	 0.298890888690948 
883	 0.298819869756699 
884	 0.298859566450119 
885	 0.298938184976578 
886	 0.298941045999527 
887	 0.298910617828369 
888	 0.298898786306381 
889	 0.298937618732452 
890	 0.298984676599503 
891	 0.299009382724762 
892	 0.298993855714798 
893	 0.298937022686005 
894	 0.298954397439957 
895	 0.298995763063431 
896	 0.298999756574631 
897	 0.29900136590004 
898	 0.298938125371933 
899	 0.298909306526184 
900	 0.298995524644852 
901	 0.298990041017532 
902	 0.299044489860535 
903	 0.299108356237412 
904	 0.299072444438934 
905	 0.299096941947937 
906	 0.299131155014038 
907	 0.299184799194336 
908	 0.299298167228699 
909	 0.299365937709808 
910	 0.299310117959976 
911	 0.299222439527512 
912	 0.299328029155731 
913	 0.299455255270004 
914	 0.299542814493179 
915	 0.29959762096405 
916	 0.299692183732986 
917	 0.299725025892258 
918	 0.299799203872681 
919	 0.299934267997742 
920	 0.2999267578125 
921	 0.299947321414948 
922	 0.299982219934464 
923	 0.300008326768875 
924	 0.300106704235077 
925	 0.300161898136139 
926	 0.300182014703751 
927	 0.30020534992218 
928	 0.300209999084473 
929	 0.300309956073761 
930	 0.300427615642548 
931	 0.300448685884476 
932	 0.30047544836998 
933	 0.300565868616104 
934	 0.300677537918091 
935	 0.300732761621475 
936	 0.300788044929504 
937	 0.300872415304184 
938	 0.300942093133926 
939	 0.300939321517944 
940	 0.301060855388641 
941	 0.301158130168915 
942	 0.301194787025452 
943	 0.301244616508484 
944	 0.301195472478867 
945	 0.301241934299469 
946	 0.30136650800705 
947	 0.301327079534531 
948	 0.301329463720322 
949	 0.301403850317001 
950	 0.30153089761734 
951	 0.301659107208252 
952	 0.301692068576813 
953	 0.301733046770096 
954	 0.30180361866951 
955	 0.301762312650681 
956	 0.301825135946274 
957	 0.301919132471085 
958	 0.301937907934189 
959	 0.301835924386978 
960	 0.301828861236572 
961	 0.301873862743378 
962	 0.301915019750595 
963	 0.302005261182785 
964	 0.301998734474182 
965	 0.301986515522003 
966	 0.302035599946976 
967	 0.302008807659149 
968	 0.302110284566879 
969	 0.302264750003815 
970	 0.302344441413879 
971	 0.302308142185211 
972	 0.302291393280029 
973	 0.30237340927124 
974	 0.30252468585968 
975	 0.302493929862976 
976	 0.302449256181717 
977	 0.30239474773407 
978	 0.302358388900757 
979	 0.302621424198151 
980	 0.302607357501984 
981	 0.302526861429214 
982	 0.302698135375977 
983	 0.302868396043777 
984	 0.302884042263031 
985	 0.302773833274841 
986	 0.302685409784317 
987	 0.30286768078804 
988	 0.303017258644104 
989	 0.303096830844879 
990	 0.303153902292252 
991	 0.303130149841309 
992	 0.303351938724518 
993	 0.303520888090134 
994	 0.303351789712906 
995	 0.30340850353241 
996	 0.303498238325119 
997	 0.303497493267059 
998	 0.303398936986923 
999	 0.303486943244934 
1000	 0.303602963685989 
1001	 0.299162298440933 
1002	 0.299162685871124 
1003	 0.299150049686432 
1004	 0.299130320549011 
1005	 0.299148470163345 
1006	 0.299125730991364 
1007	 0.299044251441956 
1008	 0.299024045467377 
1009	 0.299056649208069 
1010	 0.29902058839798 
1011	 0.29894807934761 
1012	 0.298915565013886 
1013	 0.298842310905457 
1014	 0.2988141477108 
1015	 0.298840016126633 
1016	 0.298881411552429 
1017	 0.298897951841354 
1018	 0.29889240860939 
1019	 0.29885458946228 
1020	 0.298856765031815 
1021	 0.298837035894394 
1022	 0.298799395561218 
1023	 0.29878294467926 
1024	 0.298773050308228 
1025	 0.298736602067947 
1026	 0.298707038164139 
1027	 0.29867285490036 
1028	 0.298614799976349 
1029	 0.298574149608612 
1030	 0.298557490110397 
1031	 0.298484057188034 
1032	 0.298442393541336 
1033	 0.29847177863121 
1034	 0.298483580350876 
1035	 0.298486530780792 
1036	 0.298461228609085 
1037	 0.29838702082634 
1038	 0.298354238271713 
1039	 0.298332750797272 
1040	 0.298295497894287 
1041	 0.29828292131424 
1042	 0.298247545957565 
1043	 0.298178136348724 
1044	 0.298120379447937 
1045	 0.298079609870911 
1046	 0.298010677099228 
1047	 0.297938048839569 
1048	 0.297901630401611 
1049	 0.297894448041916 
1050	 0.297855287790298 
1051	 0.297832846641541 
1052	 0.297804623842239 
1053	 0.297747105360031 
1054	 0.297643631696701 
1055	 0.297588109970093 
1056	 0.297535002231598 
1057	 0.297479122877121 
1058	 0.297430604696274 
1059	 0.297412306070328 
1060	 0.297356635332108 
1061	 0.297325611114502 
1062	 0.297328948974609 
1063	 0.297277361154556 
1064	 0.297266900539398 
1065	 0.297248184680939 
1066	 0.297156691551209 
1067	 0.297100633382797 
1068	 0.29704549908638 
1069	 0.296998918056488 
1070	 0.296950429677963 
1071	 0.296920359134674 
1072	 0.29687225818634 
1073	 0.29685252904892 
1074	 0.296840518712997 
1075	 0.296821892261505 
1076	 0.296834141016006 
1077	 0.296851277351379 
1078	 0.296823382377625 
1079	 0.296789973974228 
1080	 0.296780794858933 
1081	 0.296756088733673 
1082	 0.29672509431839 
1083	 0.296697199344635 
1084	 0.296616971492767 
1085	 0.296524196863174 
1086	 0.296483427286148 
1087	 0.296449571847916 
1088	 0.296440541744232 
1089	 0.296468019485474 
1090	 0.296452909708023 
1091	 0.296382248401642 
1092	 0.296354055404663 
1093	 0.296333938837051 
1094	 0.296321243047714 
1095	 0.296339780092239 
1096	 0.296305507421494 
1097	 0.296223431825638 
1098	 0.296189308166504 
1099	 0.29616978764534 
1100	 0.296108216047287 
1101	 0.296087473630905 
1102	 0.296086996793747 
1103	 0.296056091785431 
1104	 0.2960045337677 
1105	 0.29596996307373 
1106	 0.295923173427582 
1107	 0.295839160680771 
1108	 0.295739978551865 
1109	 0.29568412899971 
1110	 0.29562309384346 
1111	 0.295548528432846 
1112	 0.295530408620834 
1113	 0.295472532510757 
1114	 0.29538032412529 
1115	 0.29530394077301 
1116	 0.295210033655167 
1117	 0.295153021812439 
1118	 0.295099675655365 
1119	 0.295080363750458 
1120	 0.29501810669899 
1121	 0.294949263334274 
1122	 0.294868260622025 
1123	 0.294756174087524 
1124	 0.294679075479507 
1125	 0.294626742601395 
1126	 0.294541597366333 
1127	 0.294457852840424 
1128	 0.294370412826538 
1129	 0.294254690408707 
1130	 0.294142782688141 
1131	 0.294039011001587 
1132	 0.293945133686066 
1133	 0.293837249279022 
1134	 0.293724596500397 
1135	 0.293623924255371 
1136	 0.293508380651474 
1137	 0.293416947126389 
1138	 0.293368846178055 
1139	 0.293283939361572 
1140	 0.293187022209167 
1141	 0.293095588684082 
1142	 0.292995363473892 
1143	 0.292875438928604 
1144	 0.29278564453125 
1145	 0.292693436145782 
1146	 0.292558282613754 
1147	 0.292443305253983 
1148	 0.292341858148575 
1149	 0.292244255542755 
1150	 0.292161822319031 
1151	 0.29208904504776 
1152	 0.292004972696304 
1153	 0.29190519452095 
1154	 0.291806221008301 
1155	 0.291711181402206 
1156	 0.291606366634369 
1157	 0.291497558355331 
1158	 0.291383981704712 
1159	 0.291263669729233 
1160	 0.291142404079437 
1161	 0.291019201278687 
1162	 0.290881127119064 
1163	 0.290743142366409 
1164	 0.290617316961288 
1165	 0.290494859218597 
1166	 0.290372371673584 
1167	 0.29025986790657 
1168	 0.290148943662643 
1169	 0.290034085512161 
1170	 0.289920747280121 
1171	 0.289798080921173 
1172	 0.289686143398285 
1173	 0.28954228758812 
1174	 0.289371103048325 
1175	 0.289206832647324 
1176	 0.289016932249069 
1177	 0.288841009140015 
1178	 0.288659900426865 
1179	 0.288509398698807 
1180	 0.288376450538635 
1181	 0.288234859704971 
1182	 0.288105905056 
1183	 0.287994921207428 
1184	 0.287860333919525 
1185	 0.28772696852684 
1186	 0.287610352039337 
1187	 0.287493616342545 
1188	 0.287399679422379 
1189	 0.287331789731979 
1190	 0.287256002426147 
1191	 0.287199705839157 
1192	 0.287127584218979 
1193	 0.2870232462883 
1194	 0.286962568759918 
1195	 0.286913424730301 
1196	 0.286880970001221 
1197	 0.286890029907227 
1198	 0.286894559860229 
1199	 0.286859720945358 
1200	 0.28681606054306 
1201	 0.286747515201569 
1202	 0.28669461607933 
1203	 0.286684572696686 
1204	 0.286676198244095 
1205	 0.286669790744781 
1206	 0.286684513092041 
1207	 0.286676675081253 
1208	 0.286648809909821 
1209	 0.286646395921707 
1210	 0.286642670631409 
1211	 0.28665629029274 
1212	 0.286700695753098 
1213	 0.286729633808136 
1214	 0.286759674549103 
1215	 0.286785155534744 
1216	 0.286797791719437 
1217	 0.28682079911232 
1218	 0.286835253238678 
1219	 0.286877930164337 
1220	 0.286940544843674 
1221	 0.286990493535995 
1222	 0.287031263113022 
1223	 0.287072032690048 
1224	 0.287104696035385 
1225	 0.287117809057236 
1226	 0.287143409252167 
1227	 0.287183701992035 
1228	 0.287197083234787 
1229	 0.287192761898041 
1230	 0.287198960781097 
1231	 0.287193298339844 
1232	 0.287194699048996 
1233	 0.287211626768112 
1234	 0.287213146686554 
1235	 0.287196010351181 
1236	 0.28719687461853 
1237	 0.287212342023849 
1238	 0.287210196256638 
1239	 0.287199735641479 
1240	 0.287206768989563 
1241	 0.287192195653915 
1242	 0.287162065505981 
1243	 0.287135511636734 
1244	 0.287105113267899 
1245	 0.287079751491547 
1246	 0.287058740854263 
1247	 0.287021636962891 
1248	 0.286980479955673 
1249	 0.286944717168808 
1250	 0.286886483430862 
1251	 0.286851942539215 
1252	 0.286847293376923 
1253	 0.286819875240326 
1254	 0.286798149347305 
1255	 0.28675651550293 
1256	 0.28668612241745 
1257	 0.28663232922554 
1258	 0.286568909883499 
1259	 0.28651624917984 
1260	 0.286484569311142 
1261	 0.286442816257477 
1262	 0.286400228738785 
1263	 0.286353349685669 
1264	 0.286306858062744 
1265	 0.286262363195419 
1266	 0.286200642585754 
1267	 0.286127060651779 
1268	 0.286064594984055 
1269	 0.285992085933685 
1270	 0.28592911362648 
1271	 0.285880774259567 
1272	 0.28582376241684 
1273	 0.285763472318649 
1274	 0.285700142383575 
1275	 0.285637378692627 
1276	 0.285572677850723 
1277	 0.285489499568939 
1278	 0.285431206226349 
1279	 0.285400032997131 
1280	 0.285345613956451 
1281	 0.285284101963043 
1282	 0.28523513674736 
1283	 0.285179525613785 
1284	 0.285123854875565 
1285	 0.285073399543762 
1286	 0.285043656826019 
1287	 0.284995138645172 
1288	 0.284923553466797 
1289	 0.284890204668045 
1290	 0.284876704216003 
1291	 0.284850567579269 
1292	 0.284837663173676 
1293	 0.284816771745682 
1294	 0.284781157970428 
1295	 0.284760355949402 
1296	 0.284758239984512 
1297	 0.284736484289169 
1298	 0.284711211919785 
1299	 0.284679889678955 
1300	 0.284633249044418 
1301	 0.284593820571899 
1302	 0.284558862447739 
1303	 0.284516513347626 
1304	 0.284467071294785 
1305	 0.284423798322678 
1306	 0.284380048513412 
1307	 0.284335166215897 
1308	 0.284290999174118 
1309	 0.284254848957062 
1310	 0.284208565950394 
1311	 0.284153461456299 
1312	 0.284109830856323 
1313	 0.284063845872879 
1314	 0.284032076597214 
1315	 0.284020960330963 
1316	 0.283982038497925 
1317	 0.283942639827728 
1318	 0.283892035484314 
1319	 0.283824861049652 
1320	 0.283754169940948 
1321	 0.283677160739899 
1322	 0.283601343631744 
1323	 0.283508092164993 
1324	 0.283432126045227 
1325	 0.283367872238159 
1326	 0.283301472663879 
1327	 0.283250361680985 
1328	 0.283180147409439 
1329	 0.283104091882706 
1330	 0.283021241426468 
1331	 0.282921314239502 
1332	 0.282825201749802 
1333	 0.282738417387009 
1334	 0.282630622386932 
1335	 0.282520860433578 
1336	 0.282406777143478 
1337	 0.282287865877151 
1338	 0.282155126333237 
1339	 0.282037436962128 
1340	 0.28192663192749 
1341	 0.281804859638214 
1342	 0.281683772802353 
1343	 0.281558007001877 
1344	 0.281429052352905 
1345	 0.28128981590271 
1346	 0.28115913271904 
1347	 0.280996531248093 
1348	 0.280812442302704 
1349	 0.280619561672211 
1350	 0.280409276485443 
1351	 0.280188411474228 
1352	 0.279956817626953 
1353	 0.279713034629822 
1354	 0.279441595077515 
1355	 0.279185235500336 
1356	 0.278921812772751 
1357	 0.278667718172073 
1358	 0.278406381607056 
1359	 0.278174757957459 
1360	 0.277951568365097 
1361	 0.277752220630646 
1362	 0.277582317590714 
1363	 0.277427971363068 
1364	 0.277288556098938 
1365	 0.27716052532196 
1366	 0.277060031890869 
1367	 0.276995569467545 
1368	 0.276903301477432 
1369	 0.276822775602341 
1370	 0.276730835437775 
1371	 0.276625961065292 
1372	 0.276518225669861 
1373	 0.276419907808304 
1374	 0.276298254728317 
1375	 0.276165217161179 
1376	 0.276009887456894 
1377	 0.275846272706985 
1378	 0.275653392076492 
1379	 0.275418788194656 
1380	 0.275197297334671 
1381	 0.274925619363785 
1382	 0.274722188711166 
1383	 0.274538576602936 
1384	 0.274389207363129 
1385	 0.274314403533936 
1386	 0.27421173453331 
1387	 0.274113595485687 
1388	 0.274022966623306 
1389	 0.273928642272949 
1390	 0.273840576410294 
1391	 0.273769289255142 
1392	 0.273698210716248 
1393	 0.273606359958649 
1394	 0.273506104946136 
1395	 0.273395329713821 
1396	 0.273259788751602 
1397	 0.273150056600571 
1398	 0.273052901029587 
1399	 0.27292999625206 
1400	 0.272807747125626 
1401	 0.272676885128021 
1402	 0.272529125213623 
1403	 0.272374540567398 
1404	 0.272229909896851 
1405	 0.272053509950638 
1406	 0.27184846997261 
1407	 0.271640062332153 
1408	 0.271413207054138 
1409	 0.271188914775848 
1410	 0.270955234766006 
1411	 0.270724326372147 
1412	 0.270493924617767 
1413	 0.270259022712708 
1414	 0.270025163888931 
1415	 0.269781589508057 
1416	 0.269528567790985 
1417	 0.269276559352875 
1418	 0.269026428461075 
1419	 0.268761217594147 
1420	 0.26849502325058 
1421	 0.268214911222458 
1422	 0.267928421497345 
1423	 0.267615407705307 
1424	 0.267285317182541 
1425	 0.266935765743256 
1426	 0.266573250293732 
1427	 0.266200691461563 
1428	 0.265829563140869 
1429	 0.265482634305954 
1430	 0.265130460262299 
1431	 0.264778673648834 
1432	 0.264436185359955 
1433	 0.264092981815338 
1434	 0.263772994279861 
1435	 0.263462752103806 
1436	 0.263168573379517 
1437	 0.262899249792099 
1438	 0.262626260519028 
1439	 0.262357383966446 
1440	 0.262100577354431 
1441	 0.261849075555801 
1442	 0.26160916686058 
1443	 0.261362373828888 
1444	 0.261167705059052 
1445	 0.260987609624863 
1446	 0.260854870080948 
1447	 0.260744631290436 
1448	 0.26071235537529 
1449	 0.260726034641266 
1450	 0.260798215866089 
1451	 0.260958194732666 
1452	 0.261138260364532 
1453	 0.261373102664948 
1454	 0.261615067720413 
1455	 0.261905938386917 
1456	 0.262184888124466 
1457	 0.262491136789322 
1458	 0.262768149375916 
1459	 0.263042032718658 
1460	 0.26329717040062 
1461	 0.263535767793655 
1462	 0.26374825835228 
1463	 0.263947755098343 
1464	 0.264120250940323 
1465	 0.264258652925491 
1466	 0.264385282993317 
1467	 0.264487713575363 
1468	 0.264566421508789 
1469	 0.264624953269959 
1470	 0.264680594205856 
1471	 0.264724671840668 
1472	 0.264753222465515 
1473	 0.264789134263992 
1474	 0.264822423458099 
1475	 0.264846414327621 
1476	 0.26486799120903 
1477	 0.264887034893036 
1478	 0.264888495206833 
1479	 0.264909476041794 
1480	 0.264949798583984 
1481	 0.264964491128922 
1482	 0.264981329441071 
1483	 0.264976888895035 
1484	 0.264945864677429 
1485	 0.264924287796021 
1486	 0.264893233776093 
1487	 0.264870494604111 
1488	 0.264851331710815 
1489	 0.264828592538834 
1490	 0.264796614646912 
1491	 0.264785677194595 
1492	 0.264784097671509 
1493	 0.264784604310989 
1494	 0.264799118041992 
1495	 0.264815479516983 
1496	 0.264839440584183 
1497	 0.264850795269012 
1498	 0.264860272407532 
1499	 0.264874279499054 
1500	 0.264873415231705 
1501	 0.264886617660522 
1502	 0.264924168586731 
1503	 0.264944642782211 
1504	 0.264951109886169 
1505	 0.264972418546677 
1506	 0.264997392892838 
1507	 0.265018731355667 
1508	 0.265052974224091 
1509	 0.26507779955864 
1510	 0.265087634325027 
1511	 0.265105366706848 
1512	 0.265124499797821 
1513	 0.265145689249039 
1514	 0.265182107686996 
1515	 0.265199601650238 
1516	 0.265211820602417 
1517	 0.26521509885788 
1518	 0.265194654464722 
1519	 0.265180349349976 
1520	 0.265167444944382 
1521	 0.265151977539063 
1522	 0.265114098787308 
1523	 0.265097171068192 
1524	 0.265078663825989 
1525	 0.265060424804688 
1526	 0.26502999663353 
1527	 0.265007078647614 
1528	 0.26496696472168 
1529	 0.26490730047226 
1530	 0.264851033687592 
1531	 0.264790207147598 
1532	 0.264737904071808 
1533	 0.264681607484818 
1534	 0.264627724885941 
1535	 0.264577567577362 
1536	 0.264540940523148 
1537	 0.264505326747894 
1538	 0.264475077390671 
1539	 0.264467358589172 
1540	 0.264438420534134 
1541	 0.264393150806427 
1542	 0.26436585187912 
1543	 0.264346122741699 
1544	 0.264317899942398 
1545	 0.264285713434219 
1546	 0.264271229505539 
1547	 0.264262437820435 
1548	 0.264246612787247 
1549	 0.264251202344894 
1550	 0.264230757951736 
1551	 0.264181673526764 
1552	 0.264153629541397 
1553	 0.264137357473373 
1554	 0.26410186290741 
1555	 0.264058113098145 
1556	 0.264022976160049 
1557	 0.263966828584671 
1558	 0.263943284749985 
1559	 0.263964086771011 
1560	 0.263938367366791 
1561	 0.263901561498642 
1562	 0.263865619897842 
1563	 0.263796418905258 
1564	 0.263753771781921 
1565	 0.263728022575378 
1566	 0.263703972101212 
1567	 0.263688892126083 
1568	 0.263667345046997 
1569	 0.263651788234711 
1570	 0.263631492853165 
1571	 0.263600409030914 
1572	 0.263578355312347 
1573	 0.263558000326157 
1574	 0.26354506611824 
1575	 0.263543486595154 
1576	 0.263532519340515 
1577	 0.263527929782867 
1578	 0.263511568307877 
1579	 0.263486713171005 
1580	 0.263455539941788 
1581	 0.26341325044632 
1582	 0.263375341892242 
1583	 0.263329982757568 
1584	 0.263290256261826 
1585	 0.263249456882477 
1586	 0.263219952583313 
1587	 0.263202577829361 
1588	 0.263177126646042 
1589	 0.263154268264771 
1590	 0.263134598731995 
1591	 0.263117998838425 
1592	 0.263088673353195 
1593	 0.263053953647614 
1594	 0.263025879859924 
1595	 0.262975603342056 
1596	 0.262952834367752 
1597	 0.262968689203262 
1598	 0.262957006692886 
1599	 0.262941628694534 
1600	 0.26292672753334 
1601	 0.26288840174675 
1602	 0.262869298458099 
1603	 0.262885272502899 
1604	 0.262863606214523 
1605	 0.262819051742554 
1606	 0.262787193059921 
1607	 0.262735337018967 
1608	 0.262693911790848 
1609	 0.262681037187576 
1610	 0.262644648551941 
1611	 0.262589603662491 
1612	 0.262540459632874 
1613	 0.262478888034821 
1614	 0.262429773807526 
1615	 0.262395769357681 
1616	 0.262349456548691 
1617	 0.262298375368118 
1618	 0.262253075838089 
1619	 0.262206465005875 
1620	 0.262155801057816 
1621	 0.262112855911255 
1622	 0.262062042951584 
1623	 0.262006551027298 
1624	 0.261941730976105 
1625	 0.261869430541992 
1626	 0.261792361736298 
1627	 0.261692583560944 
1628	 0.261611312627792 
1629	 0.261530190706253 
1630	 0.261467516422272 
1631	 0.261426031589508 
1632	 0.261382430791855 
1633	 0.26134791970253 
1634	 0.261317253112793 
1635	 0.261302322149277 
1636	 0.261266946792603 
1637	 0.261220902204514 
1638	 0.261182457208633 
1639	 0.261131972074509 
1640	 0.261085867881775 
1641	 0.261058926582336 
1642	 0.261013865470886 
1643	 0.260949611663818 
1644	 0.260895371437073 
1645	 0.260847300291061 
1646	 0.26078674197197 
1647	 0.26072695851326 
1648	 0.26065719127655 
1649	 0.260584235191345 
1650	 0.260487765073776 
1651	 0.260377079248428 
1652	 0.260255545377731 
1653	 0.260100215673447 
1654	 0.259956568479538 
1655	 0.259831756353378 
1656	 0.259666264057159 
1657	 0.259475082159042 
1658	 0.259290248155594 
1659	 0.259082555770874 
1660	 0.25887805223465 
1661	 0.258689075708389 
1662	 0.258476227521896 
1663	 0.258235961198807 
1664	 0.258000522851944 
1665	 0.257786720991135 
1666	 0.257510840892792 
1667	 0.257202178239822 
1668	 0.256888270378113 
1669	 0.256535172462463 
1670	 0.256176114082336 
1671	 0.255818158388138 
1672	 0.255427807569504 
1673	 0.255006939172745 
1674	 0.25456777215004 
1675	 0.254113763570786 
1676	 0.253648281097412 
1677	 0.253152459859848 
1678	 0.252656102180481 
1679	 0.252148658037186 
1680	 0.251631408929825 
1681	 0.251107454299927 
1682	 0.250564277172089 
1683	 0.2500079870224 
1684	 0.249456763267517 
1685	 0.248884364962578 
1686	 0.248331606388092 
1687	 0.247781455516815 
1688	 0.247235670685768 
1689	 0.246692076325417 
1690	 0.246160969138145 
1691	 0.245639771223068 
1692	 0.245143294334412 
1693	 0.244654133915901 
1694	 0.244194030761719 
1695	 0.243751153349876 
1696	 0.243341609835625 
1697	 0.242966920137405 
1698	 0.242594227194786 
1699	 0.24225589632988 
1700	 0.241912946105003 
1701	 0.241568177938461 
1702	 0.241250544786453 
1703	 0.240951955318451 
1704	 0.240645065903664 
1705	 0.240346923470497 
1706	 0.240044921636581 
1707	 0.239762917160988 
1708	 0.239504158496857 
1709	 0.239249646663666 
1710	 0.239013850688934 
1711	 0.238801062107086 
1712	 0.238593608140945 
1713	 0.238393738865852 
1714	 0.238194048404694 
1715	 0.237997710704803 
1716	 0.237815216183662 
1717	 0.23761810362339 
1718	 0.237433090806007 
1719	 0.237272888422012 
1720	 0.237115249037743 
1721	 0.236982017755508 
1722	 0.236853688955307 
1723	 0.236727014183998 
1724	 0.236599072813988 
1725	 0.236498832702637 
1726	 0.236429423093796 
1727	 0.236354157328606 
1728	 0.236332386732101 
1729	 0.236328482627869 
1730	 0.236328095197678 
1731	 0.236382827162743 
1732	 0.236429646611214 
1733	 0.236480593681335 
1734	 0.236589908599854 
1735	 0.236699402332306 
1736	 0.236799150705338 
1737	 0.236916750669479 
1738	 0.237000703811646 
1739	 0.237095817923546 
1740	 0.237221285700798 
1741	 0.237303033471107 
1742	 0.237368628382683 
1743	 0.237414449453354 
1744	 0.237420454621315 
1745	 0.237438142299652 
1746	 0.237438544631004 
1747	 0.237463533878326 
1748	 0.237502560019493 
1749	 0.237528011202812 
1750	 0.23755507171154 
1751	 0.23760050535202 
1752	 0.237632676959038 
1753	 0.237702578306198 
1754	 0.237801313400269 
1755	 0.237926796078682 
1756	 0.238070711493492 
1757	 0.238229557871819 
1758	 0.238413706421852 
1759	 0.238593637943268 
1760	 0.238816782832146 
1761	 0.2390296459198 
1762	 0.239220708608627 
1763	 0.239432841539383 
1764	 0.239649966359138 
1765	 0.239922806620598 
1766	 0.240277171134949 
1767	 0.24063915014267 
1768	 0.240992426872253 
1769	 0.241351306438446 
1770	 0.241666942834854 
1771	 0.241963922977448 
1772	 0.242304801940918 
1773	 0.24266354739666 
1774	 0.243005365133286 
1775	 0.243319898843765 
1776	 0.243619427084923 
1777	 0.243861019611359 
1778	 0.244072049856186 
1779	 0.244316399097443 
1780	 0.244496330618858 
1781	 0.244635820388794 
1782	 0.244791135191917 
1783	 0.244894966483116 
1784	 0.245003923773766 
1785	 0.245132774114609 
1786	 0.245228618383408 
1787	 0.245313748717308 
1788	 0.245386704802513 
1789	 0.24542210996151 
1790	 0.245494455099106 
1791	 0.245586708188057 
1792	 0.245656237006187 
1793	 0.245731860399246 
1794	 0.245768070220947 
1795	 0.245825380086899 
1796	 0.245887517929077 
1797	 0.245925769209862 
1798	 0.245935350656509 
1799	 0.245940744876862 
1800	 0.245955184102058 
1801	 0.237951338291168 
1802	 0.238482683897018 
1803	 0.238940596580505 
1804	 0.239366739988327 
1805	 0.239805728197098 
1806	 0.240169242024422 
1807	 0.240504816174507 
1808	 0.240772992372513 
1809	 0.240971103310585 
1810	 0.241162300109863 
1811	 0.241295889019966 
1812	 0.241428449749947 
1813	 0.241544097661972 
1814	 0.241656288504601 
1815	 0.24173079431057 
1816	 0.241775348782539 
1817	 0.241855710744858 
1818	 0.241937011480331 
1819	 0.242011427879333 
1820	 0.242112576961517 
1821	 0.242198422551155 
1822	 0.242262631654739 
1823	 0.242333650588989 
1824	 0.242417335510254 
1825	 0.242482200264931 
1826	 0.242559641599655 
1827	 0.24264033138752 
1828	 0.242716938257217 
1829	 0.242799982428551 
1830	 0.242875292897224 
1831	 0.242947340011597 
1832	 0.243008345365524 
1833	 0.243070110678673 
1834	 0.243151605129242 
1835	 0.243211597204208 
1836	 0.243276685476303 
1837	 0.243355259299278 
1838	 0.243422538042068 
1839	 0.243520095944405 
1840	 0.243634656071663 
1841	 0.243773952126503 
1842	 0.243937879800797 
1843	 0.244118571281433 
1844	 0.244317382574081 
1845	 0.244489848613739 
1846	 0.244622692465782 
1847	 0.244732201099396 
1848	 0.244856536388397 
1849	 0.244967773556709 
1850	 0.24508062005043 
1851	 0.245199590921402 
1852	 0.245329350233078 
1853	 0.24542723596096 
1854	 0.245484501123428 
1855	 0.245548218488693 
1856	 0.245609059929848 
1857	 0.24565152823925 
1858	 0.245681777596474 
1859	 0.245701491832733 
1860	 0.245723694562912 
1861	 0.245703816413879 
1862	 0.245665684342384 
1863	 0.24560122191906 
1864	 0.245494976639748 
1865	 0.245361223816872 
1866	 0.245187655091286 
1867	 0.245000377297401 
1868	 0.244787767529488 
1869	 0.244556710124016 
1870	 0.244353696703911 
1871	 0.244130998849869 
1872	 0.243970066308975 
1873	 0.243846207857132 
1874	 0.243744060397148 
1875	 0.24368542432785 
1876	 0.243626117706299 
1877	 0.243555933237076 
1878	 0.243454530835152 
1879	 0.243324220180511 
1880	 0.243177682161331 
1881	 0.242975726723671 
1882	 0.242734506726265 
1883	 0.242463365197182 
1884	 0.242125317454338 
1885	 0.241712391376495 
1886	 0.241274252533913 
1887	 0.240802362561226 
1888	 0.240290910005569 
1889	 0.239795535802841 
1890	 0.239253237843513 
1891	 0.238673388957977 
1892	 0.238098204135895 
1893	 0.237461403012276 
1894	 0.236762315034866 
1895	 0.236063927412033 
1896	 0.235339894890785 
1897	 0.234541460871696 
1898	 0.233784183859825 
1899	 0.232976645231247 
1900	 0.232161164283752 
1901	 0.231378734111786 
1902	 0.23051880300045 
1903	 0.22968827188015 
1904	 0.228867515921593 
1905	 0.22803820669651 
1906	 0.227207288146019 
1907	 0.2264544069767 
1908	 0.22568391263485 
1909	 0.224934279918671 
1910	 0.224190384149551 
1911	 0.223374128341675 
1912	 0.222582712769508 
1913	 0.221784889698029 
1914	 0.220962047576904 
1915	 0.220205619931221 
1916	 0.219499289989471 
1917	 0.218800783157349 
1918	 0.218146756291389 
1919	 0.217543318867683 
1920	 0.216945514082909 
1921	 0.216431215405464 
1922	 0.215929359197617 
1923	 0.215469643473625 
1924	 0.215076670050621 
1925	 0.21467213332653 
1926	 0.214271128177643 
1927	 0.213903039693832 
1928	 0.213497519493103 
1929	 0.213066309690475 
1930	 0.212663799524307 
1931	 0.212242737412453 
1932	 0.211800664663315 
1933	 0.211406633257866 
1934	 0.210995018482208 
1935	 0.210597455501556 
1936	 0.210252195596695 
1937	 0.209930539131165 
1938	 0.209612309932709 
1939	 0.209364250302315 
1940	 0.20914763212204 
1941	 0.209011763334274 
1942	 0.20892821252346 
1943	 0.208904340863228 
1944	 0.208938002586365 
1945	 0.209009975194931 
1946	 0.209135606884956 
1947	 0.209299087524414 
1948	 0.20950947701931 
1949	 0.209765076637268 
1950	 0.210066244006157 
1951	 0.210412889719009 
1952	 0.210809677839279 
1953	 0.21124829351902 
1954	 0.211748361587524 
1955	 0.212321445345879 
1956	 0.212900072336197 
1957	 0.213517785072327 
1958	 0.214134603738785 
1959	 0.214665129780769 
1960	 0.21518862247467 
1961	 0.21566379070282 
1962	 0.216080695390701 
1963	 0.216478511691093 
1964	 0.216860190033913 
1965	 0.217182323336601 
1966	 0.217458605766296 
1967	 0.217703819274902 
1968	 0.217925801873207 
1969	 0.218117147684097 
1970	 0.218282535672188 
1971	 0.218467533588409 
1972	 0.218642115592957 
1973	 0.218829393386841 
1974	 0.219032555818558 
1975	 0.219265341758728 
1976	 0.219488024711609 
1977	 0.219709634780884 
1978	 0.219942405819893 
1979	 0.220175579190254 
1980	 0.220429673790932 
1981	 0.22070848941803 
1982	 0.22098383307457 
1983	 0.221266850829124 
1984	 0.221567079424858 
1985	 0.221843972802162 
1986	 0.222126975655556 
1987	 0.222424075007439 
1988	 0.222706615924835 
1989	 0.223032340407372 
1990	 0.223381921648979 
1991	 0.223756566643715 
1992	 0.224148839712143 
1993	 0.224601075053215 
1994	 0.225054934620857 
1995	 0.22552527487278 
1996	 0.225997179746628 
1997	 0.226475611329079 
1998	 0.226957470178604 
1999	 0.227452486753464 
2000	 0.227908506989479 
2001	 0.22837395966053 
2002	 0.228800788521767 
2003	 0.229186058044434 
2004	 0.229576870799065 
2005	 0.229956686496735 
2006	 0.230310454964638 
2007	 0.230653420090675 
2008	 0.230966225266457 
2009	 0.231260493397713 
2010	 0.231558352708817 
2011	 0.231846660375595 
2012	 0.232115492224693 
2013	 0.232352882623672 
2014	 0.232556700706482 
2015	 0.232766047120094 
2016	 0.232948839664459 
2017	 0.233130663633347 
2018	 0.233330950140953 
2019	 0.233488276600838 
2020	 0.233609914779663 
2021	 0.233738332986832 
2022	 0.233831390738487 
2023	 0.233890682458878 
2024	 0.233969956636429 
2025	 0.234018638730049 
2026	 0.234053611755371 
2027	 0.234078422188759 
2028	 0.234092086553574 
2029	 0.234072998166084 
2030	 0.234068557620049 
2031	 0.234065905213356 
2032	 0.234055757522583 
2033	 0.234066843986511 
2034	 0.234029442071915 
2035	 0.233968272805214 
2036	 0.233888477087021 
2037	 0.233778581023216 
2038	 0.233648493885994 
2039	 0.233538776636124 
2040	 0.233437687158585 
2041	 0.23332405090332 
2042	 0.233198523521423 
2043	 0.233096539974213 
2044	 0.232985526323318 
2045	 0.232900246977806 
2046	 0.232869282364845 
2047	 0.232788443565369 
2048	 0.232692614197731 
2049	 0.232599169015884 
2050	 0.232480689883232 
2051	 0.232363745570183 
2052	 0.232262700796127 
2053	 0.232173964381218 
2054	 0.232077404856682 
2055	 0.231970623135567 
2056	 0.231881618499756 
2057	 0.231811136007309 
2058	 0.231720000505447 
2059	 0.231630906462669 
2060	 0.2315364331007 
2061	 0.231411784887314 
2062	 0.231317803263664 
2063	 0.231229156255722 
2064	 0.231161817908287 
2065	 0.231129854917526 
2066	 0.231080815196037 
2067	 0.231031432747841 
2068	 0.23101282119751 
2069	 0.230979204177856 
2070	 0.230938866734505 
2071	 0.230907142162323 
2072	 0.230879098176956 
2073	 0.230852872133255 
2074	 0.230835571885109 
2075	 0.23080962896347 
2076	 0.230776831507683 
2077	 0.230754792690277 
2078	 0.230721935629845 
2079	 0.230707108974457 
2080	 0.230728581547737 
2081	 0.230723634362221 
2082	 0.230702877044678 
2083	 0.23070415854454 
2084	 0.230692058801651 
2085	 0.230658337473869 
2086	 0.230610996484756 
2087	 0.230555817484856 
2088	 0.230491653084755 
2089	 0.230399429798126 
2090	 0.230317637324333 
2091	 0.230231702327728 
2092	 0.230156004428864 
2093	 0.230078846216202 
2094	 0.230004996061325 
2095	 0.229941815137863 
2096	 0.229878604412079 
2097	 0.22980460524559 
2098	 0.229751825332642 
2099	 0.229697108268738 
2100	 0.229653999209404 
2101	 0.229605063796043 
2102	 0.229559406638145 
2103	 0.229501888155937 
2104	 0.229442536830902 
2105	 0.229377076029778 
2106	 0.229306101799011 
2107	 0.229225784540176 
2108	 0.229130178689957 
2109	 0.229050040245056 
2110	 0.228950321674347 
2111	 0.228885769844055 
2112	 0.228866726160049 
2113	 0.228815793991089 
2114	 0.228762999176979 
2115	 0.228715762495995 
2116	 0.228664979338646 
2117	 0.228600636124611 
2118	 0.228531673550606 
2119	 0.22846183180809 
2120	 0.228404507040977 
2121	 0.22833950817585 
2122	 0.228276684880257 
2123	 0.228242218494415 
2124	 0.228172928094864 
2125	 0.228068247437477 
2126	 0.227987840771675 
2127	 0.227924227714539 
2128	 0.227834716439247 
2129	 0.227755129337311 
2130	 0.227635830640793 
2131	 0.227463647723198 
2132	 0.227313488721848 
2133	 0.227149322628975 
2134	 0.226997241377831 
2135	 0.226849019527435 
2136	 0.226683542132378 
2137	 0.226510062813759 
2138	 0.226306945085526 
2139	 0.226144179701805 
2140	 0.225992530584335 
2141	 0.225839793682098 
2142	 0.225724652409554 
2143	 0.22555884718895 
2144	 0.225365996360779 
2145	 0.225177407264709 
2146	 0.224949106574059 
2147	 0.224757954478264 
2148	 0.224583104252815 
2149	 0.224411472678185 
2150	 0.224271863698959 
2151	 0.224109172821045 
2152	 0.223925828933716 
2153	 0.223761424422264 
2154	 0.223606064915657 
2155	 0.22343385219574 
2156	 0.223268881440163 
2157	 0.223119288682938 
2158	 0.222955048084259 
2159	 0.222790375351906 
2160	 0.222594723105431 
2161	 0.222377598285675 
2162	 0.2221759557724 
2163	 0.221942037343979 
2164	 0.221744284033775 
2165	 0.221588864922523 
2166	 0.221405729651451 
2167	 0.221216112375259 
2168	 0.221026331186295 
2169	 0.220807775855064 
2170	 0.220629513263702 
2171	 0.220472782850266 
2172	 0.220322743058205 
2173	 0.220202624797821 
2174	 0.220074713230133 
2175	 0.219958901405334 
2176	 0.219859302043915 
2177	 0.21976837515831 
2178	 0.219698488712311 
2179	 0.219626426696777 
2180	 0.21956031024456 
2181	 0.219497740268707 
2182	 0.219453543424606 
2183	 0.219381332397461 
2184	 0.219308733940125 
2185	 0.219212889671326 
2186	 0.219075039029121 
2187	 0.218974843621254 
2188	 0.218887031078339 
2189	 0.21878382563591 
2190	 0.218702867627144 
2191	 0.218592032790184 
2192	 0.218434751033783 
2193	 0.218308091163635 
2194	 0.218207955360413 
2195	 0.218074664473534 
2196	 0.217944249510765 
2197	 0.217784568667412 
2198	 0.217617988586426 
2199	 0.217449009418488 
2200	 0.217304110527039 
2201	 0.217207163572311 
2202	 0.217032864689827 
2203	 0.216827794909477 
2204	 0.216633141040802 
2205	 0.216400146484375 
2206	 0.216183662414551 
2207	 0.215979591012001 
2208	 0.215780690312386 
2209	 0.215590387582779 
2210	 0.215369895100594 
2211	 0.21513207256794 
2212	 0.214921310544014 
2213	 0.214686080813408 
2214	 0.214477613568306 
2215	 0.21432738006115 
2216	 0.214145541191101 
2217	 0.213941469788551 
2218	 0.213747188448906 
2219	 0.213546380400658 
2220	 0.213365614414215 
2221	 0.213214471936226 
2222	 0.213038757443428 
2223	 0.212873592972755 
2224	 0.212657123804092 
2225	 0.212377443909645 
2226	 0.212117046117783 
2227	 0.211823701858521 
2228	 0.211505547165871 
2229	 0.21116429567337 
2230	 0.2108204215765 
2231	 0.210404008626938 
2232	 0.209936335682869 
2233	 0.209455400705338 
2234	 0.20895591378212 
2235	 0.208367705345154 
2236	 0.207740798592567 
2237	 0.207054242491722 
2238	 0.206248417496681 
2239	 0.20546980202198 
2240	 0.204706460237503 
2241	 0.203847959637642 
2242	 0.202970445156097 
2243	 0.201987966895103 
2244	 0.200880959630013 
2245	 0.19977530837059 
2246	 0.198589071631432 
2247	 0.197398155927658 
2248	 0.196201667189598 
2249	 0.194953396916389 
2250	 0.193654224276543 
2251	 0.1923688352108 
2252	 0.19096003472805 
2253	 0.189569026231766 
2254	 0.188145667314529 
2255	 0.186661720275879 
2256	 0.185278102755547 
2257	 0.183859273791313 
2258	 0.182492166757584 
2259	 0.181180402636528 
2260	 0.179826036095619 
2261	 0.178461581468582 
2262	 0.177148401737213 
2263	 0.175782173871994 
2264	 0.174565359950066 
2265	 0.173465356230736 
2266	 0.172340273857117 
2267	 0.171294838190079 
2268	 0.170233026146889 
2269	 0.169133439660072 
2270	 0.168131828308105 
2271	 0.167183518409729 
2272	 0.16626663506031 
2273	 0.16545382142067 
2274	 0.164577767252922 
2275	 0.16373635828495 
2276	 0.162835091352463 
2277	 0.161869794130325 
2278	 0.160920962691307 
2279	 0.159921810030937 
2280	 0.158952564001083 
2281	 0.158023461699486 
2282	 0.157065942883492 
2283	 0.156108215451241 
2284	 0.15515373647213 
2285	 0.154106095433235 
2286	 0.153084740042686 
2287	 0.152055934071541 
2288	 0.151038691401482 
2289	 0.150141790509224 
2290	 0.149173989892006 
2291	 0.148204982280731 
2292	 0.14729967713356 
2293	 0.146304801106453 
2294	 0.145359620451927 
2295	 0.144475623965263 
2296	 0.143559217453003 
2297	 0.142776995897293 
2298	 0.14207960665226 
2299	 0.14144492149353 
2300	 0.140892073512077 
2301	 0.14042940735817 
2302	 0.14001938700676 
2303	 0.139762714505196 
2304	 0.139657542109489 
2305	 0.139578267931938 
2306	 0.139598295092583 
2307	 0.139699950814247 
2308	 0.139827564358711 
2309	 0.140122920274734 
2310	 0.140572756528854 
2311	 0.14108444750309 
2312	 0.141733050346375 
2313	 0.142429441213608 
2314	 0.143188089132309 
2315	 0.144071415066719 
2316	 0.145114570856094 
2317	 0.146127194166183 
2318	 0.147304117679596 
2319	 0.148308351635933 
2320	 0.14929373562336 
2321	 0.150121912360191 
2322	 0.150814205408096 
2323	 0.151441514492035 
2324	 0.151961296796799 
2325	 0.152390286326408 
2326	 0.152715921401978 
2327	 0.152986824512482 
2328	 0.15311124920845 
2329	 0.153258502483368 
2330	 0.153382122516632 
2331	 0.153468191623688 
2332	 0.153512954711914 
2333	 0.15347920358181 
2334	 0.153320908546448 
2335	 0.153118953108788 
2336	 0.152907356619835 
2337	 0.152694135904312 
2338	 0.152511164546013 
2339	 0.152256965637207 
2340	 0.151963144540787 
2341	 0.151677265763283 
2342	 0.151395335793495 
2343	 0.151169076561928 
2344	 0.150962471961975 
2345	 0.15079790353775 
2346	 0.150715425610542 
2347	 0.150687113404274 
2348	 0.150764107704163 
2349	 0.150914117693901 
2350	 0.151086613535881 
2351	 0.151403218507767 
2352	 0.151831105351448 
2353	 0.152313202619553 
2354	 0.15288607776165 
2355	 0.153543129563332 
2356	 0.154208362102509 
2357	 0.154905900359154 
2358	 0.155642688274384 
2359	 0.156329974532127 
2360	 0.156925141811371 
2361	 0.157507747411728 
2362	 0.15805396437645 
2363	 0.158495098352432 
2364	 0.158991917967796 
2365	 0.159412369132042 
2366	 0.159642040729523 
2367	 0.159851387143135 
2368	 0.159961342811584 
2369	 0.15999536216259 
2370	 0.16019469499588 
2371	 0.16034209728241 
2372	 0.160301432013512 
2373	 0.160376444458961 
2374	 0.160417929291725 
2375	 0.160346582531929 
2376	 0.160429462790489 
2377	 0.160489916801453 
2378	 0.160453915596008 
2379	 0.160386070609093 
2380	 0.160269320011139 
2381	 0.160196453332901 
2382	 0.160064503550529 
2383	 0.159841686487198 
2384	 0.159735053777695 
2385	 0.159655421972275 
2386	 0.159543991088867 
2387	 0.159524366259575 
2388	 0.159424260258675 
2389	 0.159246325492859 
2390	 0.15909668803215 
2391	 0.158922165632248 
2392	 0.158766701817513 
2393	 0.158628985285759 
2394	 0.158484503626823 
2395	 0.158360227942467 
2396	 0.158188596367836 
2397	 0.157978400588036 
2398	 0.157771244645119 
2399	 0.157502725720406 
2400	 0.157364368438721 
2401	 0.157311171293259 
2402	 0.157319769263268 
2403	 0.157254487276077 
2404	 0.157144412398338 
2405	 0.15699727833271 
2406	 0.156825169920921 
2407	 0.15656903386116 
2408	 0.156368494033813 
2409	 0.156275033950806 
2410	 0.156167730689049 
2411	 0.156161472201347 
2412	 0.156104564666748 
2413	 0.155953735113144 
2414	 0.155839815735817 
2415	 0.155690550804138 
2416	 0.155543819069862 
2417	 0.15546041727066 
2418	 0.155324146151543 
2419	 0.155179098248482 
2420	 0.155164495110512 
2421	 0.15509432554245 
2422	 0.155092552304268 
2423	 0.155225247144699 
2424	 0.155255556106567 
2425	 0.155258610844612 
2426	 0.155087664723396 
2427	 0.154799833893776 
2428	 0.154558315873146 
2429	 0.154328733682632 
2430	 0.154384970664978 
2431	 0.154507786035538 
2432	 0.154561877250671 
2433	 0.154588222503662 
2434	 0.154326424002647 
2435	 0.1540617197752 
2436	 0.153796181082726 
2437	 0.153529345989227 
2438	 0.153439030051231 
2439	 0.153345435857773 
2440	 0.153399154543877 
2441	 0.153417870402336 
2442	 0.153126984834671 
2443	 0.152860552072525 
2444	 0.152608603239059 
2445	 0.152347519993782 
2446	 0.152293518185616 
2447	 0.152181729674339 
2448	 0.151983216404915 
2449	 0.151766315102577 
2450	 0.151437863707542 
2451	 0.15119794011116 
2452	 0.150928482413292 
2453	 0.150574788451195 
2454	 0.150386273860931 
2455	 0.150243490934372 
2456	 0.149991258978844 
2457	 0.149694085121155 
2458	 0.149367660284042 
2459	 0.149080410599709 
2460	 0.148737832903862 
2461	 0.148317933082581 
2462	 0.148100942373276 
2463	 0.147832646965981 
2464	 0.1474739164114 
2465	 0.147348791360855 
2466	 0.147165760397911 
2467	 0.14690126478672 
2468	 0.146750241518021 
2469	 0.146562933921814 
2470	 0.146353110671043 
2471	 0.146142736077309 
2472	 0.146059289574623 
2473	 0.146222352981567 
2474	 0.146344497799873 
2475	 0.146466076374054 
2476	 0.146722912788391 
2477	 0.146899789571762 
2478	 0.147019892930984 
2479	 0.147187098860741 
2480	 0.146939590573311 
2481	 0.146872848272324 
2482	 0.146889582276344 
2483	 0.146809846162796 
2484	 0.1469756513834 
2485	 0.146928668022156 
2486	 0.14701035618782 
2487	 0.147447198629379 
2488	 0.147517248988152 
2489	 0.147579059004784 
2490	 0.147789940237999 
2491	 0.147637501358986 
2492	 0.147660106420517 
2493	 0.148136913776398 
2494	 0.14843961596489 
2495	 0.148772493004799 
2496	 0.148968487977982 
2497	 0.148712441325188 
2498	 0.148623779416084 
2499	 0.148547992110252 
2500	 0.148794010281563 
