Wavelength	Echave.122
350	 0.113424830138683 
351	 0.107521548867226 
352	 0.10447159409523 
353	 0.103008568286896 
354	 9.86540541052818E-02 
355	 0.099431574344635 
356	 0.101032271981239 
357	 9.92549881339073E-02 
358	 9.89791229367256E-02 
359	 9.52355042099953E-02 
360	 8.96325185894966E-02 
361	 8.70204120874405E-02 
362	 8.73052254319191E-02 
363	 8.74123349785805E-02 
364	 0.086374931037426 
365	 8.62276032567024E-02 
366	 8.43725576996803E-02 
367	 8.23586285114288E-02 
368	 8.14573988318443E-02 
369	 7.85963907837868E-02 
370	 7.91758447885513E-02 
371	 8.18396881222725E-02 
372	 0.082040086388588 
373	 0.082303948700428 
374	 8.25587883591652E-02 
375	 8.24162364006042E-02 
376	 8.13750550150871E-02 
377	 8.14869105815887E-02 
378	 8.16476419568062E-02 
379	 8.08160230517387E-02 
380	 8.10170993208885E-02 
381	 8.06859210133553E-02 
382	 8.08187127113342E-02 
383	 8.34291502833366E-02 
384	 8.58819410204887E-02 
385	 8.57663527131081E-02 
386	 8.32606628537178E-02 
387	 8.18635001778603E-02 
388	 8.44456106424332E-02 
389	 0.087431788444519 
390	 8.71020555496216E-02 
391	 8.57332646846771E-02 
392	 8.47180336713791E-02 
393	 8.58316868543625E-02 
394	 9.01387333869934E-02 
395	 8.98172333836555E-02 
396	 8.93762484192848E-02 
397	 0.091248020529747 
398	 0.092114694416523 
399	 9.14339348673821E-02 
400	 9.09784883260727E-02 
401	 9.22912284731865E-02 
402	 9.28606390953064E-02 
403	 9.46609228849411E-02 
404	 9.68290865421295E-02 
405	 9.67162698507309E-02 
406	 9.70915555953979E-02 
407	 9.85938459634781E-02 
408	 0.100627779960632 
409	 0.100839242339134 
410	 0.101888947188854 
411	 0.103097341954708 
412	 0.103240922093391 
413	 0.103870250284672 
414	 0.104721575975418 
415	 0.105580411851406 
416	 0.10635993629694 
417	 0.107064455747604 
418	 0.107945449650288 
419	 0.108895175158978 
420	 0.108734153211117 
421	 0.109751515090466 
422	 0.111294448375702 
423	 0.111770339310169 
424	 0.111913859844208 
425	 0.112143874168396 
426	 0.112677231431007 
427	 0.113527312874794 
428	 0.114331819117069 
429	 0.114919453859329 
430	 0.1152698174119 
431	 0.115596897900105 
432	 0.115953914821148 
433	 0.116397947072983 
434	 0.116955377161503 
435	 0.117428183555603 
436	 0.117814630270004 
437	 0.118104629218578 
438	 0.118213899433613 
439	 0.118573717772961 
440	 0.119005352258682 
441	 0.119266510009766 
442	 0.119671292603016 
443	 0.119930230081081 
444	 0.120042011141777 
445	 0.120228454470634 
446	 0.120274268090725 
447	 0.120429158210754 
448	 0.120721004903316 
449	 0.120488755404949 
450	 0.120653063058853 
451	 0.12095483392477 
452	 0.120844051241875 
453	 0.120949104428291 
454	 0.121098391711712 
455	 0.121153227984905 
456	 0.121077887713909 
457	 0.12118037045002 
458	 0.121270909905434 
459	 0.12117450684309 
460	 0.121077083051205 
461	 0.121136017143726 
462	 0.121169917285442 
463	 0.120868407189846 
464	 0.120560817420483 
465	 0.12040214240551 
466	 0.120389930903912 
467	 0.120323240756989 
468	 0.120262138545513 
469	 0.120153784751892 
470	 0.119974993169308 
471	 0.119933940470219 
472	 0.119907528162003 
473	 0.119724966585636 
474	 0.119240447878838 
475	 0.119106963276863 
476	 0.119042366743088 
477	 0.11881185323 
478	 0.118632294237614 
479	 0.118431620299816 
480	 0.118178121745586 
481	 0.117895714938641 
482	 0.117873355746269 
483	 0.117747068405151 
484	 0.117448672652245 
485	 0.117291033267975 
486	 0.117117993533611 
487	 0.117040105164051 
488	 0.11707853525877 
489	 0.116818875074387 
490	 0.116498254239559 
491	 0.116234332323074 
492	 0.116054013371468 
493	 0.11584385484457 
494	 0.115652352571487 
495	 0.115488700568676 
496	 0.115271508693695 
497	 0.114920616149902 
498	 0.114642776548862 
499	 0.114594161510468 
500	 0.114297442138195 
501	 0.11389596760273 
502	 0.113540798425674 
503	 0.113344676792622 
504	 0.113001689314842 
505	 0.112592436373234 
506	 0.112221151590347 
507	 0.111874774098396 
508	 0.111487478017807 
509	 0.11108161509037 
510	 0.110704451799393 
511	 0.110269211232662 
512	 0.109849125146866 
513	 0.109443731606007 
514	 0.108939699828625 
515	 0.108497522771358 
516	 0.108085550367832 
517	 0.107629001140594 
518	 0.107083931565285 
519	 0.106548704206944 
520	 0.106057062745094 
521	 0.105587393045425 
522	 0.105048783123493 
523	 0.104498259723186 
524	 0.103962302207947 
525	 0.103350818157196 
526	 0.102828286588192 
527	 0.10236044973135 
528	 0.101854726672173 
529	 0.101349756121635 
530	 0.100772008299828 
531	 0.100165605545044 
532	 9.96970981359482E-02 
533	 9.91484001278877E-02 
534	 9.85925868153572E-02 
535	 9.80997905135155E-02 
536	 9.75411161780357E-02 
537	 9.69880819320679E-02 
538	 9.64496582746506E-02 
539	 9.59040895104408E-02 
540	 9.53928604722023E-02 
541	 9.49182435870171E-02 
542	 9.44598838686943E-02 
543	 9.39673557877541E-02 
544	 9.35362800955772E-02 
545	 9.31134447455406E-02 
546	 9.26445126533508E-02 
547	 9.22908410429955E-02 
548	 9.19170305132866E-02 
549	 9.15094912052155E-02 
550	 0.091169685125351 
551	 0.090837724506855 
552	 0.090493269264698 
553	 9.01460126042366E-02 
554	 8.98687019944191E-02 
555	 8.95771160721779E-02 
556	 8.92574861645699E-02 
557	 8.89335423707962E-02 
558	 8.86308327317238E-02 
559	 8.83074477314949E-02 
560	 8.79643633961678E-02 
561	 8.76691415905952E-02 
562	 8.73637348413467E-02 
563	 8.70460197329521E-02 
564	 8.67234915494919E-02 
565	 8.63755419850349E-02 
566	 8.60516279935837E-02 
567	 8.57459008693695E-02 
568	 8.54131281375885E-02 
569	 8.50727632641792E-02 
570	 8.47413390874863E-02 
571	 8.44248160719872E-02 
572	 8.41055735945702E-02 
573	 8.38176384568214E-02 
574	 8.35363790392876E-02 
575	 8.32225829362869E-02 
576	 8.29122215509415E-02 
577	 0.082569420337677 
578	 8.21856930851936E-02 
579	 8.17904248833656E-02 
580	 8.14409032464027E-02 
581	 8.10797289013863E-02 
582	 8.06589871644974E-02 
583	 0.080251432955265 
584	 7.98428058624268E-02 
585	 7.94215649366379E-02 
586	 7.89840519428253E-02 
587	 7.85856321454048E-02 
588	 7.81869739294052E-02 
589	 7.77672827243805E-02 
590	 7.73572325706482E-02 
591	 7.69295766949654E-02 
592	 7.64999091625214E-02 
593	 7.60931670665741E-02 
594	 7.57152140140533E-02 
595	 0.075346402823925 
596	 7.49773383140564E-02 
597	 7.46066868305206E-02 
598	 7.41841495037079E-02 
599	 7.37942755222321E-02 
600	 7.34706819057465E-02 
601	 7.30675086379051E-02 
602	 7.26803913712502E-02 
603	 7.23382085561752E-02 
604	 7.20297694206238E-02 
605	 7.16842412948608E-02 
606	 7.13063031435013E-02 
607	 7.09354355931282E-02 
608	 7.06445500254631E-02 
609	 7.02995657920837E-02 
610	 6.99393898248672E-02 
611	 6.96193799376488E-02 
612	 6.93035945296288E-02 
613	 6.89602643251419E-02 
614	 6.86037018895149E-02 
615	 6.82764872908592E-02 
616	 6.79756551980972E-02 
617	 6.76702186465263E-02 
618	 6.73438981175423E-02 
619	 6.70122653245926E-02 
620	 6.66704103350639E-02 
621	 6.63202702999115E-02 
622	 6.59675374627113E-02 
623	 6.56197667121887E-02 
624	 6.53117746114731E-02 
625	 6.50087520480156E-02 
626	 6.46191313862801E-02 
627	 6.42467215657234E-02 
628	 6.39028549194336E-02 
629	 6.35762885212898E-02 
630	 6.32514134049416E-02 
631	 6.28889799118042E-02 
632	 6.25261813402176E-02 
633	 6.22241497039795E-02 
634	 6.19394592940807E-02 
635	 6.16143569350243E-02 
636	 6.12566955387592E-02 
637	 6.09560646116734E-02 
638	 6.06629326939583E-02 
639	 6.03675693273544E-02 
640	 6.00735023617744E-02 
641	 5.97981177270412E-02 
642	 0.059511873871088 
643	 5.92395141720772E-02 
644	 5.90299442410469E-02 
645	 5.88259734213352E-02 
646	 5.86214624345303E-02 
647	 5.84081560373306E-02 
648	 5.81603012979031E-02 
649	 5.79595975577831E-02 
650	 5.78046813607216E-02 
651	 5.76646067202091E-02 
652	 5.75119853019714E-02 
653	 5.73658235371113E-02 
654	 5.72246052324772E-02 
655	 5.70739395916462E-02 
656	 5.69707788527012E-02 
657	 5.69086074829102E-02 
658	 5.68658076226711E-02 
659	 5.68115152418613E-02 
660	 5.67831881344318E-02 
661	 5.67880198359489E-02 
662	 5.68163618445396E-02 
663	 5.68322204053402E-02 
664	 5.68893812596798E-02 
665	 5.69890849292278E-02 
666	 5.70780150592327E-02 
667	 5.72281777858734E-02 
668	 5.73912300169468E-02 
669	 5.75412251055241E-02 
670	 5.77703863382339E-02 
671	 5.80395497381687E-02 
672	 5.83462305366993E-02 
673	 5.87009340524673E-02 
674	 5.90932816267014E-02 
675	 5.94944767653942E-02 
676	 5.99270686507225E-02 
677	 6.04747645556927E-02 
678	 6.10315501689911E-02 
679	 6.16195052862167E-02 
680	 6.22732266783714E-02 
681	 6.29660040140152E-02 
682	 6.37616738677025E-02 
683	 0.064643420279026 
684	 6.55598416924477E-02 
685	 6.65770024061203E-02 
686	 6.76482990384102E-02 
687	 6.87887147068977E-02 
688	 7.01118633151054E-02 
689	 0.07152159512043 
690	 0.073017030954361 
691	 7.46279060840607E-02 
692	 7.63969644904137E-02 
693	 7.82953649759293E-02 
694	 8.03195238113403E-02 
695	 8.24811086058617E-02 
696	 8.47683325409889E-02 
697	 0.087207242846489 
698	 8.98147448897362E-02 
699	 9.25819054245949E-02 
700	 9.55399870872498E-02 
701	 9.86662283539772E-02 
702	 0.101941667497158 
703	 0.105416037142277 
704	 0.10903799533844 
705	 0.112781308591366 
706	 0.116648443043232 
707	 0.120696403086185 
708	 0.124861873686314 
709	 0.129121080040932 
710	 0.133543819189072 
711	 0.138018652796745 
712	 0.142547860741615 
713	 0.147147834300995 
714	 0.151760339736938 
715	 0.156384110450745 
716	 0.160986632108688 
717	 0.16551461815834 
718	 0.170076623558998 
719	 0.174571752548218 
720	 0.178939521312714 
721	 0.183241561055183 
722	 0.187433302402496 
723	 0.191512152552605 
724	 0.195478916168213 
725	 0.199311763048172 
726	 0.202905520796776 
727	 0.206305921077728 
728	 0.20964540541172 
729	 0.212768897414207 
730	 0.215716332197189 
731	 0.218508005142212 
732	 0.221092864871025 
733	 0.223608627915382 
734	 0.226000070571899 
735	 0.228179544210434 
736	 0.230162978172302 
737	 0.231985718011856 
738	 0.233694016933441 
739	 0.235329031944275 
740	 0.236862108111382 
741	 0.238233909010887 
742	 0.239447668194771 
743	 0.240604385733604 
744	 0.241688564419746 
745	 0.242685869336128 
746	 0.243574425578117 
747	 0.244309037923813 
748	 0.245034024119377 
749	 0.245717659592628 
750	 0.246245220303535 
751	 0.246732160449028 
752	 0.247252717614174 
753	 0.247755751013756 
754	 0.248044192790985 
755	 0.248405128717422 
756	 0.248765200376511 
757	 0.249031662940979 
758	 0.249311849474907 
759	 0.249560534954071 
760	 0.249756291508675 
761	 0.249895080924034 
762	 0.250001341104507 
763	 0.250135868787766 
764	 0.250282436609268 
765	 0.25034898519516 
766	 0.250459283590317 
767	 0.250538975000381 
768	 0.250543087720871 
769	 0.250582844018936 
770	 0.250598251819611 
771	 0.250612556934357 
772	 0.250656485557556 
773	 0.250653624534607 
774	 0.25063681602478 
775	 0.250623166561127 
776	 0.250613391399384 
777	 0.250627607107162 
778	 0.250633478164673 
779	 0.250601053237915 
780	 0.250516623258591 
781	 0.250438094139099 
782	 0.250405520200729 
783	 0.250415772199631 
784	 0.250348716974258 
785	 0.250267058610916 
786	 0.250203490257263 
787	 0.250163793563843 
788	 0.250109106302261 
789	 0.250015199184418 
790	 0.249894201755524 
791	 0.249797523021698 
792	 0.24976459145546 
793	 0.249712705612183 
794	 0.249598652124405 
795	 0.24954055249691 
796	 0.249460101127625 
797	 0.249358147382736 
798	 0.249264806509018 
799	 0.249203160405159 
800	 0.249140307307243 
801	 0.249061569571495 
802	 0.248972237110138 
803	 0.24890424311161 
804	 0.248819530010223 
805	 0.248708695173264 
806	 0.248618081212044 
807	 0.248568162322044 
808	 0.248554825782776 
809	 0.248540669679642 
810	 0.248408868908882 
811	 0.24834431707859 
812	 0.24832284450531 
813	 0.24824158847332 
814	 0.248146638274193 
815	 0.248083546757698 
816	 0.24804612994194 
817	 0.247983112931252 
818	 0.247882589697838 
819	 0.247824653983116 
820	 0.247821509838104 
821	 0.247754961252213 
822	 0.247643858194351 
823	 0.247553080320358 
824	 0.247527405619621 
825	 0.247510999441147 
826	 0.247459217905998 
827	 0.247405171394348 
828	 0.247394621372223 
829	 0.247311472892761 
830	 0.247230976819992 
831	 0.247174888849258 
832	 0.247108623385429 
833	 0.247029826045036 
834	 0.246975690126419 
835	 0.246966734528542 
836	 0.246989116072655 
837	 0.246919810771942 
838	 0.246830940246582 
839	 0.246803790330887 
840	 0.246802777051926 
841	 0.246743246912956 
842	 0.246637061238289 
843	 0.246545478701591 
844	 0.246530666947365 
845	 0.246544897556305 
846	 0.246528521180153 
847	 0.246436566114426 
848	 0.246365666389465 
849	 0.246353581547737 
850	 0.246391296386719 
851	 0.246421724557877 
852	 0.246383905410767 
853	 0.246344700455666 
854	 0.246360972523689 
855	 0.246409103274345 
856	 0.246429786086082 
857	 0.246464431285858 
858	 0.246542766690254 
859	 0.246529892086983 
860	 0.246489897370338 
861	 0.246487334370613 
862	 0.246564447879791 
863	 0.246657565236092 
864	 0.246678382158279 
865	 0.246662765741348 
866	 0.246735602617264 
867	 0.246768191456795 
868	 0.246785372495651 
869	 0.246830612421036 
870	 0.246939346194267 
871	 0.247048631310463 
872	 0.247155010700226 
873	 0.24724705517292 
874	 0.247262448072433 
875	 0.247308477759361 
876	 0.247386276721954 
877	 0.247471168637276 
878	 0.247581243515015 
879	 0.247702434659004 
880	 0.24781559407711 
881	 0.247904404997826 
882	 0.247974663972855 
883	 0.248052060604095 
884	 0.248174965381622 
885	 0.248369112610817 
886	 0.248501971364021 
887	 0.248616874217987 
888	 0.24874547123909 
889	 0.248879626393318 
890	 0.249006047844887 
891	 0.249125123023987 
892	 0.249245390295982 
893	 0.249383062124252 
894	 0.249503597617149 
895	 0.249627932906151 
896	 0.249779149889946 
897	 0.249952957034111 
898	 0.250080496072769 
899	 0.250222980976105 
900	 0.25043573975563 
901	 0.250569194555283 
902	 0.250720471143723 
903	 0.250903964042664 
904	 0.251092106103897 
905	 0.251288235187531 
906	 0.251480787992477 
907	 0.251669585704803 
908	 0.251865804195404 
909	 0.25209778547287 
910	 0.25229999423027 
911	 0.252492010593414 
912	 0.25277242064476 
913	 0.253027081489563 
914	 0.253259539604187 
915	 0.25349572300911 
916	 0.253762185573578 
917	 0.253965854644775 
918	 0.254198580980301 
919	 0.254492968320847 
920	 0.254706561565399 
921	 0.254873633384705 
922	 0.255093723535538 
923	 0.255414187908173 
924	 0.255715548992157 
925	 0.255954742431641 
926	 0.256197303533554 
927	 0.256499260663986 
928	 0.256751447916031 
929	 0.256938010454178 
930	 0.257137626409531 
931	 0.257431626319885 
932	 0.257733374834061 
933	 0.257981330156326 
934	 0.258255660533905 
935	 0.258655846118927 
936	 0.258951961994171 
937	 0.259224057197571 
938	 0.259491562843323 
939	 0.259729146957397 
940	 0.259994775056839 
941	 0.260220140218735 
942	 0.260442286729813 
943	 0.260771691799164 
944	 0.261079519987106 
945	 0.261301308870316 
946	 0.261507004499435 
947	 0.261862546205521 
948	 0.262113273143768 
949	 0.262324124574661 
950	 0.262558579444885 
951	 0.262812793254852 
952	 0.263050884008408 
953	 0.263328105211258 
954	 0.263624876737595 
955	 0.263803273439407 
956	 0.264057666063309 
957	 0.264337211847305 
958	 0.264567732810974 
959	 0.264732211828232 
960	 0.265000224113464 
961	 0.265249669551849 
962	 0.265379041433334 
963	 0.265468031167984 
964	 0.265766829252243 
965	 0.266147553920746 
966	 0.26642057299614 
967	 0.266512781381607 
968	 0.266734749078751 
969	 0.267067819833755 
970	 0.267390459775925 
971	 0.267602562904358 
972	 0.267765551805496 
973	 0.267963111400604 
974	 0.268234401941299 
975	 0.268486201763153 
976	 0.268665015697479 
977	 0.268810153007507 
978	 0.269000172615051 
979	 0.269330203533173 
980	 0.269517987966537 
981	 0.269682258367538 
982	 0.269982933998108 
983	 0.270243436098099 
984	 0.270440697669983 
985	 0.270686209201813 
986	 0.271043181419373 
987	 0.271255195140839 
988	 0.271423280239105 
989	 0.27160057425499 
990	 0.271811842918396 
991	 0.272035419940948 
992	 0.272353887557983 
993	 0.272556513547897 
994	 0.272538006305695 
995	 0.272889375686646 
996	 0.273250579833984 
997	 0.273407578468323 
998	 0.273354738950729 
999	 0.273528546094894 
1000	 0.273832350969315 
1001	 0.268626660108566 
1002	 0.268774598836899 
1003	 0.268910318613052 
1004	 0.269049555063248 
1005	 0.269179195165634 
1006	 0.269287109375 
1007	 0.269390046596527 
1008	 0.269497454166412 
1009	 0.269576877355576 
1010	 0.269679605960846 
1011	 0.269803434610367 
1012	 0.26991006731987 
1013	 0.269993841648102 
1014	 0.2701096534729 
1015	 0.270240396261215 
1016	 0.27037450671196 
1017	 0.27052053809166 
1018	 0.270673364400864 
1019	 0.270791977643967 
1020	 0.270908176898956 
1021	 0.270987719297409 
1022	 0.271025717258453 
1023	 0.271082103252411 
1024	 0.271108537912369 
1025	 0.271170347929001 
1026	 0.271286427974701 
1027	 0.271355092525482 
1028	 0.271412223577499 
1029	 0.271441876888275 
1030	 0.271496921777725 
1031	 0.271532297134399 
1032	 0.271620959043503 
1033	 0.271730214357376 
1034	 0.271832764148712 
1035	 0.271935760974884 
1036	 0.272013157606125 
1037	 0.272096872329712 
1038	 0.272142648696899 
1039	 0.272126615047455 
1040	 0.272161275148392 
1041	 0.272190481424332 
1042	 0.272222191095352 
1043	 0.272271007299423 
1044	 0.272342324256897 
1045	 0.27239054441452 
1046	 0.272464513778687 
1047	 0.272529304027557 
1048	 0.272609412670136 
1049	 0.272717326879501 
1050	 0.272768139839172 
1051	 0.272818565368652 
1052	 0.272850513458252 
1053	 0.272859036922455 
1054	 0.272785693407059 
1055	 0.272810846567154 
1056	 0.272892415523529 
1057	 0.272942036390305 
1058	 0.273011356592178 
1059	 0.273077845573425 
1060	 0.273134380578995 
1061	 0.273155719041824 
1062	 0.27318087220192 
1063	 0.273205459117889 
1064	 0.273200154304504 
1065	 0.273219048976898 
1066	 0.273284435272217 
1067	 0.273311167955399 
1068	 0.273325234651566 
1069	 0.273329854011536 
1070	 0.273331493139267 
1071	 0.273287147283554 
1072	 0.273332297801971 
1073	 0.273400247097015 
1074	 0.273436784744263 
1075	 0.273518741130829 
1076	 0.273579478263855 
1077	 0.273614078760147 
1078	 0.273650795221329 
1079	 0.273663610219955 
1080	 0.273660093545914 
1081	 0.273648858070374 
1082	 0.273686438798904 
1083	 0.273724436759949 
1084	 0.273739814758301 
1085	 0.273780286312103 
1086	 0.273808777332306 
1087	 0.273816883563995 
1088	 0.273846030235291 
1089	 0.273859262466431 
1090	 0.273848742246628 
1091	 0.273892790079117 
1092	 0.27392965555191 
1093	 0.273965895175934 
1094	 0.274012625217438 
1095	 0.274033904075623 
1096	 0.274017721414566 
1097	 0.273977756500244 
1098	 0.27396833896637 
1099	 0.27397421002388 
1100	 0.273961901664734 
1101	 0.273967772722244 
1102	 0.273975491523743 
1103	 0.273968756198883 
1104	 0.27393564581871 
1105	 0.273911535739899 
1106	 0.273908138275146 
1107	 0.273896962404251 
1108	 0.273865640163422 
1109	 0.273843497037888 
1110	 0.273814588785172 
1111	 0.273780018091202 
1112	 0.273753374814987 
1113	 0.27370697259903 
1114	 0.273651242256165 
1115	 0.273600518703461 
1116	 0.273573309183121 
1117	 0.2735356092453 
1118	 0.273477166891098 
1119	 0.273395478725433 
1120	 0.273344546556473 
1121	 0.273287743330002 
1122	 0.273232609033585 
1123	 0.273209691047668 
1124	 0.273189574480057 
1125	 0.273140877485275 
1126	 0.273105174303055 
1127	 0.273087471723557 
1128	 0.273049831390381 
1129	 0.272976577281952 
1130	 0.272887617349625 
1131	 0.272797167301178 
1132	 0.272688031196594 
1133	 0.272600442171097 
1134	 0.27255567908287 
1135	 0.272494584321976 
1136	 0.272441327571869 
1137	 0.27236932516098 
1138	 0.272285848855972 
1139	 0.272200256586075 
1140	 0.272095233201981 
1141	 0.27201983332634 
1142	 0.271935850381851 
1143	 0.271841049194336 
1144	 0.27176508307457 
1145	 0.271669059991837 
1146	 0.271574199199677 
1147	 0.271500587463379 
1148	 0.271404147148132 
1149	 0.271324574947357 
1150	 0.271285653114319 
1151	 0.271245926618576 
1152	 0.271188497543335 
1153	 0.271139889955521 
1154	 0.271076440811157 
1155	 0.270987033843994 
1156	 0.27090248465538 
1157	 0.270817130804062 
1158	 0.270727038383484 
1159	 0.270622372627258 
1160	 0.270541220903397 
1161	 0.270438492298126 
1162	 0.270333856344223 
1163	 0.270232021808624 
1164	 0.270111531019211 
1165	 0.270010858774185 
1166	 0.269926816225052 
1167	 0.269809365272522 
1168	 0.26968178153038 
1169	 0.269555479288101 
1170	 0.269402593374252 
1171	 0.269274145364761 
1172	 0.269171118736267 
1173	 0.269045352935791 
1174	 0.268911063671112 
1175	 0.268779397010803 
1176	 0.268631637096405 
1177	 0.268498182296753 
1178	 0.268365502357483 
1179	 0.268260419368744 
1180	 0.268145114183426 
1181	 0.268016487360001 
1182	 0.267875880002975 
1183	 0.267733097076416 
1184	 0.267600208520889 
1185	 0.267495036125183 
1186	 0.267406195402145 
1187	 0.267345994710922 
1188	 0.267277777194977 
1189	 0.267216175794601 
1190	 0.267164587974548 
1191	 0.267129451036453 
1192	 0.267084121704102 
1193	 0.267042189836502 
1194	 0.267003208398819 
1195	 0.266958206892014 
1196	 0.266915678977966 
1197	 0.266882240772247 
1198	 0.266844719648361 
1199	 0.26679527759552 
1200	 0.266756355762482 
1201	 0.266734182834625 
1202	 0.266715973615646 
1203	 0.266707897186279 
1204	 0.266717165708542 
1205	 0.266730070114136 
1206	 0.266754180192947 
1207	 0.266771405935287 
1208	 0.266792714595795 
1209	 0.266812652349472 
1210	 0.266817510128021 
1211	 0.266848474740982 
1212	 0.266904950141907 
1213	 0.266948223114014 
1214	 0.26699087023735 
1215	 0.267042696475983 
1216	 0.267104625701904 
1217	 0.267149418592453 
1218	 0.267187654972076 
1219	 0.267236888408661 
1220	 0.267278909683228 
1221	 0.267319530248642 
1222	 0.267371505498886 
1223	 0.267429202795029 
1224	 0.267483204603195 
1225	 0.267534583806992 
1226	 0.267572969198227 
1227	 0.267610758543015 
1228	 0.267643123865128 
1229	 0.267655491828918 
1230	 0.267679125070572 
1231	 0.267716526985168 
1232	 0.267739862203598 
1233	 0.26775535941124 
1234	 0.267769902944565 
1235	 0.267771869897842 
1236	 0.267782360315323 
1237	 0.267798751592636 
1238	 0.267809450626373 
1239	 0.267813354730606 
1240	 0.267836809158325 
1241	 0.267847090959549 
1242	 0.267841845750809 
1243	 0.267843037843704 
1244	 0.267845541238785 
1245	 0.267838686704636 
1246	 0.267825812101364 
1247	 0.267816871404648 
1248	 0.267800450325012 
1249	 0.267791956663132 
1250	 0.267796576023102 
1251	 0.267782717943192 
1252	 0.267765820026398 
1253	 0.267740786075592 
1254	 0.267689317464828 
1255	 0.26766300201416 
1256	 0.267638474702835 
1257	 0.267625659704208 
1258	 0.267642050981522 
1259	 0.267641395330429 
1260	 0.26765051484108 
1261	 0.267638832330704 
1262	 0.267615377902985 
1263	 0.267574012279511 
1264	 0.267530202865601 
1265	 0.267466515302658 
1266	 0.267420798540115 
1267	 0.267375141382217 
1268	 0.267334043979645 
1269	 0.267301261425018 
1270	 0.267263323068619 
1271	 0.267222791910172 
1272	 0.26718670129776 
1273	 0.267147451639175 
1274	 0.267121076583862 
1275	 0.26710918545723 
1276	 0.267086148262024 
1277	 0.267069131135941 
1278	 0.267044007778168 
1279	 0.267006039619446 
1280	 0.266973316669464 
1281	 0.266933530569077 
1282	 0.266907036304474 
1283	 0.266897737979889 
1284	 0.266874939203262 
1285	 0.266850173473358 
1286	 0.266832649707794 
1287	 0.266803175210953 
1288	 0.266754418611526 
1289	 0.266727060079575 
1290	 0.266702681779861 
1291	 0.266690194606781 
1292	 0.266693919897079 
1293	 0.266685217618942 
1294	 0.266691833734512 
1295	 0.266669005155563 
1296	 0.266606420278549 
1297	 0.26658895611763 
1298	 0.266588807106018 
1299	 0.26657173037529 
1300	 0.266580879688263 
1301	 0.26656648516655 
1302	 0.266509711742401 
1303	 0.266479641199112 
1304	 0.266462653875351 
1305	 0.266443878412247 
1306	 0.266446590423584 
1307	 0.266424596309662 
1308	 0.266387969255447 
1309	 0.266347140073776 
1310	 0.266311258077621 
1311	 0.2662613093853 
1312	 0.266225278377533 
1313	 0.26620826125145 
1314	 0.266165524721146 
1315	 0.266108274459839 
1316	 0.266061782836914 
1317	 0.266010612249374 
1318	 0.265960901975632 
1319	 0.265916794538498 
1320	 0.265870600938797 
1321	 0.265821129083633 
1322	 0.265770941972733 
1323	 0.2657330930233 
1324	 0.265673905611038 
1325	 0.265591233968735 
1326	 0.26552551984787 
1327	 0.265458106994629 
1328	 0.265390753746033 
1329	 0.265337318181992 
1330	 0.2652747631073 
1331	 0.26521372795105 
1332	 0.265135228633881 
1333	 0.265042245388031 
1334	 0.264950931072235 
1335	 0.264856845140457 
1336	 0.264749944210052 
1337	 0.264646291732788 
1338	 0.264549225568771 
1339	 0.264441609382629 
1340	 0.264314860105515 
1341	 0.26421532034874 
1342	 0.264131665229797 
1343	 0.264031857252121 
1344	 0.263948976993561 
1345	 0.263833671808243 
1346	 0.26369845867157 
1347	 0.26355442404747 
1348	 0.263389408588409 
1349	 0.263230472803116 
1350	 0.263073980808258 
1351	 0.262895435094833 
1352	 0.262719094753265 
1353	 0.262513160705566 
1354	 0.262263178825378 
1355	 0.262031853199005 
1356	 0.261778950691223 
1357	 0.261551380157471 
1358	 0.261340111494064 
1359	 0.26113349199295 
1360	 0.260937094688416 
1361	 0.260748237371445 
1362	 0.260563611984253 
1363	 0.260409772396088 
1364	 0.26026314496994 
1365	 0.26013058423996 
1366	 0.260019570589066 
1367	 0.259929209947586 
1368	 0.259837120771408 
1369	 0.259764969348907 
1370	 0.259685188531876 
1371	 0.259611129760742 
1372	 0.25952285528183 
1373	 0.259451001882553 
1374	 0.259332299232483 
1375	 0.259194195270538 
1376	 0.259025454521179 
1377	 0.258814811706543 
1378	 0.25860521197319 
1379	 0.258356362581253 
1380	 0.258136421442032 
1381	 0.257905304431915 
1382	 0.257707595825195 
1383	 0.25752592086792 
1384	 0.257367938756943 
1385	 0.25724259018898 
1386	 0.257122159004211 
1387	 0.257026076316834 
1388	 0.25693091750145 
1389	 0.256854742765427 
1390	 0.256761819124222 
1391	 0.256668716669083 
1392	 0.256571888923645 
1393	 0.256430387496948 
1394	 0.256304949522018 
1395	 0.256193429231644 
1396	 0.256080746650696 
1397	 0.255974143743515 
1398	 0.255894511938095 
1399	 0.255786716938019 
1400	 0.255671262741089 
1401	 0.255539983510971 
1402	 0.255402892827988 
1403	 0.255244374275208 
1404	 0.255066603422165 
1405	 0.254878878593445 
1406	 0.254681080579758 
1407	 0.254464685916901 
1408	 0.25422415137291 
1409	 0.253985643386841 
1410	 0.253734409809113 
1411	 0.253480136394501 
1412	 0.253211230039597 
1413	 0.252963155508041 
1414	 0.25270864367485 
1415	 0.252473294734955 
1416	 0.252267181873322 
1417	 0.252051085233688 
1418	 0.251852691173553 
1419	 0.251630365848541 
1420	 0.251395374536514 
1421	 0.251155734062195 
1422	 0.250899970531464 
1423	 0.250641286373138 
1424	 0.25038731098175 
1425	 0.250113844871521 
1426	 0.249836847186089 
1427	 0.249545067548752 
1428	 0.24924598634243 
1429	 0.248976185917854 
1430	 0.248703584074974 
1431	 0.24843855202198 
1432	 0.248173788189888 
1433	 0.247912377119064 
1434	 0.247655302286148 
1435	 0.247400388121605 
1436	 0.247151270508766 
1437	 0.246909946203232 
1438	 0.246668174862862 
1439	 0.246431455016136 
1440	 0.246189326047897 
1441	 0.245933681726456 
1442	 0.24570794403553 
1443	 0.245467826724052 
1444	 0.245291009545326 
1445	 0.245138049125671 
1446	 0.245042935013771 
1447	 0.245001703500748 
1448	 0.244989454746246 
1449	 0.245008423924446 
1450	 0.245087891817093 
1451	 0.245221018791199 
1452	 0.245380625128746 
1453	 0.245619624853134 
1454	 0.245839506387711 
1455	 0.2460807710886 
1456	 0.246312528848648 
1457	 0.246561631560326 
1458	 0.246783003211021 
1459	 0.246996998786926 
1460	 0.247189417481422 
1461	 0.247358903288841 
1462	 0.247513115406036 
1463	 0.247657015919685 
1464	 0.247774228453636 
1465	 0.24786214530468 
1466	 0.24794302880764 
1467	 0.24799782037735 
1468	 0.248046860098839 
1469	 0.248082190752029 
1470	 0.248088717460632 
1471	 0.248083874583244 
1472	 0.248052716255188 
1473	 0.248027727007866 
1474	 0.247990861535072 
1475	 0.247955814003944 
1476	 0.247922137379646 
1477	 0.247873872518539 
1478	 0.247812896966934 
1479	 0.247759744524956 
1480	 0.247705072164536 
1481	 0.247640147805214 
1482	 0.24758392572403 
1483	 0.247500360012054 
1484	 0.247394293546677 
1485	 0.24728612601757 
1486	 0.247158855199814 
1487	 0.247043654322624 
1488	 0.246912717819214 
1489	 0.246814161539078 
1490	 0.246726766228676 
1491	 0.246658340096474 
1492	 0.246616542339325 
1493	 0.246576741337776 
1494	 0.246547505259514 
1495	 0.246528297662735 
1496	 0.246514156460762 
1497	 0.246519207954407 
1498	 0.246542945504189 
1499	 0.246573209762573 
1500	 0.246600985527039 
1501	 0.246669799089432 
1502	 0.246747583150864 
1503	 0.246867388486862 
1504	 0.247032344341278 
1505	 0.24721921980381 
1506	 0.247453391551971 
1507	 0.247681811451912 
1508	 0.247938275337219 
1509	 0.248186245560646 
1510	 0.248460069298744 
1511	 0.248686417937279 
1512	 0.248899459838867 
1513	 0.249085769057274 
1514	 0.249232396483421 
1515	 0.249357774853706 
1516	 0.249450981616974 
1517	 0.249543994665146 
1518	 0.249609410762787 
1519	 0.249676361680031 
1520	 0.249745532870293 
1521	 0.249810606241226 
1522	 0.249877035617828 
1523	 0.249912232160568 
1524	 0.249952912330627 
1525	 0.249989598989487 
1526	 0.250017523765564 
1527	 0.250029504299164 
1528	 0.250063002109528 
1529	 0.250094711780548 
1530	 0.250141799449921 
1531	 0.250215917825699 
1532	 0.250252276659012 
1533	 0.250280946493149 
1534	 0.250304192304611 
1535	 0.250306904315948 
1536	 0.25031590461731 
1537	 0.250330060720444 
1538	 0.250332236289978 
1539	 0.250316560268402 
1540	 0.250320374965668 
1541	 0.250320911407471 
1542	 0.250345081090927 
1543	 0.250391900539398 
1544	 0.250426709651947 
1545	 0.250471532344818 
1546	 0.250509470701218 
1547	 0.250539600849152 
1548	 0.250575006008148 
1549	 0.250614285469055 
1550	 0.250652760267258 
1551	 0.250697731971741 
1552	 0.25072455406189 
1553	 0.250743061304092 
1554	 0.250763297080994 
1555	 0.250770300626755 
1556	 0.250783175230026 
1557	 0.250801801681519 
1558	 0.250818014144897 
1559	 0.250826686620712 
1560	 0.2508445084095 
1561	 0.2508744597435 
1562	 0.250891506671906 
1563	 0.250911176204681 
1564	 0.250917047262192 
1565	 0.250896781682968 
1566	 0.250904321670532 
1567	 0.250913590192795 
1568	 0.250934422016144 
1569	 0.250981986522675 
1570	 0.251015454530716 
1571	 0.251052528619766 
1572	 0.251077085733414 
1573	 0.251085102558136 
1574	 0.251109808683395 
1575	 0.251140356063843 
1576	 0.251160681247711 
1577	 0.251191973686218 
1578	 0.251208961009979 
1579	 0.251213520765305 
1580	 0.251207709312439 
1581	 0.251188576221466 
1582	 0.251175791025162 
1583	 0.251142531633377 
1584	 0.251131862401962 
1585	 0.25113844871521 
1586	 0.251146256923676 
1587	 0.251153856515884 
1588	 0.25118100643158 
1589	 0.251236617565155 
1590	 0.25126788020134 
1591	 0.25130894780159 
1592	 0.251333504915237 
1593	 0.251318514347076 
1594	 0.251332730054855 
1595	 0.251366168260574 
1596	 0.251384913921356 
1597	 0.251409769058228 
1598	 0.251428753137589 
1599	 0.251431941986084 
1600	 0.251440972089767 
1601	 0.251462519168854 
1602	 0.251467734575272 
1603	 0.251460671424866 
1604	 0.25145548582077 
1605	 0.251433044672012 
1606	 0.251428216695786 
1607	 0.251438677310944 
1608	 0.251440763473511 
1609	 0.25144949555397 
1610	 0.251453250646591 
1611	 0.251448214054108 
1612	 0.251446306705475 
1613	 0.251457959413528 
1614	 0.251445412635803 
1615	 0.251400768756866 
1616	 0.251385301351547 
1617	 0.251377254724503 
1618	 0.251361876726151 
1619	 0.251374334096909 
1620	 0.251363664865494 
1621	 0.251319169998169 
1622	 0.251291185617447 
1623	 0.251274317502975 
1624	 0.251241475343704 
1625	 0.251204490661621 
1626	 0.251163244247437 
1627	 0.251103401184082 
1628	 0.251055628061295 
1629	 0.251009732484818 
1630	 0.250969916582108 
1631	 0.250924497842789 
1632	 0.250902593135834 
1633	 0.250913113355637 
1634	 0.250903338193893 
1635	 0.250909358263016 
1636	 0.250894010066986 
1637	 0.250834673643112 
1638	 0.250808089971542 
1639	 0.250788927078247 
1640	 0.250777155160904 
1641	 0.250800520181656 
1642	 0.250796049833298 
1643	 0.250781536102295 
1644	 0.250763535499573 
1645	 0.250723093748093 
1646	 0.250694692134857 
1647	 0.250685155391693 
1648	 0.250650137662888 
1649	 0.250620037317276 
1650	 0.250556349754334 
1651	 0.250452131032944 
1652	 0.250353693962097 
1653	 0.250239819288254 
1654	 0.250121891498566 
1655	 0.250020265579224 
1656	 0.24987481534481 
1657	 0.249691396951675 
1658	 0.249512404203415 
1659	 0.249303624033928 
1660	 0.249103799462318 
1661	 0.248919799923897 
1662	 0.248713880777359 
1663	 0.248501688241959 
1664	 0.24826568365097 
1665	 0.248018383979797 
1666	 0.247737750411034 
1667	 0.247423082590103 
1668	 0.247108146548271 
1669	 0.246782466769218 
1670	 0.246425658464432 
1671	 0.246053725481033 
1672	 0.24565564095974 
1673	 0.245221495628357 
1674	 0.244776681065559 
1675	 0.244323596358299 
1676	 0.243842512369156 
1677	 0.243326544761658 
1678	 0.242814093828201 
1679	 0.242282062768936 
1680	 0.24174265563488 
1681	 0.241211324930191 
1682	 0.240635946393013 
1683	 0.240022301673889 
1684	 0.239434659481049 
1685	 0.238819062709808 
1686	 0.238233223557472 
1687	 0.237667381763458 
1688	 0.237098515033722 
1689	 0.236536204814911 
1690	 0.235982224345207 
1691	 0.235446885228157 
1692	 0.234906449913979 
1693	 0.234351471066475 
1694	 0.23383404314518 
1695	 0.233319699764252 
1696	 0.232841715216637 
1697	 0.232401147484779 
1698	 0.231969311833382 
1699	 0.231564536690712 
1700	 0.231170058250427 
1701	 0.230797335505486 
1702	 0.230431005358696 
1703	 0.230074495077133 
1704	 0.229714125394821 
1705	 0.229351878166199 
1706	 0.228975847363472 
1707	 0.228671103715897 
1708	 0.228377774357796 
1709	 0.228097930550575 
1710	 0.227841153740883 
1711	 0.227562546730042 
1712	 0.227306663990021 
1713	 0.227059245109558 
1714	 0.226807698607445 
1715	 0.226589292287827 
1716	 0.226374536752701 
1717	 0.226164594292641 
1718	 0.225974351167679 
1719	 0.22577191889286 
1720	 0.22554948925972 
1721	 0.225355744361877 
1722	 0.225206986069679 
1723	 0.225069612264633 
1724	 0.224953278899193 
1725	 0.224859669804573 
1726	 0.224765688180923 
1727	 0.2247024923563 
1728	 0.224680989980698 
1729	 0.224681735038757 
1730	 0.224727809429169 
1731	 0.224811673164368 
1732	 0.224922955036163 
1733	 0.225078970193863 
1734	 0.225271299481392 
1735	 0.225476011633873 
1736	 0.2256720662117 
1737	 0.225874006748199 
1738	 0.226014986634254 
1739	 0.226140677928925 
1740	 0.226245760917664 
1741	 0.226347252726555 
1742	 0.226452022790909 
1743	 0.226519212126732 
1744	 0.226562559604645 
1745	 0.226599454879761 
1746	 0.226582959294319 
1747	 0.226601243019104 
1748	 0.226638585329056 
1749	 0.22667384147644 
1750	 0.226692453026772 
1751	 0.226766258478165 
1752	 0.226863086223602 
1753	 0.226983815431595 
1754	 0.227156579494476 
1755	 0.227330699563026 
1756	 0.227504387497902 
1757	 0.227671831846237 
1758	 0.227901741862297 
1759	 0.228095874190331 
1760	 0.228324204683304 
1761	 0.228624999523163 
1762	 0.228914380073547 
1763	 0.229223638772964 
1764	 0.229568719863892 
1765	 0.229932829737663 
1766	 0.230326354503632 
1767	 0.230741664767265 
1768	 0.231208667159081 
1769	 0.231680631637573 
1770	 0.232093036174774 
1771	 0.232514217495918 
1772	 0.232911914587021 
1773	 0.233272925019264 
1774	 0.233666226267815 
1775	 0.234009295701981 
1776	 0.234352573752403 
1777	 0.234708532691002 
1778	 0.234974279999733 
1779	 0.23525695502758 
1780	 0.235523879528046 
1781	 0.235717996954918 
1782	 0.235947728157043 
1783	 0.236155793070793 
1784	 0.236338451504707 
1785	 0.236539900302887 
1786	 0.236695826053619 
1787	 0.236833453178406 
1788	 0.236946254968643 
1789	 0.237000524997711 
1790	 0.237090229988098 
1791	 0.237185195088387 
1792	 0.237272948026657 
1793	 0.237373173236847 
1794	 0.237463489174843 
1795	 0.237533316016197 
1796	 0.237579256296158 
1797	 0.237656861543655 
1798	 0.23774166405201 
1799	 0.237824618816376 
1800	 0.237959653139114 
1801	 0.229413762688637 
1802	 0.22999382019043 
1803	 0.230497509241104 
1804	 0.230972602963448 
1805	 0.231448486447334 
1806	 0.231848075985909 
1807	 0.23221130669117 
1808	 0.232516080141068 
1809	 0.232751950621605 
1810	 0.232977911829948 
1811	 0.23315317928791 
1812	 0.233322635293007 
1813	 0.233463108539581 
1814	 0.233604148030281 
1815	 0.233734756708145 
1816	 0.233841553330421 
1817	 0.23394912481308 
1818	 0.234036564826965 
1819	 0.234142169356346 
1820	 0.234249711036682 
1821	 0.234358340501785 
1822	 0.234465911984444 
1823	 0.234598204493523 
1824	 0.234721943736076 
1825	 0.234828934073448 
1826	 0.234944596886635 
1827	 0.235065937042236 
1828	 0.235179468989372 
1829	 0.23529152572155 
1830	 0.235401332378387 
1831	 0.235512718558311 
1832	 0.235616162419319 
1833	 0.235696092247963 
1834	 0.235789105296135 
1835	 0.235876724123955 
1836	 0.23595304787159 
1837	 0.236065432429314 
1838	 0.236201465129852 
1839	 0.236340939998627 
1840	 0.236497223377228 
1841	 0.236663296818733 
1842	 0.236853092908859 
1843	 0.237019971013069 
1844	 0.237185537815094 
1845	 0.237370997667313 
1846	 0.237536147236824 
1847	 0.237673044204712 
1848	 0.237820729613304 
1849	 0.23798243701458 
1850	 0.238110542297363 
1851	 0.238216549158096 
1852	 0.238336265087128 
1853	 0.238443121314049 
1854	 0.238510400056839 
1855	 0.238568857312202 
1856	 0.238622203469276 
1857	 0.238658621907234 
1858	 0.238682582974434 
1859	 0.238701343536377 
1860	 0.238724201917648 
1861	 0.238726109266281 
1862	 0.23872321844101 
1863	 0.23869551718235 
1864	 0.238623559474945 
1865	 0.238510951399803 
1866	 0.238339066505432 
1867	 0.238124594092369 
1868	 0.237889513373375 
1869	 0.237659737467766 
1870	 0.237445756793022 
1871	 0.237216547131538 
1872	 0.237029537558556 
1873	 0.236873298883438 
1874	 0.236724138259888 
1875	 0.236599072813988 
1876	 0.236475571990013 
1877	 0.236344441771507 
1878	 0.236169710755348 
1879	 0.235955595970154 
1880	 0.235701695084572 
1881	 0.235389947891235 
1882	 0.235017701983452 
1883	 0.234631672501564 
1884	 0.234172776341438 
1885	 0.233646422624588 
1886	 0.233130514621735 
1887	 0.232548907399178 
1888	 0.23191599547863 
1889	 0.231322035193443 
1890	 0.230660364031792 
1891	 0.229974910616875 
1892	 0.229310557246208 
1893	 0.228571012616158 
1894	 0.227769136428833 
1895	 0.226961344480515 
1896	 0.226104632019997 
1897	 0.22519014775753 
1898	 0.224334642291069 
1899	 0.223429203033447 
1900	 0.222520619630814 
1901	 0.221593514084816 
1902	 0.220567062497139 
1903	 0.219581231474876 
1904	 0.218594267964363 
1905	 0.217581003904343 
1906	 0.216584533452988 
1907	 0.215686604380608 
1908	 0.214753240346909 
1909	 0.21383248269558 
1910	 0.212911516427994 
1911	 0.211910843849182 
1912	 0.210943043231964 
1913	 0.209973201155663 
1914	 0.209005162119865 
1915	 0.208118006587029 
1916	 0.207302749156952 
1917	 0.206478253006935 
1918	 0.205723956227303 
1919	 0.205050706863403 
1920	 0.204376548528671 
1921	 0.203805938363075 
1922	 0.20326355099678 
1923	 0.202771574258804 
1924	 0.202360585331917 
1925	 0.201948881149292 
1926	 0.201536327600479 
1927	 0.201160162687302 
1928	 0.200749412178993 
1929	 0.20032662153244 
1930	 0.199894815683365 
1931	 0.199447840452194 
1932	 0.198985114693642 
1933	 0.198550954461098 
1934	 0.198130041360855 
1935	 0.197731405496597 
1936	 0.197369262576103 
1937	 0.197052389383316 
1938	 0.196753650903702 
1939	 0.196527928113937 
1940	 0.196353197097778 
1941	 0.196239620447159 
1942	 0.196175217628479 
1943	 0.196150496602058 
1944	 0.196175143122673 
1945	 0.196265026926994 
1946	 0.196431070566177 
1947	 0.196635484695435 
1948	 0.196901708841324 
1949	 0.197235092520714 
1950	 0.197601974010468 
1951	 0.19800940155983 
1952	 0.198478311300278 
1953	 0.198995649814606 
1954	 0.199568003416061 
1955	 0.200206980109215 
1956	 0.200852081179619 
1957	 0.201544940471649 
1958	 0.202231913805008 
1959	 0.202855557203293 
1960	 0.203494369983673 
1961	 0.204049661755562 
1962	 0.204522013664246 
1963	 0.204983085393906 
1964	 0.205415472388268 
1965	 0.205786347389221 
1966	 0.206111133098602 
1967	 0.206414893269539 
1968	 0.206653103232384 
1969	 0.206872403621674 
1970	 0.207068845629692 
1971	 0.207268550992012 
1972	 0.207492336630821 
1973	 0.20772510766983 
1974	 0.207970529794693 
1975	 0.20824983716011 
1976	 0.208516716957092 
1977	 0.208774074912071 
1978	 0.209045723080635 
1979	 0.209316998720169 
1980	 0.209611311554909 
1981	 0.209926679730415 
1982	 0.210248813033104 
1983	 0.210603550076485 
1984	 0.210982039570808 
1985	 0.211341053247452 
1986	 0.211734861135483 
1987	 0.212134838104248 
1988	 0.212520360946655 
1989	 0.212952971458435 
1990	 0.213422000408173 
1991	 0.213901117444038 
1992	 0.214399203658104 
1993	 0.214939147233963 
1994	 0.215476214885712 
1995	 0.216036185622215 
1996	 0.216593861579895 
1997	 0.217170566320419 
1998	 0.217748746275902 
1999	 0.218338832259178 
2000	 0.218895807862282 
2001	 0.219481527805328 
2002	 0.219997704029083 
2003	 0.220461130142212 
2004	 0.220927491784096 
2005	 0.221362680196762 
2006	 0.221776619553566 
2007	 0.222181379795074 
2008	 0.222563654184341 
2009	 0.22290450334549 
2010	 0.223217904567719 
2011	 0.223509788513184 
2012	 0.223791927099228 
2013	 0.224042698740959 
2014	 0.224268645048141 
2015	 0.224480122327805 
2016	 0.22465968132019 
2017	 0.224829867482185 
2018	 0.225000113248825 
2019	 0.225134462118149 
2020	 0.225235760211945 
2021	 0.225329220294952 
2022	 0.225408673286438 
2023	 0.225461557507515 
2024	 0.225504234433174 
2025	 0.225528866052628 
2026	 0.225545793771744 
2027	 0.22553762793541 
2028	 0.225530743598938 
2029	 0.225529432296753 
2030	 0.225505396723747 
2031	 0.225466310977936 
2032	 0.225410535931587 
2033	 0.225345507264137 
2034	 0.225256949663162 
2035	 0.225152760744095 
2036	 0.225016295909882 
2037	 0.224879428744316 
2038	 0.224708899855614 
2039	 0.224531799554825 
2040	 0.224327579140663 
2041	 0.22414667904377 
2042	 0.223941087722778 
2043	 0.223781660199165 
2044	 0.223636165261269 
2045	 0.223526686429977 
2046	 0.223452210426331 
2047	 0.223390758037567 
2048	 0.22339192032814 
2049	 0.223351344466209 
2050	 0.223303511738777 
2051	 0.223254442214966 
2052	 0.22320194542408 
2053	 0.223119929432869 
2054	 0.223044589161873 
2055	 0.222980320453644 
2056	 0.22289377450943 
2057	 0.222774907946587 
2058	 0.222682744264603 
2059	 0.22258472442627 
2060	 0.222511440515518 
2061	 0.222447127103806 
2062	 0.222407728433609 
2063	 0.222394123673439 
2064	 0.222384169697762 
2065	 0.222395688295364 
2066	 0.222416639328003 
2067	 0.222422629594803 
2068	 0.222419485449791 
2069	 0.222429394721985 
2070	 0.222430840134621 
2071	 0.222455993294716 
2072	 0.222503423690796 
2073	 0.222543433308601 
2074	 0.222603783011436 
2075	 0.222633525729179 
2076	 0.222654074430466 
2077	 0.222665414214134 
2078	 0.222661539912224 
2079	 0.22264851629734 
2080	 0.222609326243401 
2081	 0.222589254379272 
2082	 0.222580477595329 
2083	 0.222554504871368 
2084	 0.222523897886276 
2085	 0.222503840923309 
2086	 0.222450777888298 
2087	 0.222352728247643 
2088	 0.222288474440575 
2089	 0.222229659557343 
2090	 0.222163945436478 
2091	 0.222105324268341 
2092	 0.222045451402664 
2093	 0.221977099776268 
2094	 0.221908047795296 
2095	 0.221841782331467 
2096	 0.221774876117706 
2097	 0.221704587340355 
2098	 0.221638098359108 
2099	 0.221560850739479 
2100	 0.221464559435844 
2101	 0.221367180347443 
2102	 0.221236333250999 
2103	 0.221155181527138 
2104	 0.221100807189941 
2105	 0.221027001738548 
2106	 0.220975324511528 
2107	 0.22089646756649 
2108	 0.22078101336956 
2109	 0.220696896314621 
2110	 0.220624998211861 
2111	 0.220546633005142 
2112	 0.220483720302582 
2113	 0.220406636595726 
2114	 0.220313131809235 
2115	 0.220225751399994 
2116	 0.22012397646904 
2117	 0.220046773552895 
2118	 0.219973415136337 
2119	 0.219914883375168 
2120	 0.219832390546799 
2121	 0.219748973846436 
2122	 0.219664946198463 
2123	 0.219563812017441 
2124	 0.219474971294403 
2125	 0.219407513737679 
2126	 0.219317227602005 
2127	 0.219238951802254 
2128	 0.219108611345291 
2129	 0.218938499689102 
2130	 0.218770444393158 
2131	 0.218558669090271 
2132	 0.218362614512444 
2133	 0.218180492520332 
2134	 0.217987909913063 
2135	 0.217783778905869 
2136	 0.217581316828728 
2137	 0.217360019683838 
2138	 0.217110827565193 
2139	 0.216907680034637 
2140	 0.216700538992882 
2141	 0.216522634029388 
2142	 0.216405674815178 
2143	 0.216236859560013 
2144	 0.216053992509842 
2145	 0.215873286128044 
2146	 0.215671062469482 
2147	 0.215483576059341 
2148	 0.215309768915176 
2149	 0.215126663446426 
2150	 0.214942246675491 
2151	 0.214750841259956 
2152	 0.214537337422371 
2153	 0.214352905750275 
2154	 0.214163199067116 
2155	 0.213991552591324 
2156	 0.213819414377213 
2157	 0.213665097951889 
2158	 0.213493570685387 
2159	 0.213324844837189 
2160	 0.213133797049522 
2161	 0.21292781829834 
2162	 0.212726444005966 
2163	 0.212506622076035 
2164	 0.212298527359962 
2165	 0.21210016310215 
2166	 0.211896672844887 
2167	 0.211670771241188 
2168	 0.211483776569366 
2169	 0.211309760808945 
2170	 0.211152255535126 
2171	 0.211029872298241 
2172	 0.210904583334923 
2173	 0.210785716772079 
2174	 0.210674166679382 
2175	 0.210553050041199 
2176	 0.210474371910095 
2177	 0.210422828793526 
2178	 0.210413292050362 
2179	 0.210364937782288 
2180	 0.210336253046989 
2181	 0.210291117429733 
2182	 0.210215106606483 
2183	 0.210149168968201 
2184	 0.210107743740082 
2185	 0.210031166672707 
2186	 0.209930270910263 
2187	 0.20982538163662 
2188	 0.20970293879509 
2189	 0.209585651755333 
2190	 0.209452509880066 
2191	 0.209330409765244 
2192	 0.209243178367615 
2193	 0.209104418754578 
2194	 0.208926305174828 
2195	 0.208770558238029 
2196	 0.208607837557793 
2197	 0.208416730165482 
2198	 0.208264395594597 
2199	 0.208095595240593 
2200	 0.20788586139679 
2201	 0.2076306194067 
2202	 0.207397520542145 
2203	 0.207157284021378 
2204	 0.206903129816055 
2205	 0.206647425889969 
2206	 0.206376105546951 
2207	 0.206065803766251 
2208	 0.20578433573246 
2209	 0.205501943826675 
2210	 0.205250158905983 
2211	 0.204994529485703 
2212	 0.204797387123108 
2213	 0.204642683267593 
2214	 0.204503312706947 
2215	 0.204420581459999 
2216	 0.204333007335663 
2217	 0.204278603196144 
2218	 0.204193890094757 
2219	 0.20410044491291 
2220	 0.204002946615219 
2221	 0.20389398932457 
2222	 0.203777730464935 
2223	 0.20363786816597 
2224	 0.203506842255592 
2225	 0.203324139118195 
2226	 0.20308829843998 
2227	 0.202827975153923 
2228	 0.20255009829998 
2229	 0.202205300331116 
2230	 0.201801359653473 
2231	 0.201373443007469 
2232	 0.200899660587311 
2233	 0.200383335351944 
2234	 0.199866384267807 
2235	 0.199236318469048 
2236	 0.198524579405785 
2237	 0.197764962911606 
2238	 0.196885287761688 
2239	 0.196028783917427 
2240	 0.195161655545235 
2241	 0.194234177470207 
2242	 0.1933214366436 
2243	 0.192286804318428 
2244	 0.19116298854351 
2245	 0.189979791641235 
2246	 0.188639089465141 
2247	 0.187346711754799 
2248	 0.1860491335392 
2249	 0.184702336788177 
2250	 0.183350324630737 
2251	 0.181988686323166 
2252	 0.180467143654823 
2253	 0.17897230386734 
2254	 0.177413538098335 
2255	 0.175826385617256 
2256	 0.174335688352585 
2257	 0.17276106774807 
2258	 0.171246334910393 
2259	 0.169792681932449 
2260	 0.168253064155579 
2261	 0.166674733161926 
2262	 0.165146812796593 
2263	 0.163536265492439 
2264	 0.162076443433762 
2265	 0.16074512898922 
2266	 0.159342482686043 
2267	 0.158033385872841 
2268	 0.156604543328285 
2269	 0.155105516314507 
2270	 0.153599679470062 
2271	 0.152022942900658 
2272	 0.150457143783569 
2273	 0.148911088705063 
2274	 0.147279262542725 
2275	 0.145650610327721 
2276	 0.143908470869064 
2277	 0.142003878951073 
2278	 0.140180662274361 
2279	 0.138196974992752 
2280	 0.136429682374001 
2281	 0.134765014052391 
2282	 0.133197009563446 
2283	 0.131717175245285 
2284	 0.130445718765259 
2285	 0.12920731306076 
2286	 0.128197461366653 
2287	 0.127343267202377 
2288	 0.126595422625542 
2289	 0.125985115766525 
2290	 0.125437885522842 
2291	 0.125008851289749 
2292	 0.124675676226616 
2293	 0.124364078044891 
2294	 0.124092660844326 
2295	 0.123820960521698 
2296	 0.123490735888481 
2297	 0.123222939670086 
2298	 0.122985929250717 
2299	 0.122755505144596 
2300	 0.122502647340298 
2301	 0.122393935918808 
2302	 0.122333988547325 
2303	 0.122358366847038 
2304	 0.122517839074135 
2305	 0.122700572013855 
2306	 0.122901782393456 
2307	 0.12322199344635 
2308	 0.123623125255108 
2309	 0.124113760888577 
2310	 0.12468783557415 
2311	 0.125383168458939 
2312	 0.126217812299728 
2313	 0.127097383141518 
2314	 0.128084912896156 
2315	 0.129144698381424 
2316	 0.130292385816574 
2317	 0.131464928388596 
2318	 0.132844120264053 
2319	 0.133989259600639 
2320	 0.135148033499718 
2321	 0.136068344116211 
2322	 0.136788383126259 
2323	 0.137392818927765 
2324	 0.137801483273506 
2325	 0.138136327266693 
2326	 0.138395607471466 
2327	 0.138456374406815 
2328	 0.138346448540688 
2329	 0.138135507702827 
2330	 0.137755408883095 
2331	 0.137224271893501 
2332	 0.136668518185616 
2333	 0.135942235589027 
2334	 0.134989991784096 
2335	 0.133998274803162 
2336	 0.132864937186241 
2337	 0.131626263260841 
2338	 0.130472168326378 
2339	 0.129189297556877 
2340	 0.127867043018341 
2341	 0.126638472080231 
2342	 0.125349998474121 
2343	 0.124186813831329 
2344	 0.123245999217033 
2345	 0.12242566049099 
2346	 0.121774107217789 
2347	 0.121372878551483 
2348	 0.121086195111275 
2349	 0.120892703533173 
2350	 0.120769344270229 
2351	 0.120623081922531 
2352	 0.120589628815651 
2353	 0.12057339400053 
2354	 0.120671279728413 
2355	 0.121041812002659 
2356	 0.121479988098145 
2357	 0.122219175100327 
2358	 0.123406946659088 
2359	 0.124811396002769 
2360	 0.126521244645119 
2361	 0.12850858271122 
2362	 0.130316063761711 
2363	 0.132151931524277 
2364	 0.13389191031456 
2365	 0.135303273797035 
2366	 0.136717930436134 
2367	 0.137941256165504 
2368	 0.138970613479614 
2369	 0.139798536896706 
2370	 0.140374258160591 
2371	 0.140928596258163 
2372	 0.141437545418739 
2373	 0.141852512955666 
2374	 0.142206683754921 
2375	 0.142408356070518 
2376	 0.142443001270294 
2377	 0.142373397946358 
2378	 0.142326802015305 
2379	 0.142244562506676 
2380	 0.14210157096386 
2381	 0.142039641737938 
2382	 0.141952499747276 
2383	 0.141828268766403 
2384	 0.141757890582085 
2385	 0.141718968749046 
2386	 0.141687750816345 
2387	 0.141671538352966 
2388	 0.14168593287468 
2389	 0.141754761338234 
2390	 0.141764014959335 
2391	 0.141806691884995 
2392	 0.141777560114861 
2393	 0.141639962792397 
2394	 0.141576498746872 
2395	 0.141488417983055 
2396	 0.141470521688461 
2397	 0.141557246446609 
2398	 0.141546353697777 
2399	 0.141528844833374 
2400	 0.141475677490234 
2401	 0.141335472464561 
2402	 0.14118629693985 
2403	 0.141177803277969 
2404	 0.141193509101868 
2405	 0.141107439994812 
2406	 0.141026124358177 
2407	 0.140888273715973 
2408	 0.140697166323662 
2409	 0.140676200389862 
2410	 0.140681698918343 
2411	 0.140672728419304 
2412	 0.140713572502136 
2413	 0.140603393316269 
2414	 0.140549719333649 
2415	 0.140637755393982 
2416	 0.140669584274292 
2417	 0.14062811434269 
2418	 0.140565931797028 
2419	 0.140513241291046 
2420	 0.140455007553101 
2421	 0.140444785356522 
2422	 0.140436872839928 
2423	 0.14042866230011 
2424	 0.140404716134071 
2425	 0.14039371907711 
2426	 0.140439212322235 
2427	 0.140342324972153 
2428	 0.140226945281029 
2429	 0.14012798666954 
2430	 0.140004798769951 
2431	 0.140034183859825 
2432	 0.139928609132767 
2433	 0.139699667692184 
2434	 0.139568150043488 
2435	 0.139327064156532 
2436	 0.139185205101967 
2437	 0.139180362224579 
2438	 0.139065876603127 
2439	 0.138934895396233 
2440	 0.138823688030243 
2441	 0.138824433088303 
2442	 0.138890460133553 
2443	 0.138878047466278 
2444	 0.138714700937271 
2445	 0.138450235128403 
2446	 0.138108000159264 
2447	 0.137839064002037 
2448	 0.137658178806305 
2449	 0.137346163392067 
2450	 0.137255504727364 
2451	 0.137048497796059 
2452	 0.136654078960419 
2453	 0.136464536190033 
2454	 0.135999068617821 
2455	 0.135537281632423 
2456	 0.135357454419136 
2457	 0.13504396378994 
2458	 0.134671807289124 
2459	 0.134447306394577 
2460	 0.134100884199142 
2461	 0.133678585290909 
2462	 0.133419647812843 
2463	 0.133153110742569 
2464	 0.132912874221802 
2465	 0.132767707109451 
2466	 0.132831215858459 
2467	 0.132831066846848 
2468	 0.132466197013855 
2469	 0.132230579853058 
2470	 0.13216108083725 
2471	 0.132027879357338 
2472	 0.132109269499779 
2473	 0.132316306233406 
2474	 0.132288619875908 
2475	 0.132079467177391 
2476	 0.131959199905396 
2477	 0.131982192397118 
2478	 0.131931722164154 
2479	 0.131884679198265 
2480	 0.131897687911987 
2481	 0.131922200322151 
2482	 0.131850481033325 
2483	 0.131756410002708 
2484	 0.131844162940979 
2485	 0.131747245788574 
2486	 0.131773427128792 
2487	 0.132226690649986 
2488	 0.132482260465622 
2489	 0.132512435317039 
2490	 0.132664173841476 
2491	 0.132905185222626 
2492	 0.133176788687706 
2493	 0.133687183260918 
2494	 0.134102940559387 
2495	 0.133936554193497 
2496	 0.133978977799416 
2497	 0.134103029966354 
2498	 0.134038299322128 
2499	 0.134343788027763 
2500	 0.134565159678459 
