Wavelength	Echave.084
350	 9.47510972619057E-02 
351	 9.50876846909523E-02 
352	 9.23740863800049E-02 
353	 0.086263969540596 
354	 8.07867124676704E-02 
355	 7.56361186504364E-02 
356	 7.60182663798332E-02 
357	 8.21072086691856E-02 
358	 7.69454091787338E-02 
359	 7.21852630376816E-02 
360	 6.99823126196861E-02 
361	 6.74499422311783E-02 
362	 6.37529864907265E-02 
363	 0.06175422295928 
364	 6.24198839068413E-02 
365	 6.40568882226944E-02 
366	 0.060859851539135 
367	 5.65186142921448E-02 
368	 5.54009675979614E-02 
369	 5.66345527768135E-02 
370	 5.63430413603783E-02 
371	 0.055491991341114 
372	 5.70186413824558E-02 
373	 5.56900799274445E-02 
374	 5.53975179791451E-02 
375	 5.70280738174915E-02 
376	 0.056181114166975 
377	 5.49971535801888E-02 
378	 0.053537629544735 
379	 0.051876787096262 
380	 5.16991056501865E-02 
381	 5.14627248048782E-02 
382	 5.18203601241112E-02 
383	 5.41967190802097E-02 
384	 0.054981604218483 
385	 5.33183366060257E-02 
386	 0.050091665238142 
387	 4.78995852172375E-02 
388	 4.83656376600266E-02 
389	 5.04227578639984E-02 
390	 5.18279895186424E-02 
391	 4.91267219185829E-02 
392	 4.73557785153389E-02 
393	 4.75987419486046E-02 
394	 4.80809882283211E-02 
395	 4.74081262946129E-02 
396	 4.71892654895782E-02 
397	 4.78759072721004E-02 
398	 4.74322326481342E-02 
399	 4.73730638623238E-02 
400	 4.67941388487816E-02 
401	 4.50538583099842E-02 
402	 4.51112277805805E-02 
403	 0.046295203268528 
404	 4.70542795956135E-02 
405	 4.57041338086128E-02 
406	 4.58638593554497E-02 
407	 4.59585264325142E-02 
408	 4.50034402310848E-02 
409	 4.44559715688229E-02 
410	 4.44636046886444E-02 
411	 0.044547826051712 
412	 4.42560128867626E-02 
413	 4.46191430091858E-02 
414	 4.41980361938477E-02 
415	 4.33212220668793E-02 
416	 4.37894947826862E-02 
417	 4.30047437548637E-02 
418	 4.24033179879189E-02 
419	 4.28679026663303E-02 
420	 4.24469783902168E-02 
421	 4.20775301754475E-02 
422	 4.21441532671452E-02 
423	 4.26136963069439E-02 
424	 0.04234329611063 
425	 4.18911650776863E-02 
426	 4.16518375277519E-02 
427	 4.16730046272278E-02 
428	 4.20079864561558E-02 
429	 4.22425307333469E-02 
430	 4.20430973172188E-02 
431	 4.15202714502811E-02 
432	 4.12547364830971E-02 
433	 4.12466488778591E-02 
434	 4.11897860467434E-02 
435	 4.12748120725155E-02 
436	 4.13502939045429E-02 
437	 4.13289591670036E-02 
438	 4.12673056125641E-02 
439	 4.12217192351818E-02 
440	 4.10897061228752E-02 
441	 4.08496707677841E-02 
442	 4.10099923610687E-02 
443	 4.11194898188114E-02 
444	 4.10642400383949E-02 
445	 4.10175547003746E-02 
446	 4.09163162112236E-02 
447	 4.09747734665871E-02 
448	 4.11493293941021E-02 
449	 4.06959056854248E-02 
450	 4.05954010784626E-02 
451	 0.040729571133852 
452	 4.06282171607018E-02 
453	 4.04347293078899E-02 
454	 4.04976047575474E-02 
455	 4.06838394701481E-02 
456	 4.03495132923126E-02 
457	 4.03236746788025E-02 
458	 4.03979942202568E-02 
459	 4.02955897152424E-02 
460	 4.02375683188438E-02 
461	 4.01773825287819E-02 
462	 0.040187194943428 
463	 4.03277985751629E-02 
464	 3.99806052446365E-02 
465	 0.039805319160223 
466	 4.00219894945621E-02 
467	 3.99729013442993E-02 
468	 3.99896912276745E-02 
469	 4.00096401572227E-02 
470	 3.99079099297524E-02 
471	 3.97277176380157E-02 
472	 3.96907292306423E-02 
473	 3.96730080246925E-02 
474	 3.93295474350452E-02 
475	 3.93248423933983E-02 
476	 3.94356809556484E-02 
477	 3.94204892218113E-02 
478	 3.93171682953835E-02 
479	 3.91896963119507E-02 
480	 3.90546433627605E-02 
481	 3.89149412512779E-02 
482	 0.038822628557682 
483	 3.87446954846382E-02 
484	 3.86303588747978E-02 
485	 0.038421493023634 
486	 3.84406521916389E-02 
487	 3.85012440383434E-02 
488	 0.038405530154705 
489	 3.83047200739384E-02 
490	 3.81298288702965E-02 
491	 3.79952453076839E-02 
492	 3.80689650774002E-02 
493	 0.037983600050211 
494	 3.77835594117641E-02 
495	 3.75961847603321E-02 
496	 3.76038067042828E-02 
497	 3.75489443540573E-02 
498	 3.74783873558044E-02 
499	 3.74904498457909E-02 
500	 3.74778062105179E-02 
501	 3.73484939336777E-02 
502	 3.71853746473789E-02 
503	 3.72005961835384E-02 
504	 3.70920449495316E-02 
505	 3.69709841907024E-02 
506	 3.69203314185143E-02 
507	 3.67618724703789E-02 
508	 3.66710014641285E-02 
509	 3.66639941930771E-02 
510	 3.66631746292114E-02 
511	 3.64807993173599E-02 
512	 3.63297574222088E-02 
513	 3.62655930221081E-02 
514	 3.60964387655258E-02 
515	 3.60554046928883E-02 
516	 0.036034382879734 
517	 3.59018258750439E-02 
518	 3.57488319277763E-02 
519	 3.56654487550259E-02 
520	 3.56239676475525E-02 
521	 3.55243906378746E-02 
522	 3.54484654963017E-02 
523	 3.53932082653046E-02 
524	 3.53418439626694E-02 
525	 3.52706760168076E-02 
526	 3.52298840880394E-02 
527	 3.52098643779755E-02 
528	 3.51826995611191E-02 
529	 3.51574644446373E-02 
530	 3.50956991314888E-02 
531	 3.50251123309135E-02 
532	 3.50410267710686E-02 
533	 3.50373014807701E-02 
534	 3.50173898041248E-02 
535	 3.50024402141571E-02 
536	 3.49951088428497E-02 
537	 3.49607616662979E-02 
538	 3.49139720201492E-02 
539	 3.48934978246689E-02 
540	 3.48867028951645E-02 
541	 3.48673835396767E-02 
542	 3.48241589963436E-02 
543	 3.47682684659958E-02 
544	 3.47505882382393E-02 
545	 3.47320362925529E-02 
546	 3.46648544073105E-02 
547	 3.45990508794785E-02 
548	 3.45272906124592E-02 
549	 3.44704426825047E-02 
550	 3.44702489674091E-02 
551	 3.44213359057903E-02 
552	 3.43981608748436E-02 
553	 3.44373509287834E-02 
554	 3.43866497278214E-02 
555	 3.43727692961693E-02 
556	 3.43903005123138E-02 
557	 3.43816913664341E-02 
558	 3.44040393829346E-02 
559	 3.44325974583626E-02 
560	 3.44626754522324E-02 
561	 3.45284193754196E-02 
562	 3.45606245100498E-02 
563	 3.45589220523834E-02 
564	 3.45574170351028E-02 
565	 3.46439592540264E-02 
566	 3.46858911216259E-02 
567	 3.46840545535088E-02 
568	 0.03473761677742 
569	 3.48183214664459E-02 
570	 3.48832719027996E-02 
571	 0.034925889223814 
572	 3.50201688706875E-02 
573	 3.51605825126171E-02 
574	 0.035294596105814 
575	 3.53762060403824E-02 
576	 3.55332531034946E-02 
577	 3.56768518686295E-02 
578	 3.57832014560699E-02 
579	 3.59187982976437E-02 
580	 3.61185483634472E-02 
581	 3.63197363913059E-02 
582	 3.64812761545181E-02 
583	 3.67084667086601E-02 
584	 3.69125083088875E-02 
585	 3.70884500443935E-02 
586	 3.72784808278084E-02 
587	 0.037461768835783 
588	 3.76472063362598E-02 
589	 3.78282107412815E-02 
590	 3.79669778048992E-02 
591	 3.81007604300976E-02 
592	 3.82691919803619E-02 
593	 3.84781323373318E-02 
594	 0.038582369685173 
595	 3.87171544134617E-02 
596	 3.89166101813316E-02 
597	 3.91131788492203E-02 
598	 3.92271764576435E-02 
599	 3.93446795642376E-02 
600	 3.95177192986012E-02 
601	 3.96352224051952E-02 
602	 3.97822558879852E-02 
603	 3.99343334138393E-02 
604	 4.00415770709515E-02 
605	 4.02237884700298E-02 
606	 4.03844602406025E-02 
607	 4.05132584273815E-02 
608	 4.07263040542603E-02 
609	 4.09063994884491E-02 
610	 4.10897731781006E-02 
611	 4.13138344883919E-02 
612	 4.14880700409412E-02 
613	 4.16563451290131E-02 
614	 4.18525189161301E-02 
615	 4.20986413955688E-02 
616	 4.23738732933998E-02 
617	 4.26494181156158E-02 
618	 0.042918972671032 
619	 0.043219443410635 
620	 4.34949174523354E-02 
621	 4.37845513224602E-02 
622	 4.41363379359245E-02 
623	 4.44747656583786E-02 
624	 4.48493808507919E-02 
625	 4.52632829546928E-02 
626	 4.56721000373363E-02 
627	 4.60649468004704E-02 
628	 4.64952029287815E-02 
629	 4.69850301742554E-02 
630	 4.74477745592594E-02 
631	 4.79237586259842E-02 
632	 4.84197326004505E-02 
633	 4.89318482577801E-02 
634	 4.94838133454323E-02 
635	 5.00725470483303E-02 
636	 5.06801418960094E-02 
637	 5.12729249894619E-02 
638	 5.18977642059326E-02 
639	 5.25250993669033E-02 
640	 5.31373880803585E-02 
641	 0.053818728774786 
642	 5.45184724032879E-02 
643	 5.52246235311031E-02 
644	 5.59512414038181E-02 
645	 5.67050389945507E-02 
646	 5.74739277362823E-02 
647	 5.82605078816414E-02 
648	 5.90953230857849E-02 
649	 0.059922132641077 
650	 6.07529208064079E-02 
651	 6.16133287549019E-02 
652	 6.24884404242039E-02 
653	 0.063371330499649 
654	 6.42635375261307E-02 
655	 6.51722848415375E-02 
656	 6.60894215106964E-02 
657	 6.70159980654716E-02 
658	 6.79575651884079E-02 
659	 6.89260065555573E-02 
660	 6.99293166399002E-02 
661	 7.09370076656342E-02 
662	 0.071916401386261 
663	 7.28997513651848E-02 
664	 7.39336609840393E-02 
665	 7.49943777918816E-02 
666	 7.59932547807693E-02 
667	 7.70182907581329E-02 
668	 7.80500471591949E-02 
669	 7.90737420320511E-02 
670	 8.01450982689857E-02 
671	 0.081217423081398 
672	 8.22793021798134E-02 
673	 8.33410695195198E-02 
674	 8.44244286417961E-02 
675	 8.55058878660202E-02 
676	 8.65734741091728E-02 
677	 8.76339748501778E-02 
678	 8.86842533946037E-02 
679	 8.97321924567223E-02 
680	 9.07910019159317E-02 
681	 9.18886810541153E-02 
682	 9.29814726114273E-02 
683	 9.40419062972069E-02 
684	 0.095064103603363 
685	 9.61237549781799E-02 
686	 9.71918478608131E-02 
687	 9.82421040534973E-02 
688	 9.92682352662086E-02 
689	 0.100289896130562 
690	 0.101307213306427 
691	 0.102331250905991 
692	 0.103435225784779 
693	 0.104490675032139 
694	 0.105477325618267 
695	 0.106453292071819 
696	 0.10748153179884 
697	 0.108490370213985 
698	 0.109455771744251 
699	 0.110457114875317 
700	 0.111437991261482 
701	 0.112388364970684 
702	 0.11332193762064 
703	 0.114282548427582 
704	 0.115260772407055 
705	 0.116208866238594 
706	 0.117069989442825 
707	 0.117951065301895 
708	 0.11884918063879 
709	 0.119745917618275 
710	 0.120623745024204 
711	 0.12145359814167 
712	 0.122263602912426 
713	 0.123088739812374 
714	 0.123912900686264 
715	 0.124721460044384 
716	 0.125497743487358 
717	 0.126228705048561 
718	 0.126960545778275 
719	 0.127678260207176 
720	 0.128377303481102 
721	 0.129086345434189 
722	 0.129777580499649 
723	 0.130452796816826 
724	 0.131124779582024 
725	 0.131815791130066 
726	 0.13248485326767 
727	 0.133137732744217 
728	 0.133804380893707 
729	 0.134400725364685 
730	 0.134975478053093 
731	 0.135575637221336 
732	 0.136215478181839 
733	 0.136847525835037 
734	 0.13744293153286 
735	 0.138002559542656 
736	 0.138603791594505 
737	 0.139206856489182 
738	 0.139804497361183 
739	 0.140405640006065 
740	 0.140948995947838 
741	 0.14149509370327 
742	 0.142064347863197 
743	 0.142595767974854 
744	 0.143123760819435 
745	 0.143657058477402 
746	 0.144194275140762 
747	 0.144728794693947 
748	 0.145230934023857 
749	 0.145717456936836 
750	 0.146223396062851 
751	 0.146692588925362 
752	 0.147167965769768 
753	 0.147658497095108 
754	 0.148117780685425 
755	 0.148553460836411 
756	 0.148996025323868 
757	 0.149455428123474 
758	 0.149862810969353 
759	 0.150281593203545 
760	 0.150723978877068 
761	 0.151168435811996 
762	 0.151554211974144 
763	 0.151951745152473 
764	 0.152380272746086 
765	 0.152795419096947 
766	 0.153202965855598 
767	 0.153604373335838 
768	 0.154000923037529 
769	 0.154391497373581 
770	 0.154791906476021 
771	 0.155199944972992 
772	 0.155605927109718 
773	 0.156007304787636 
774	 0.156386435031891 
775	 0.156759425997734 
776	 0.157165288925171 
777	 0.157561749219894 
778	 0.15796010196209 
779	 0.158362850546837 
780	 0.15874320268631 
781	 0.159124225378036 
782	 0.159509941935539 
783	 0.159896016120911 
784	 0.160265445709229 
785	 0.160660311579704 
786	 0.161068379878998 
787	 0.161448433995247 
788	 0.161802649497986 
789	 0.16217352449894 
790	 0.1625637114048 
791	 0.162927389144897 
792	 0.163326025009155 
793	 0.163734629750252 
794	 0.164121150970459 
795	 0.164481312036514 
796	 0.164818972349167 
797	 0.165178179740906 
798	 0.165592804551125 
799	 0.165979817509651 
800	 0.166344746947289 
801	 0.16670086979866 
802	 0.167062073945999 
803	 0.167404308915138 
804	 0.167756885290146 
805	 0.168128564953804 
806	 0.16848786175251 
807	 0.168858960270882 
808	 0.169231995940208 
809	 0.169595316052437 
810	 0.169956058263779 
811	 0.170329332351685 
812	 0.170702755451202 
813	 0.171059757471085 
814	 0.171436801552773 
815	 0.171823620796204 
816	 0.172205179929733 
817	 0.172568380832672 
818	 0.172952145338058 
819	 0.17334346473217 
820	 0.173728689551353 
821	 0.174106791615486 
822	 0.174472644925117 
823	 0.174868434667587 
824	 0.175309211015701 
825	 0.175686925649643 
826	 0.176086932420731 
827	 0.176512658596039 
828	 0.176929071545601 
829	 0.177325010299683 
830	 0.177725106477737 
831	 0.178134948015213 
832	 0.178540244698524 
833	 0.178928211331367 
834	 0.179314762353897 
835	 0.179723531007767 
836	 0.180181711912155 
837	 0.18060627579689 
838	 0.181006908416748 
839	 0.181418776512146 
840	 0.181881502270699 
841	 0.182291969656944 
842	 0.182665273547173 
843	 0.183065325021744 
844	 0.183520346879959 
845	 0.183977380394936 
846	 0.184418931603432 
847	 0.184857413172722 
848	 0.185289412736893 
849	 0.185702249407768 
850	 0.186111256480217 
851	 0.186563655734062 
852	 0.187035962939262 
853	 0.187507212162018 
854	 0.187970086932182 
855	 0.188444405794144 
856	 0.188955649733543 
857	 0.189465031027794 
858	 0.189937561750412 
859	 0.190429836511612 
860	 0.190946325659752 
861	 0.191483795642853 
862	 0.192030921578407 
863	 0.192569464445114 
864	 0.19312347471714 
865	 0.193690061569214 
866	 0.194242626428604 
867	 0.194772943854332 
868	 0.195325270295143 
869	 0.195919170975685 
870	 0.196530222892761 
871	 0.197153806686401 
872	 0.197802484035492 
873	 0.19846399128437 
874	 0.199063241481781 
875	 0.199697107076645 
876	 0.200364083051682 
877	 0.201034724712372 
878	 0.201699316501617 
879	 0.202360510826111 
880	 0.203025728464127 
881	 0.203702002763748 
882	 0.204378470778465 
883	 0.205089688301086 
884	 0.205816715955734 
885	 0.206511780619621 
886	 0.207261741161346 
887	 0.207965090870857 
888	 0.208640620112419 
889	 0.209448963403702 
890	 0.210218891501427 
891	 0.210965245962143 
892	 0.21172222495079 
893	 0.212497025728226 
894	 0.213283002376556 
895	 0.214057564735413 
896	 0.214820101857185 
897	 0.215633347630501 
898	 0.216433793306351 
899	 0.217227980494499 
900	 0.218037545681 
901	 0.218839824199677 
902	 0.219643816351891 
903	 0.220459163188934 
904	 0.221286997199059 
905	 0.222084552049637 
906	 0.222905561327934 
907	 0.223778694868088 
908	 0.224699556827545 
909	 0.225612536072731 
910	 0.226495087146759 
911	 0.227362975478172 
912	 0.228264808654785 
913	 0.229216858744621 
914	 0.230140745639801 
915	 0.231040254235268 
916	 0.232042789459229 
917	 0.233029320836067 
918	 0.233994767069817 
919	 0.234951630234718 
920	 0.23589976131916 
921	 0.236877426505089 
922	 0.237892672419548 
923	 0.238919273018837 
924	 0.23987178504467 
925	 0.240865856409073 
926	 0.241928249597549 
927	 0.243025735020638 
928	 0.244036108255386 
929	 0.245103433728218 
930	 0.246187180280685 
931	 0.247197136282921 
932	 0.248191401362419 
933	 0.249223649501801 
934	 0.250312626361847 
935	 0.251443177461624 
936	 0.252563178539276 
937	 0.253660887479782 
938	 0.254736840724945 
939	 0.255808115005493 
940	 0.256952732801437 
941	 0.258070796728134 
942	 0.259138435125351 
943	 0.26021471619606 
944	 0.261317431926727 
945	 0.262415051460266 
946	 0.263525933027267 
947	 0.264704525470734 
948	 0.265742927789688 
949	 0.266790419816971 
950	 0.26791524887085 
951	 0.269017100334167 
952	 0.27008318901062 
953	 0.271157801151276 
954	 0.272256821393967 
955	 0.273337513208389 
956	 0.274383425712585 
957	 0.275448352098465 
958	 0.27655217051506 
959	 0.277631014585495 
960	 0.278623551130295 
961	 0.279640972614288 
962	 0.280728042125702 
963	 0.281718403100967 
964	 0.282794684171677 
965	 0.283921211957932 
966	 0.285008043050766 
967	 0.285984724760056 
968	 0.286946386098862 
969	 0.287982791662216 
970	 0.289093047380447 
971	 0.290063172578812 
972	 0.291073054075241 
973	 0.292155563831329 
974	 0.293240129947662 
975	 0.294099509716034 
976	 0.295130997896194 
977	 0.296253561973572 
978	 0.297323793172836 
979	 0.298544675111771 
980	 0.299543827772141 
981	 0.300433903932571 
982	 0.301432281732559 
983	 0.302502363920212 
984	 0.3036168217659 
985	 0.304723739624023 
986	 0.305770486593246 
987	 0.306717276573181 
988	 0.307725548744202 
989	 0.308826088905334 
990	 0.309949457645416 
991	 0.310890793800354 
992	 0.311935931444168 
993	 0.31300163269043 
994	 0.313944786787033 
995	 0.314905613660812 
996	 0.315969198942184 
997	 0.317085593938828 
998	 0.318179935216904 
999	 0.319305211305618 
1000	 0.320345401763916 
1001	 0.309805005788803 
1002	 0.310752838850021 
1003	 0.311735957860947 
1004	 0.312618762254715 
1005	 0.313468873500824 
1006	 0.314335942268372 
1007	 0.315130233764648 
1008	 0.315997451543808 
1009	 0.316911816596985 
1010	 0.317809671163559 
1011	 0.31875067949295 
1012	 0.319618791341782 
1013	 0.320446193218231 
1014	 0.321293234825134 
1015	 0.322105407714844 
1016	 0.322900533676147 
1017	 0.323784917593002 
1018	 0.324673742055893 
1019	 0.32552570104599 
1020	 0.32635310292244 
1021	 0.327145159244537 
1022	 0.327893078327179 
1023	 0.328635305166245 
1024	 0.32932260632515 
1025	 0.330071359872818 
1026	 0.330841958522797 
1027	 0.331573784351349 
1028	 0.332307398319244 
1029	 0.333093613386154 
1030	 0.333785325288773 
1031	 0.334471315145493 
1032	 0.335211008787155 
1033	 0.335904538631439 
1034	 0.33661025762558 
1035	 0.3373202085495 
1036	 0.338014036417007 
1037	 0.338711977005005 
1038	 0.339398235082626 
1039	 0.340048044919968 
1040	 0.340742528438568 
1041	 0.341431051492691 
1042	 0.342156559228897 
1043	 0.342926919460297 
1044	 0.343687444925308 
1045	 0.344477236270905 
1046	 0.345259428024292 
1047	 0.345921695232391 
1048	 0.346644580364227 
1049	 0.347349613904953 
1050	 0.348008573055267 
1051	 0.348818570375443 
1052	 0.349602907896042 
1053	 0.350389003753662 
1054	 0.351240783929825 
1055	 0.352031290531158 
1056	 0.352756798267365 
1057	 0.353539854288101 
1058	 0.354342103004456 
1059	 0.355072438716888 
1060	 0.355883747339249 
1061	 0.356703877449036 
1062	 0.357500314712524 
1063	 0.358306258916855 
1064	 0.359040647745132 
1065	 0.3597771525383 
1066	 0.360480755567551 
1067	 0.3611681163311 
1068	 0.361988067626953 
1069	 0.362787544727325 
1070	 0.363562643527985 
1071	 0.364344865083694 
1072	 0.365156620740891 
1073	 0.365839868783951 
1074	 0.366521745920181 
1075	 0.367218732833862 
1076	 0.367902636528015 
1077	 0.368644386529922 
1078	 0.369323909282684 
1079	 0.370059907436371 
1080	 0.370862692594528 
1081	 0.371571868658066 
1082	 0.372344434261322 
1083	 0.373098313808441 
1084	 0.373748749494553 
1085	 0.374462634325027 
1086	 0.375162571668625 
1087	 0.375855326652527 
1088	 0.376546442508698 
1089	 0.37726554274559 
1090	 0.377923041582108 
1091	 0.378570228815079 
1092	 0.379187375307083 
1093	 0.379778146743774 
1094	 0.380407214164734 
1095	 0.381026029586792 
1096	 0.381671190261841 
1097	 0.382324993610382 
1098	 0.382903158664703 
1099	 0.383481323719025 
1100	 0.384042173624039 
1101	 0.384608149528503 
1102	 0.385224401950836 
1103	 0.385811328887939 
1104	 0.386397749185562 
1105	 0.387000560760498 
1106	 0.387595862150192 
1107	 0.388123422861099 
1108	 0.388644874095917 
1109	 0.389144003391266 
1110	 0.389605104923248 
1111	 0.390069752931595 
1112	 0.390526920557022 
1113	 0.391000419855118 
1114	 0.391475439071655 
1115	 0.391931474208832 
1116	 0.392402291297913 
1117	 0.392853111028671 
1118	 0.393312513828278 
1119	 0.393780112266541 
1120	 0.394232928752899 
1121	 0.394682884216309 
1122	 0.395130127668381 
1123	 0.395567327737808 
1124	 0.395940899848938 
1125	 0.396326005458832 
1126	 0.39671590924263 
1127	 0.397092521190643 
1128	 0.397488236427307 
1129	 0.397847920656204 
1130	 0.398215353488922 
1131	 0.398582726716995 
1132	 0.398892372846603 
1133	 0.399214774370193 
1134	 0.399526953697205 
1135	 0.399818032979965 
1136	 0.40007957816124 
1137	 0.400356322526932 
1138	 0.400621563196182 
1139	 0.400899052619934 
1140	 0.40119943022728 
1141	 0.401448249816895 
1142	 0.401712864637375 
1143	 0.40195643901825 
1144	 0.402151137590408 
1145	 0.402382582426071 
1146	 0.402594536542892 
1147	 0.402798771858215 
1148	 0.403014749288559 
1149	 0.403207242488861 
1150	 0.403395682573318 
1151	 0.40356832742691 
1152	 0.403746604919434 
1153	 0.403916269540787 
1154	 0.404094874858856 
1155	 0.404299706220627 
1156	 0.404461950063705 
1157	 0.40462401509285 
1158	 0.404746860265732 
1159	 0.404832363128662 
1160	 0.404904037714005 
1161	 0.404948979616165 
1162	 0.404961347579956 
1163	 0.40497875213623 
1164	 0.404996931552887 
1165	 0.405041843652725 
1166	 0.405086040496826 
1167	 0.40514063835144 
1168	 0.405197769403458 
1169	 0.40522775053978 
1170	 0.40523299574852 
1171	 0.405260622501373 
1172	 0.405271500349045 
1173	 0.405304759740829 
1174	 0.405382633209229 
1175	 0.405413329601288 
1176	 0.405412197113037 
1177	 0.405430167913437 
1178	 0.405424326658249 
1179	 0.405447453260422 
1180	 0.405486255884171 
1181	 0.405556052923203 
1182	 0.40564689040184 
1183	 0.405736148357391 
1184	 0.405857920646667 
1185	 0.406003654003143 
1186	 0.406180828809738 
1187	 0.406383484601974 
1188	 0.406607091426849 
1189	 0.406858891248703 
1190	 0.407139927148819 
1191	 0.407441884279251 
1192	 0.407765507698059 
1193	 0.408123552799225 
1194	 0.408497780561447 
1195	 0.40888899564743 
1196	 0.4093017578125 
1197	 0.409741580486298 
1198	 0.410198897123337 
1199	 0.410671561956406 
1200	 0.411123216152191 
1201	 0.41159051656723 
1202	 0.412046909332275 
1203	 0.412506908178329 
1204	 0.413019746541977 
1205	 0.413510650396347 
1206	 0.414000779390335 
1207	 0.414524257183075 
1208	 0.415039032697678 
1209	 0.415593862533569 
1210	 0.41618549823761 
1211	 0.416797161102295 
1212	 0.417431235313416 
1213	 0.4180988073349 
1214	 0.418802171945572 
1215	 0.419524490833282 
1216	 0.420291900634766 
1217	 0.421036809682846 
1218	 0.421793431043625 
1219	 0.422547698020935 
1220	 0.423288732767105 
1221	 0.424068510532379 
1222	 0.424833834171295 
1223	 0.425601899623871 
1224	 0.426340490579605 
1225	 0.427044808864594 
1226	 0.427766442298889 
1227	 0.428495913743973 
1228	 0.429189592599869 
1229	 0.429888546466827 
1230	 0.430551677942276 
1231	 0.431165039539337 
1232	 0.431791931390762 
1233	 0.432409107685089 
1234	 0.433010876178741 
1235	 0.433600336313248 
1236	 0.434187561273575 
1237	 0.434759944677353 
1238	 0.435339242219925 
1239	 0.4359230697155 
1240	 0.436497330665588 
1241	 0.437093257904053 
1242	 0.437637388706207 
1243	 0.438173323869705 
1244	 0.438693881034851 
1245	 0.439199656248093 
1246	 0.439693331718445 
1247	 0.440153539180756 
1248	 0.440604358911514 
1249	 0.441015809774399 
1250	 0.441375911235809 
1251	 0.441736459732056 
1252	 0.442081451416016 
1253	 0.442405551671982 
1254	 0.442706853151321 
1255	 0.443006306886673 
1256	 0.443279445171356 
1257	 0.443560928106308 
1258	 0.443844944238663 
1259	 0.444122523069382 
1260	 0.444393187761307 
1261	 0.444668114185333 
1262	 0.444929897785187 
1263	 0.445206373929977 
1264	 0.445505738258362 
1265	 0.445823103189468 
1266	 0.446133017539978 
1267	 0.446461528539658 
1268	 0.446781247854233 
1269	 0.447068721055985 
1270	 0.447420477867126 
1271	 0.44780033826828 
1272	 0.448197841644287 
1273	 0.448636204004288 
1274	 0.449076324701309 
1275	 0.449534684419632 
1276	 0.449988335371017 
1277	 0.450454026460648 
1278	 0.450919657945633 
1279	 0.451381176710129 
1280	 0.451849192380905 
1281	 0.452315121889114 
1282	 0.452797889709473 
1283	 0.45329549908638 
1284	 0.453786313533783 
1285	 0.454280138015747 
1286	 0.454783707857132 
1287	 0.455286800861359 
1288	 0.455786645412445 
1289	 0.456284314393997 
1290	 0.456789642572403 
1291	 0.457286983728409 
1292	 0.457783579826355 
1293	 0.458254456520081 
1294	 0.458722501993179 
1295	 0.459167778491974 
1296	 0.459578722715378 
1297	 0.459995627403259 
1298	 0.460402280092239 
1299	 0.460809677839279 
1300	 0.461214303970337 
1301	 0.461609989404678 
1302	 0.462011188268662 
1303	 0.462390303611755 
1304	 0.462751537561417 
1305	 0.463106334209442 
1306	 0.463444709777832 
1307	 0.463779389858246 
1308	 0.464089334011078 
1309	 0.464430689811707 
1310	 0.464744329452515 
1311	 0.46506080031395 
1312	 0.465334355831146 
1313	 0.4655921459198 
1314	 0.465822875499725 
1315	 0.466001212596893 
1316	 0.466218829154968 
1317	 0.466440320014954 
1318	 0.466651141643524 
1319	 0.466876059770584 
1320	 0.467077493667603 
1321	 0.467262834310532 
1322	 0.467436969280243 
1323	 0.467612206935883 
1324	 0.467757880687714 
1325	 0.467898041009903 
1326	 0.4679916203022 
1327	 0.468035161495209 
1328	 0.468086719512939 
1329	 0.468120753765106 
1330	 0.468133717775345 
1331	 0.468163192272186 
1332	 0.468142181634903 
1333	 0.468077898025513 
1334	 0.467979818582535 
1335	 0.467893779277802 
1336	 0.467786282300949 
1337	 0.46767783164978 
1338	 0.46757447719574 
1339	 0.467450022697449 
1340	 0.467313259840012 
1341	 0.467155128717422 
1342	 0.466987520456314 
1343	 0.466798037290573 
1344	 0.466592252254486 
1345	 0.466352105140686 
1346	 0.466109693050385 
1347	 0.465805768966675 
1348	 0.465471178293228 
1349	 0.46507665514946 
1350	 0.464616149663925 
1351	 0.464142262935638 
1352	 0.463607341051102 
1353	 0.463079959154129 
1354	 0.462535798549652 
1355	 0.46198970079422 
1356	 0.461411863565445 
1357	 0.46086585521698 
1358	 0.460297584533691 
1359	 0.459788709878922 
1360	 0.459312051534653 
1361	 0.458873480558395 
1362	 0.458466649055481 
1363	 0.458128243684769 
1364	 0.457831561565399 
1365	 0.457581251859665 
1366	 0.457363039255142 
1367	 0.457219392061234 
1368	 0.457031846046448 
1369	 0.456866234540939 
1370	 0.456671416759491 
1371	 0.456460744142532 
1372	 0.456246852874756 
1373	 0.456054866313934 
1374	 0.455785512924194 
1375	 0.455523908138275 
1376	 0.455139845609665 
1377	 0.454662024974823 
1378	 0.45414674282074 
1379	 0.453497409820557 
1380	 0.452922463417053 
1381	 0.45228436589241 
1382	 0.451754331588745 
1383	 0.4512659907341 
1384	 0.450846880674362 
1385	 0.450528234243393 
1386	 0.450213611125946 
1387	 0.449980646371841 
1388	 0.449714362621307 
1389	 0.449477463960648 
1390	 0.449195325374603 
1391	 0.448868125677109 
1392	 0.448542505502701 
1393	 0.448234736919403 
1394	 0.447900146245956 
1395	 0.447597354650497 
1396	 0.447338461875916 
1397	 0.447025001049042 
1398	 0.446726351976395 
1399	 0.446325302124023 
1400	 0.445894122123718 
1401	 0.445371061563492 
1402	 0.444771736860275 
1403	 0.444103389978409 
1404	 0.443367004394531 
1405	 0.442572921514511 
1406	 0.441699534654617 
1407	 0.440786838531494 
1408	 0.439803093671799 
1409	 0.438804894685745 
1410	 0.437763005495071 
1411	 0.436688482761383 
1412	 0.435584098100662 
1413	 0.434459805488586 
1414	 0.433287411928177 
1415	 0.432116091251373 
1416	 0.430912792682648 
1417	 0.429724991321564 
1418	 0.428528547286987 
1419	 0.427336812019348 
1420	 0.426142245531082 
1421	 0.424977511167526 
1422	 0.423802822828293 
1423	 0.422672122716904 
1424	 0.421594977378845 
1425	 0.42049703001976 
1426	 0.419486194849014 
1427	 0.41848036646843 
1428	 0.417488902807236 
1429	 0.416589587926865 
1430	 0.415663748979568 
1431	 0.414760798215866 
1432	 0.413838744163513 
1433	 0.412936478853226 
1434	 0.411977976560593 
1435	 0.411008179187775 
1436	 0.409975856542587 
1437	 0.408889085054398 
1438	 0.407811105251312 
1439	 0.406668722629547 
1440	 0.405590206384659 
1441	 0.404450327157974 
1442	 0.403502494096756 
1443	 0.402538686990738 
1444	 0.401877850294113 
1445	 0.40135532617569 
1446	 0.401133209466934 
1447	 0.401137232780457 
1448	 0.401403516530991 
1449	 0.401983290910721 
1450	 0.402709543704987 
1451	 0.403734475374222 
1452	 0.404808670282364 
1453	 0.406136184930801 
1454	 0.407373785972595 
1455	 0.408712059259415 
1456	 0.40996778011322 
1457	 0.411226511001587 
1458	 0.412384420633316 
1459	 0.413502395153046 
1460	 0.414527654647827 
1461	 0.415449857711792 
1462	 0.416301280260086 
1463	 0.417079716920853 
1464	 0.417785078287125 
1465	 0.418379962444305 
1466	 0.418963253498077 
1467	 0.419457495212555 
1468	 0.419900447130203 
1469	 0.420305877923965 
1470	 0.420629113912582 
1471	 0.420949935913086 
1472	 0.421229362487793 
1473	 0.421489894390106 
1474	 0.421727150678635 
1475	 0.421936213970184 
1476	 0.422114849090576 
1477	 0.422264844179153 
1478	 0.422396808862686 
1479	 0.422476589679718 
1480	 0.422519952058792 
1481	 0.422521948814392 
1482	 0.422488152980804 
1483	 0.422396302223206 
1484	 0.42224532365799 
1485	 0.422082513570786 
1486	 0.421838521957397 
1487	 0.421657234430313 
1488	 0.421448409557343 
1489	 0.421326965093613 
1490	 0.421208143234253 
1491	 0.421222746372223 
1492	 0.421301126480103 
1493	 0.421507179737091 
1494	 0.421829104423523 
1495	 0.422245562076569 
1496	 0.422786742448807 
1497	 0.423387676477432 
1498	 0.424094021320343 
1499	 0.424852520227432 
1500	 0.425668239593506 
1501	 0.42657396197319 
1502	 0.427583783864975 
1503	 0.428612798452377 
1504	 0.429708033800125 
1505	 0.43084841966629 
1506	 0.43206974864006 
1507	 0.433262228965759 
1508	 0.434545397758484 
1509	 0.435733377933502 
1510	 0.436906903982162 
1511	 0.437968403100967 
1512	 0.438973903656006 
1513	 0.439873695373535 
1514	 0.440640985965729 
1515	 0.441364407539368 
1516	 0.441990077495575 
1517	 0.442582696676254 
1518	 0.443115741014481 
1519	 0.443614065647125 
1520	 0.444069743156433 
1521	 0.444477945566177 
1522	 0.444865226745605 
1523	 0.445248186588287 
1524	 0.445600628852844 
1525	 0.445933699607849 
1526	 0.446250379085541 
1527	 0.446540325880051 
1528	 0.446820020675659 
1529	 0.44708263874054 
1530	 0.447345107793808 
1531	 0.447595804929733 
1532	 0.447832316160202 
1533	 0.448059171438217 
1534	 0.448289394378662 
1535	 0.44849094748497 
1536	 0.448735773563385 
1537	 0.44898846745491 
1538	 0.449285238981247 
1539	 0.449593186378479 
1540	 0.449972838163376 
1541	 0.450410515069962 
1542	 0.450866132974625 
1543	 0.451375603675842 
1544	 0.451890856027603 
1545	 0.452419966459274 
1546	 0.452984899282455 
1547	 0.453594028949738 
1548	 0.454192638397217 
1549	 0.454816520214081 
1550	 0.455430388450623 
1551	 0.45605131983757 
1552	 0.456650793552399 
1553	 0.457245439291 
1554	 0.457833856344223 
1555	 0.458415538072586 
1556	 0.458971858024597 
1557	 0.459525883197784 
1558	 0.460050880908966 
1559	 0.460529416799545 
1560	 0.461027085781097 
1561	 0.461522221565247 
1562	 0.462009727954865 
1563	 0.462495088577271 
1564	 0.462974935770035 
1565	 0.463465720415115 
1566	 0.463910311460495 
1567	 0.464333564043045 
1568	 0.46474301815033 
1569	 0.465094655752182 
1570	 0.465485066175461 
1571	 0.465891152620316 
1572	 0.466288685798645 
1573	 0.466692209243774 
1574	 0.467093884944916 
1575	 0.467491447925568 
1576	 0.467888623476028 
1577	 0.468291521072388 
1578	 0.468687266111374 
1579	 0.469080090522766 
1580	 0.469463378190994 
1581	 0.46984401345253 
1582	 0.470213890075684 
1583	 0.470566540956497 
1584	 0.470925688743591 
1585	 0.471276551485062 
1586	 0.471636444330215 
1587	 0.472005397081375 
1588	 0.472367405891418 
1589	 0.472730994224548 
1590	 0.473091244697571 
1591	 0.473442226648331 
1592	 0.473802149295807 
1593	 0.474173665046692 
1594	 0.474531531333923 
1595	 0.474890351295471 
1596	 0.475236624479294 
1597	 0.475571990013123 
1598	 0.475898444652557 
1599	 0.476205438375473 
1600	 0.476526618003845 
1601	 0.476846963167191 
1602	 0.477167040109634 
1603	 0.477495223283768 
1604	 0.477821290493011 
1605	 0.478149950504303 
1606	 0.478463381528854 
1607	 0.47878360748291 
1608	 0.479081064462662 
1609	 0.479353427886963 
1610	 0.479622572660446 
1611	 0.479883044958115 
1612	 0.480127930641174 
1613	 0.480353266000748 
1614	 0.480583548545837 
1615	 0.480817168951035 
1616	 0.481025546789169 
1617	 0.481252610683441 
1618	 0.481419324874878 
1619	 0.481519937515259 
1620	 0.48163029551506 
1621	 0.481694638729095 
1622	 0.481783270835876 
1623	 0.4819096326828 
1624	 0.481991410255432 
1625	 0.482070297002792 
1626	 0.482110679149628 
1627	 0.482079565525055 
1628	 0.482085525989532 
1629	 0.48207899928093 
1630	 0.482092291116714 
1631	 0.48212394118309 
1632	 0.482170283794403 
1633	 0.482218205928802 
1634	 0.482296645641327 
1635	 0.482401311397552 
1636	 0.482523739337921 
1637	 0.482670277357101 
1638	 0.482830792665482 
1639	 0.483046114444733 
1640	 0.483214348554611 
1641	 0.483386218547821 
1642	 0.483524769544601 
1643	 0.483643352985382 
1644	 0.483705103397369 
1645	 0.483730494976044 
1646	 0.483723819255829 
1647	 0.483655542135239 
1648	 0.483573257923126 
1649	 0.483471632003784 
1650	 0.483342289924622 
1651	 0.483207494020462 
1652	 0.483000010251999 
1653	 0.482754051685333 
1654	 0.482452392578125 
1655	 0.482069462537766 
1656	 0.481660068035126 
1657	 0.481218576431274 
1658	 0.480724424123764 
1659	 0.48018753528595 
1660	 0.47960364818573 
1661	 0.478984892368317 
1662	 0.478286266326904 
1663	 0.47752434015274 
1664	 0.476693153381348 
1665	 0.475821852684021 
1666	 0.474813252687454 
1667	 0.473718762397766 
1668	 0.472529917955399 
1669	 0.471224009990692 
1670	 0.469816923141479 
1671	 0.468298882246017 
1672	 0.466706812381744 
1673	 0.465005248785019 
1674	 0.463221371173859 
1675	 0.461369544267654 
1676	 0.459456235170364 
1677	 0.457430601119995 
1678	 0.455381870269775 
1679	 0.453249394893646 
1680	 0.451113551855087 
1681	 0.448932677507401 
1682	 0.446733802556992 
1683	 0.444525569677353 
1684	 0.442330479621887 
1685	 0.440104216337204 
1686	 0.437893658876419 
1687	 0.435652226209641 
1688	 0.433474063873291 
1689	 0.431287705898285 
1690	 0.429194062948227 
1691	 0.427167236804962 
1692	 0.425265520811081 
1693	 0.423427641391754 
1694	 0.421721607446671 
1695	 0.420155435800552 
1696	 0.418622106313705 
1697	 0.417184203863144 
1698	 0.415781229734421 
1699	 0.414460837841034 
1700	 0.413174211978912 
1701	 0.411946564912796 
1702	 0.410739332437515 
1703	 0.409542709589005 
1704	 0.408415645360947 
1705	 0.407337158918381 
1706	 0.406275004148483 
1707	 0.405338168144226 
1708	 0.404419600963593 
1709	 0.403543174266815 
1710	 0.402732342481613 
1711	 0.401888191699982 
1712	 0.401079893112183 
1713	 0.400263845920563 
1714	 0.399412781000137 
1715	 0.398634076118469 
1716	 0.397847831249237 
1717	 0.397060960531235 
1718	 0.396287471055985 
1719	 0.395484626293182 
1720	 0.394706815481186 
1721	 0.393945753574371 
1722	 0.393233567476273 
1723	 0.392612904310226 
1724	 0.392032712697983 
1725	 0.391510218381882 
1726	 0.391053825616837 
1727	 0.390658766031265 
1728	 0.390374571084976 
1729	 0.390202850103378 
1730	 0.390167504549026 
1731	 0.390306502580643 
1732	 0.390576630830765 
1733	 0.39091420173645 
1734	 0.391397893428802 
1735	 0.391966462135315 
1736	 0.392504930496216 
1737	 0.39307901263237 
1738	 0.393618017435074 
1739	 0.394068241119385 
1740	 0.394497632980347 
1741	 0.394841939210892 
1742	 0.39507931470871 
1743	 0.395316332578659 
1744	 0.395466327667236 
1745	 0.395670294761658 
1746	 0.395863264799118 
1747	 0.39609569311142 
1748	 0.396333485841751 
1749	 0.396652609109879 
1750	 0.397021800279617 
1751	 0.397445857524872 
1752	 0.397937804460526 
1753	 0.398496568202972 
1754	 0.399098724126816 
1755	 0.399759709835052 
1756	 0.400496423244476 
1757	 0.401231229305267 
1758	 0.402067363262177 
1759	 0.402901381254196 
1760	 0.40381795167923 
1761	 0.40483632683754 
1762	 0.405860304832459 
1763	 0.406991362571716 
1764	 0.408184736967087 
1765	 0.409423917531967 
1766	 0.410796701908112 
1767	 0.412200331687927 
1768	 0.413713902235031 
1769	 0.415292531251907 
1770	 0.416745781898499 
1771	 0.418214946985245 
1772	 0.419604390859604 
1773	 0.420920878648758 
1774	 0.422342866659164 
1775	 0.423664510250092 
1776	 0.424930810928345 
1777	 0.426149129867554 
1778	 0.427185982465744 
1779	 0.42817634344101 
1780	 0.429122477769852 
1781	 0.42999541759491 
1782	 0.430862814188004 
1783	 0.431715995073318 
1784	 0.432555675506592 
1785	 0.433299869298935 
1786	 0.434015601873398 
1787	 0.434661209583282 
1788	 0.435312569141388 
1789	 0.435967594385147 
1790	 0.436599612236023 
1791	 0.437229841947556 
1792	 0.437792271375656 
1793	 0.438289850950241 
1794	 0.43878373503685 
1795	 0.439236581325531 
1796	 0.43965682387352 
1797	 0.440102249383926 
1798	 0.440515398979187 
1799	 0.440934896469116 
1800	 0.441378980875015 
1801	 0.428922772407532 
1802	 0.430615574121475 
1803	 0.43212828040123 
1804	 0.433448970317841 
1805	 0.434765875339508 
1806	 0.435865342617035 
1807	 0.436820238828659 
1808	 0.437681525945663 
1809	 0.438340544700623 
1810	 0.438994616270065 
1811	 0.439574152231216 
1812	 0.440107703208923 
1813	 0.440544426441193 
1814	 0.441003531217575 
1815	 0.441398292779922 
1816	 0.441742688417435 
1817	 0.442139774560928 
1818	 0.442530453205109 
1819	 0.44293624162674 
1820	 0.443365007638931 
1821	 0.443801760673523 
1822	 0.444254398345947 
1823	 0.444700121879578 
1824	 0.445126056671143 
1825	 0.445575386285782 
1826	 0.446004927158356 
1827	 0.446416229009628 
1828	 0.446811884641647 
1829	 0.447223216295242 
1830	 0.447588264942169 
1831	 0.44791442155838 
1832	 0.448245257139206 
1833	 0.448516249656677 
1834	 0.448798209428787 
1835	 0.449072808027267 
1836	 0.449316680431366 
1837	 0.44964325428009 
1838	 0.449986219406128 
1839	 0.450396776199341 
1840	 0.450877994298935 
1841	 0.451384216547012 
1842	 0.451954036951065 
1843	 0.452531784772873 
1844	 0.453104883432388 
1845	 0.453656792640686 
1846	 0.454152524471283 
1847	 0.454590260982513 
1848	 0.455015033483505 
1849	 0.455423921346664 
1850	 0.455767512321472 
1851	 0.456081002950668 
1852	 0.456358134746552 
1853	 0.456525236368179 
1854	 0.456606239080429 
1855	 0.456603556871414 
1856	 0.456551045179367 
1857	 0.456440448760986 
1858	 0.45625451207161 
1859	 0.456012219190598 
1860	 0.455737948417664 
1861	 0.45532289147377 
1862	 0.454831063747406 
1863	 0.454258978366852 
1864	 0.453498154878616 
1865	 0.452668428421021 
1866	 0.451642513275146 
1867	 0.450423866510391 
1868	 0.449142605066299 
1869	 0.447762608528137 
1870	 0.446424335241318 
1871	 0.445027470588684 
1872	 0.443763166666031 
1873	 0.442547678947449 
1874	 0.441360265016556 
1875	 0.440308064222336 
1876	 0.43912610411644 
1877	 0.437964260578156 
1878	 0.4366814494133 
1879	 0.435188561677933 
1880	 0.43370658159256 
1881	 0.431968152523041 
1882	 0.430016994476318 
1883	 0.427954912185669 
1884	 0.425701826810837 
1885	 0.423104345798492 
1886	 0.420470029115677 
1887	 0.417641967535019 
1888	 0.414636462926865 
1889	 0.411746442317963 
1890	 0.40868291258812 
1891	 0.405568093061447 
1892	 0.402442336082459 
1893	 0.399091392755508 
1894	 0.395519971847534 
1895	 0.391998797655106 
1896	 0.388274103403091 
1897	 0.384357690811157 
1898	 0.380693703889847 
1899	 0.376773416996002 
1900	 0.372858822345734 
1901	 0.369025498628616 
1902	 0.36485093832016 
1903	 0.360856622457504 
1904	 0.356844782829285 
1905	 0.35277196764946 
1906	 0.348697572946548 
1907	 0.344985395669937 
1908	 0.341130435466766 
1909	 0.337371349334717 
1910	 0.333671152591705 
1911	 0.329680621623993 
1912	 0.325837552547455 
1913	 0.321979254484177 
1914	 0.318078428506851 
1915	 0.314520090818405 
1916	 0.311237037181854 
1917	 0.307951539754868 
1918	 0.304889559745789 
1919	 0.302150577306747 
1920	 0.299372911453247 
1921	 0.296930640935898 
1922	 0.294633150100708 
1923	 0.292492419481277 
1924	 0.290654480457306 
1925	 0.288861632347107 
1926	 0.28707754611969 
1927	 0.28548064827919 
1928	 0.283712297677994 
1929	 0.281883150339127 
1930	 0.280043721199036 
1931	 0.278155922889709 
1932	 0.2762171626091 
1933	 0.274461358785629 
1934	 0.272699534893036 
1935	 0.271043121814728 
1936	 0.269586354494095 
1937	 0.268248945474625 
1938	 0.266955435276031 
1939	 0.265991002321243 
1940	 0.265208661556244 
1941	 0.264666765928268 
1942	 0.264427542686462 
1943	 0.264400988817215 
1944	 0.264572560787201 
1945	 0.26498356461525 
1946	 0.265665501356125 
1947	 0.266538470983505 
1948	 0.267722249031067 
1949	 0.269210189580917 
1950	 0.270851224660873 
1951	 0.272738337516785 
1952	 0.27482870221138 
1953	 0.277105689048767 
1954	 0.279594272375107 
1955	 0.282410800457001 
1956	 0.285236358642578 
1957	 0.288151115179062 
1958	 0.291095107793808 
1959	 0.293751060962677 
1960	 0.296316087245941 
1961	 0.298636585474014 
1962	 0.300716757774353 
1963	 0.302639096975327 
1964	 0.304394423961639 
1965	 0.305913597345352 
1966	 0.30721527338028 
1967	 0.308390200138092 
1968	 0.309319615364075 
1969	 0.310221344232559 
1970	 0.311097055673599 
1971	 0.311943292617798 
1972	 0.312852591276169 
1973	 0.313768714666367 
1974	 0.31476041674614 
1975	 0.315841495990753 
1976	 0.316918343305588 
1977	 0.318022698163986 
1978	 0.31917729973793 
1979	 0.320344001054764 
1980	 0.321543633937836 
1981	 0.322910457849503 
1982	 0.32424321770668 
1983	 0.325678616762161 
1984	 0.327175736427307 
1985	 0.328591614961624 
1986	 0.330162078142166 
1987	 0.331826776266098 
1988	 0.333484470844269 
1989	 0.335401564836502 
1990	 0.337517023086548 
1991	 0.339706510305405 
1992	 0.342064946889877 
1993	 0.344578832387924 
1994	 0.346988260746002 
1995	 0.349583238363266 
1996	 0.352201253175735 
1997	 0.354835331439972 
1998	 0.357575446367264 
1999	 0.360492825508118 
2000	 0.363211899995804 
2001	 0.36606565117836 
2002	 0.368607610464096 
2003	 0.370963841676712 
2004	 0.373238831758499 
2005	 0.375278145074844 
2006	 0.377308696508408 
2007	 0.379330664873123 
2008	 0.381169855594635 
2009	 0.382902503013611 
2010	 0.384574502706528 
2011	 0.385958224534988 
2012	 0.387254267930985 
2013	 0.388460338115692 
2014	 0.389505624771118 
2015	 0.39052626490593 
2016	 0.391493737697601 
2017	 0.392346978187561 
2018	 0.393127083778381 
2019	 0.393805116415024 
2020	 0.394358187913895 
2021	 0.394853204488754 
2022	 0.395271748304367 
2023	 0.395607680082321 
2024	 0.395881533622742 
2025	 0.396074712276459 
2026	 0.396201580762863 
2027	 0.3962522149086 
2028	 0.396238625049591 
2029	 0.39613139629364 
2030	 0.396004855632782 
2031	 0.395808875560761 
2032	 0.395596146583557 
2033	 0.395373404026031 
2034	 0.395080238580704 
2035	 0.394738554954529 
2036	 0.394336014986038 
2037	 0.393901199102402 
2038	 0.39340814948082 
2039	 0.392936527729034 
2040	 0.392447769641876 
2041	 0.391962736845016 
2042	 0.391434848308563 
2043	 0.391000896692276 
2044	 0.390569031238556 
2045	 0.390219181776047 
2046	 0.389958590269089 
2047	 0.389712363481522 
2048	 0.389545530080795 
2049	 0.38935375213623 
2050	 0.389186859130859 
2051	 0.389014065265656 
2052	 0.388840049505234 
2053	 0.388645470142365 
2054	 0.388442128896713 
2055	 0.388239741325378 
2056	 0.388017266988754 
2057	 0.387757062911987 
2058	 0.387523055076599 
2059	 0.387267082929611 
2060	 0.387067675590515 
2061	 0.386888414621353 
2062	 0.386739790439606 
2063	 0.386628240346909 
2064	 0.386543035507202 
2065	 0.386478662490845 
2066	 0.386448502540588 
2067	 0.386466562747955 
2068	 0.386491179466248 
2069	 0.386505842208862 
2070	 0.386535614728928 
2071	 0.386553376913071 
2072	 0.38656023144722 
2073	 0.386573374271393 
2074	 0.386599570512772 
2075	 0.386605203151703 
2076	 0.3866026699543 
2077	 0.386593073606491 
2078	 0.386588305234909 
2079	 0.386545985937119 
2080	 0.386495053768158 
2081	 0.386411786079407 
2082	 0.386282593011856 
2083	 0.38615009188652 
2084	 0.385992258787155 
2085	 0.385817587375641 
2086	 0.385625123977661 
2087	 0.385403901338577 
2088	 0.385188013315201 
2089	 0.384966135025024 
2090	 0.384722709655762 
2091	 0.384470522403717 
2092	 0.384205669164658 
2093	 0.383913367986679 
2094	 0.383624136447906 
2095	 0.383317947387695 
2096	 0.383027166128159 
2097	 0.382745265960693 
2098	 0.382455766201019 
2099	 0.382160812616348 
2100	 0.381863057613373 
2101	 0.381526857614517 
2102	 0.381152480840683 
2103	 0.380788087844849 
2104	 0.380399525165558 
2105	 0.380024820566177 
2106	 0.379651039838791 
2107	 0.379275351762772 
2108	 0.378922522068024 
2109	 0.378523737192154 
2110	 0.378082096576691 
2111	 0.377675384283066 
2112	 0.37725043296814 
2113	 0.376838177442551 
2114	 0.37646546959877 
2115	 0.376073151826859 
2116	 0.375654369592667 
2117	 0.375262558460236 
2118	 0.374858915805817 
2119	 0.374454855918884 
2120	 0.374054312705994 
2121	 0.373652845621109 
2122	 0.373248249292374 
2123	 0.372858583927155 
2124	 0.372442185878754 
2125	 0.372021794319153 
2126	 0.371572136878967 
2127	 0.371103405952454 
2128	 0.370617717504501 
2129	 0.370093703269959 
2130	 0.369578838348389 
2131	 0.369052052497864 
2132	 0.368522465229034 
2133	 0.36798158288002 
2134	 0.367470383644104 
2135	 0.36690154671669 
2136	 0.366345793008804 
2137	 0.365769684314728 
2138	 0.365156412124634 
2139	 0.364579766988754 
2140	 0.364004552364349 
2141	 0.363449484109879 
2142	 0.362918496131897 
2143	 0.362382620573044 
2144	 0.361848294734955 
2145	 0.361338496208191 
2146	 0.360834360122681 
2147	 0.360347509384155 
2148	 0.35989910364151 
2149	 0.359433323144913 
2150	 0.358996719121933 
2151	 0.358515739440918 
2152	 0.358006089925766 
2153	 0.35749763250351 
2154	 0.356950163841248 
2155	 0.356376826763153 
2156	 0.35585355758667 
2157	 0.355349570512772 
2158	 0.354828208684921 
2159	 0.354336887598038 
2160	 0.353805750608444 
2161	 0.353238433599472 
2162	 0.3526950776577 
2163	 0.352127194404602 
2164	 0.351608395576477 
2165	 0.35109755396843 
2166	 0.350626587867737 
2167	 0.350207805633545 
2168	 0.34979185461998 
2169	 0.349372416734695 
2170	 0.349016100168228 
2171	 0.348682165145874 
2172	 0.348393887281418 
2173	 0.34815725684166 
2174	 0.34798127412796 
2175	 0.347797930240631 
2176	 0.347655892372131 
2177	 0.347548305988312 
2178	 0.347480535507202 
2179	 0.347414493560791 
2180	 0.34738627076149 
2181	 0.347355395555496 
2182	 0.347344100475311 
2183	 0.34730651974678 
2184	 0.347277700901031 
2185	 0.34723287820816 
2186	 0.347173035144806 
2187	 0.347092717885971 
2188	 0.347012996673584 
2189	 0.346902936697006 
2190	 0.346743673086166 
2191	 0.34660142660141 
2192	 0.346487373113632 
2193	 0.346308976411819 
2194	 0.346102148294449 
2195	 0.345873475074768 
2196	 0.345602035522461 
2197	 0.345292150974274 
2198	 0.34498742222786 
2199	 0.344654500484467 
2200	 0.344288200139999 
2201	 0.343897551298141 
2202	 0.343440115451813 
2203	 0.342950642108917 
2204	 0.342400729656219 
2205	 0.341749012470245 
2206	 0.341148316860199 
2207	 0.340522050857544 
2208	 0.339900761842728 
2209	 0.339283227920532 
2210	 0.338674396276474 
2211	 0.338028758764267 
2212	 0.337456673383713 
2213	 0.336878955364227 
2214	 0.336413949728012 
2215	 0.336040139198303 
2216	 0.335694760084152 
2217	 0.335483968257904 
2218	 0.335211336612701 
2219	 0.334934920072556 
2220	 0.334664791822433 
2221	 0.334389299154282 
2222	 0.334106385707855 
2223	 0.333859592676163 
2224	 0.333551287651062 
2225	 0.333195298910141 
2226	 0.3327956199646 
2227	 0.332257986068726 
2228	 0.331633925437927 
2229	 0.330906361341476 
2230	 0.330055832862854 
2231	 0.329124927520752 
2232	 0.328119486570358 
2233	 0.326974958181381 
2234	 0.325766801834106 
2235	 0.324324935674667 
2236	 0.322724670171738 
2237	 0.320963442325592 
2238	 0.318928360939026 
2239	 0.316883027553558 
2240	 0.31474232673645 
2241	 0.312466114759445 
2242	 0.310174554586411 
2243	 0.307616978883743 
2244	 0.304813861846924 
2245	 0.30194965004921 
2246	 0.298777341842651 
2247	 0.295695781707764 
2248	 0.292640179395676 
2249	 0.28946116566658 
2250	 0.286228150129318 
2251	 0.283008217811584 
2252	 0.279437899589539 
2253	 0.275972366333008 
2254	 0.27247229218483 
2255	 0.268876135349274 
2256	 0.265594691038132 
2257	 0.262213677167892 
2258	 0.258922100067139 
2259	 0.255755454301834 
2260	 0.252481758594513 
2261	 0.249146178364754 
2262	 0.245953381061554 
2263	 0.242656871676445 
2264	 0.239678636193275 
2265	 0.236942768096924 
2266	 0.234195053577423 
2267	 0.231697171926498 
2268	 0.229040324687958 
2269	 0.226339429616928 
2270	 0.223694175481796 
2271	 0.220980733633041 
2272	 0.218373894691467 
2273	 0.215931072831154 
2274	 0.213322281837463 
2275	 0.210764169692993 
2276	 0.208044335246086 
2277	 0.205085977911949 
2278	 0.202264577150345 
2279	 0.199254617094994 
2280	 0.196530938148499 
2281	 0.1939367800951 
2282	 0.191505774855614 
2283	 0.189196541905403 
2284	 0.187219262123108 
2285	 0.185294970870018 
2286	 0.183664992451668 
2287	 0.182259991765022 
2288	 0.181012198328972 
2289	 0.180053815245628 
2290	 0.179200440645218 
2291	 0.1784358471632 
2292	 0.177798822522163 
2293	 0.177177608013153 
2294	 0.176627516746521 
2295	 0.176150605082512 
2296	 0.175722450017929 
2297	 0.175324782729149 
2298	 0.174948990345001 
2299	 0.17464354634285 
2300	 0.174367249011993 
2301	 0.17423215508461 
2302	 0.174178034067154 
2303	 0.174266397953033 
2304	 0.174469619989395 
2305	 0.174801051616669 
2306	 0.175247251987457 
2307	 0.175862491130829 
2308	 0.176605269312859 
2309	 0.177553549408913 
2310	 0.178661167621613 
2311	 0.17997707426548 
2312	 0.181528896093369 
2313	 0.183230936527252 
2314	 0.185201495885849 
2315	 0.187221229076385 
2316	 0.189396947622299 
2317	 0.191629946231842 
2318	 0.194152355194092 
2319	 0.196330040693283 
2320	 0.198645055294037 
2321	 0.200485929846764 
2322	 0.201959058642387 
2323	 0.203194469213486 
2324	 0.204103007912636 
2325	 0.204779118299484 
2326	 0.20515650510788 
2327	 0.205332562327385 
2328	 0.205249935388565 
2329	 0.204938948154449 
2330	 0.204382166266441 
2331	 0.203598916530609 
2332	 0.202535018324852 
2333	 0.201311513781548 
2334	 0.199855253100395 
2335	 0.198237150907516 
2336	 0.196407631039619 
2337	 0.194403007626534 
2338	 0.192469194531441 
2339	 0.190365567803383 
2340	 0.188315480947495 
2341	 0.186404943466187 
2342	 0.184373274445534 
2343	 0.182583659887314 
2344	 0.181037709116936 
2345	 0.179698139429092 
2346	 0.17873503267765 
2347	 0.178065478801727 
2348	 0.177540987730026 
2349	 0.17721800506115 
2350	 0.176997542381287 
2351	 0.17681947350502 
2352	 0.176857084035873 
2353	 0.176965937018394 
2354	 0.177284434437752 
2355	 0.177911221981049 
2356	 0.178771257400513 
2357	 0.180129215121269 
2358	 0.181940078735352 
2359	 0.184113994240761 
2360	 0.186603590846062 
2361	 0.189314320683479 
2362	 0.191926345229149 
2363	 0.194498136639595 
2364	 0.196946769952774 
2365	 0.199087038636208 
2366	 0.201074570417404 
2367	 0.202700257301331 
2368	 0.204060062766075 
2369	 0.205126211047173 
2370	 0.205896809697151 
2371	 0.206615507602692 
2372	 0.207154899835587 
2373	 0.207519471645355 
2374	 0.207787930965424 
2375	 0.207849130034447 
2376	 0.207781344652176 
2377	 0.207601502537727 
2378	 0.20730847120285 
2379	 0.206895977258682 
2380	 0.206390172243118 
2381	 0.205905586481094 
2382	 0.205417022109032 
2383	 0.204905465245247 
2384	 0.204456582665443 
2385	 0.204039752483368 
2386	 0.203569307923317 
2387	 0.203086420893669 
2388	 0.202678218483925 
2389	 0.202277675271034 
2390	 0.201882004737854 
2391	 0.201639294624329 
2392	 0.201188370585442 
2393	 0.200591281056404 
2394	 0.200014144182205 
2395	 0.199339404702187 
2396	 0.19870437681675 
2397	 0.198037341237068 
2398	 0.197451576590538 
2399	 0.196907386183739 
2400	 0.196387425065041 
2401	 0.195963963866234 
2402	 0.19549149274826 
2403	 0.19491383433342 
2404	 0.19439260661602 
2405	 0.194006979465485 
2406	 0.193673238158226 
2407	 0.193439155817032 
2408	 0.193224132061005 
2409	 0.192798793315887 
2410	 0.192291438579559 
2411	 0.191931948065758 
2412	 0.19157949090004 
2413	 0.191201448440552 
2414	 0.190938636660576 
2415	 0.19060292840004 
2416	 0.190135836601257 
2417	 0.189825519919395 
2418	 0.189599797129631 
2419	 0.189368978142738 
2420	 0.189314186573029 
2421	 0.189211010932922 
2422	 0.188881635665894 
2423	 0.188505962491035 
2424	 0.188149318099022 
2425	 0.187767222523689 
2426	 0.187528759241104 
2427	 0.187371790409088 
2428	 0.186997592449188 
2429	 0.186583951115608 
2430	 0.186280474066734 
2431	 0.185987323522568 
2432	 0.185720339417458 
2433	 0.185475245118141 
2434	 0.185197710990906 
2435	 0.184821724891663 
2436	 0.184528291225433 
2437	 0.184286549687386 
2438	 0.183886408805847 
2439	 0.183605253696442 
2440	 0.183263093233109 
2441	 0.18285109102726 
2442	 0.182538405060768 
2443	 0.182075455784798 
2444	 0.181685507297516 
2445	 0.181283384561539 
2446	 0.180844455957413 
2447	 0.180601224303246 
2448	 0.18027500808239 
2449	 0.179897144436836 
2450	 0.17968912422657 
2451	 0.17937445640564 
2452	 0.178866535425186 
2453	 0.178327053785324 
2454	 0.177760258316994 
2455	 0.17721001803875 
2456	 0.176598370075226 
2457	 0.17596909403801 
2458	 0.175388157367706 
2459	 0.174674049019814 
2460	 0.174053311347961 
2461	 0.173622652888298 
2462	 0.173034101724625 
2463	 0.172436356544495 
2464	 0.172030329704285 
2465	 0.171703189611435 
2466	 0.171492516994476 
2467	 0.171340674161911 
2468	 0.171072587370872 
2469	 0.17083252966404 
2470	 0.170687988400459 
2471	 0.170543178915977 
2472	 0.170572891831398 
2473	 0.170642793178558 
2474	 0.170559048652649 
2475	 0.170520290732384 
2476	 0.170508250594139 
2477	 0.170560494065285 
2478	 0.170825213193893 
2479	 0.171070665121078 
2480	 0.17086073756218 
2481	 0.170865833759308 
2482	 0.170814961194992 
2483	 0.170946955680847 
2484	 0.17113584280014 
2485	 0.171248689293861 
2486	 0.171374440193176 
2487	 0.171578601002693 
2488	 0.171776413917542 
2489	 0.172065570950508 
2490	 0.172455713152885 
2491	 0.172573357820511 
2492	 0.172754883766174 
2493	 0.173101872205734 
2494	 0.173291757702827 
2495	 0.173719078302383 
2496	 0.174241289496422 
2497	 0.17458014190197 
2498	 0.174727439880371 
2499	 0.174867779016495 
2500	 0.175119578838348 
