Wavelength	Echave.040
350	 0.165254384279251 
351	 0.161944389343262 
352	 0.157869875431061 
353	 0.150701969861984 
354	 0.15014211833477 
355	 0.142035394906998 
356	 0.134117394685745 
357	 0.133361682295799 
358	 0.129632726311684 
359	 0.128658458590508 
360	 0.127214089035988 
361	 0.119792833924294 
362	 0.120727322995663 
363	 0.120275676250458 
364	 0.114550389349461 
365	 0.109801523387432 
366	 0.107867874205112 
367	 0.105235084891319 
368	 0.100300818681717 
369	 0.10212916880846 
370	 0.101978398859501 
371	 9.91618633270264E-02 
372	 9.74027514457703E-02 
373	 9.59634706377983E-02 
374	 9.57217514514923E-02 
375	 0.095880962908268 
376	 9.32546257972717E-02 
377	 9.10821706056595E-02 
378	 8.99431332945824E-02 
379	 8.93104374408722E-02 
380	 8.73586237430573E-02 
381	 8.65299999713898E-02 
382	 0.086574874818325 
383	 8.57886672019959E-02 
384	 8.49504545331001E-02 
385	 8.47824364900589E-02 
386	 8.44415724277496E-02 
387	 8.07291269302368E-02 
388	 7.95181468129158E-02 
389	 8.10567885637283E-02 
390	 8.27943757176399E-02 
391	 7.81073868274689E-02 
392	 0.075361542403698 
393	 7.60752633213997E-02 
394	 7.69365280866623E-02 
395	 7.65193551778793E-02 
396	 7.56983235478401E-02 
397	 7.50391334295273E-02 
398	 7.40154385566711E-02 
399	 7.28884786367416E-02 
400	 7.21241235733032E-02 
401	 7.19373002648354E-02 
402	 7.13284611701965E-02 
403	 7.13306590914726E-02 
404	 7.14229941368103E-02 
405	 7.01645314693451E-02 
406	 6.99564293026924E-02 
407	 0.070424996316433 
408	 7.07352235913277E-02 
409	 6.98261186480522E-02 
410	 7.00561627745628E-02 
411	 7.04894512891769E-02 
412	 6.97803944349289E-02 
413	 0.070215180516243 
414	 7.01290667057037E-02 
415	 6.94815590977669E-02 
416	 6.97136223316193E-02 
417	 6.93169087171555E-02 
418	 6.90464526414871E-02 
419	 0.069295160472393 
420	 6.86713084578514E-02 
421	 6.86380341649055E-02 
422	 6.92149549722672E-02 
423	 6.97984844446182E-02 
424	 6.99485763907433E-02 
425	 7.02418833971024E-02 
426	 7.06361755728722E-02 
427	 7.03310444951057E-02 
428	 7.04536959528923E-02 
429	 7.06944987177849E-02 
430	 7.07110166549683E-02 
431	 7.10737183690071E-02 
432	 7.12422728538513E-02 
433	 7.12920278310776E-02 
434	 0.071600653231144 
435	 7.19461366534233E-02 
436	 0.072319969534874 
437	 7.26877301931381E-02 
438	 7.29387700557709E-02 
439	 0.07315294444561 
440	 7.33572021126747E-02 
441	 7.35870897769928E-02 
442	 7.39887729287148E-02 
443	 7.43439570069313E-02 
444	 7.45412260293961E-02 
445	 7.46031180024147E-02 
446	 0.075084276497364 
447	 7.55669176578522E-02 
448	 7.57609605789185E-02 
449	 7.59629085659981E-02 
450	 7.63718262314796E-02 
451	 0.076840803027153 
452	 7.71060734987259E-02 
453	 7.71332308650017E-02 
454	 7.74591937661171E-02 
455	 7.80556797981262E-02 
456	 7.82594531774521E-02 
457	 0.078457273542881 
458	 7.86426141858101E-02 
459	 7.88132771849632E-02 
460	 0.079231858253479 
461	 7.95953199267387E-02 
462	 7.99258574843407E-02 
463	 0.08036208152771 
464	 8.03386494517326E-02 
465	 8.05165991187096E-02 
466	 8.10692459344864E-02 
467	 0.081229642033577 
468	 8.14930498600006E-02 
469	 8.17165225744247E-02 
470	 8.17384049296379E-02 
471	 8.20648297667503E-02 
472	 8.23584422469139E-02 
473	 0.082495428621769 
474	 8.25660452246666E-02 
475	 8.29067900776863E-02 
476	 8.33422243595123E-02 
477	 0.083638608455658 
478	 8.35893601179123E-02 
479	 8.36768820881844E-02 
480	 0.083916574716568 
481	 8.41524973511696E-02 
482	 8.44712555408478E-02 
483	 0.084632083773613 
484	 8.47041308879852E-02 
485	 8.51136073470116E-02 
486	 8.54469910264015E-02 
487	 8.57309475541115E-02 
488	 8.60384851694107E-02 
489	 8.62589180469513E-02 
490	 8.64913910627365E-02 
491	 8.67624804377556E-02 
492	 8.70499610900879E-02 
493	 8.73053297400475E-02 
494	 8.76425504684448E-02 
495	 8.80640000104904E-02 
496	 8.83554145693779E-02 
497	 8.87083932757378E-02 
498	 8.90953838825226E-02 
499	 8.94489660859108E-02 
500	 8.98482128977776E-02 
501	 9.02031138539314E-02 
502	 9.05608013272285E-02 
503	 9.10741239786148E-02 
504	 9.14396122097969E-02 
505	 9.18519049882889E-02 
506	 9.24075394868851E-02 
507	 9.27418693900108E-02 
508	 9.31348204612732E-02 
509	 9.35992151498795E-02 
510	 9.40384864807129E-02 
511	 0.09446981549263 
512	 9.49233025312424E-02 
513	 9.53989997506142E-02 
514	 9.58569496870041E-02 
515	 9.64221581816673E-02 
516	 9.69177931547165E-02 
517	 9.72256436944008E-02 
518	 9.76890847086906E-02 
519	 9.82237085700035E-02 
520	 9.87603068351746E-02 
521	 9.92570295929909E-02 
522	 9.98441502451897E-02 
523	 0.100410893559456 
524	 0.100920602679253 
525	 0.101553231477737 
526	 0.102181129157543 
527	 0.102779731154442 
528	 0.103365205228329 
529	 0.103958897292614 
530	 0.104609288275242 
531	 0.105312116444111 
532	 0.106005541980267 
533	 0.106594257056713 
534	 0.107255280017853 
535	 0.108092442154884 
536	 0.108834035694599 
537	 0.109563201665878 
538	 0.110310547053814 
539	 0.111078187823296 
540	 0.111854538321495 
541	 0.112673595547676 
542	 0.113537602126598 
543	 0.114391081035137 
544	 0.115248873829842 
545	 0.116108298301697 
546	 0.11696583032608 
547	 0.117826260626316 
548	 0.118742361664772 
549	 0.119707927107811 
550	 0.120664052665234 
551	 0.121636927127838 
552	 0.122730657458305 
553	 0.123971924185753 
554	 0.125154256820679 
555	 0.126416653394699 
556	 0.127787783741951 
557	 0.129243388772011 
558	 0.130774214863777 
559	 0.13237726688385 
560	 0.134057730436325 
561	 0.135835081338882 
562	 0.137606024742126 
563	 0.139412194490433 
564	 0.141314655542374 
565	 0.143287688493729 
566	 0.145313248038292 
567	 0.147371560335159 
568	 0.149451583623886 
569	 0.151639103889465 
570	 0.153878718614578 
571	 0.156160995364189 
572	 0.15861639380455 
573	 0.161223828792572 
574	 0.163906335830688 
575	 0.166598409414291 
576	 0.169441670179367 
577	 0.172347038984299 
578	 0.175306290388107 
579	 0.17841625213623 
580	 0.181741759181023 
581	 0.185265421867371 
582	 0.188959315419197 
583	 0.192831799387932 
584	 0.196774125099182 
585	 0.200774759054184 
586	 0.204874038696289 
587	 0.20898026227951 
588	 0.213072553277016 
589	 0.217184662818909 
590	 0.221419185400009 
591	 0.225568026304245 
592	 0.229621797800064 
593	 0.233640626072884 
594	 0.23765404522419 
595	 0.241585314273834 
596	 0.245429709553719 
597	 0.249240681529045 
598	 0.252958089113235 
599	 0.256583899259567 
600	 0.260125160217285 
601	 0.263553977012634 
602	 0.266857475042343 
603	 0.269997149705887 
604	 0.272948116064072 
605	 0.27587902545929 
606	 0.278571039438248 
607	 0.280995547771454 
608	 0.283388584852219 
609	 0.285655975341797 
610	 0.287753880023956 
611	 0.289673775434494 
612	 0.291463017463684 
613	 0.293179452419281 
614	 0.294814467430115 
615	 0.296322882175446 
616	 0.297752231359482 
617	 0.299162715673447 
618	 0.30055034160614 
619	 0.301798135042191 
620	 0.302986741065979 
621	 0.304146528244019 
622	 0.305278539657593 
623	 0.306316196918488 
624	 0.307316929101944 
625	 0.308321177959442 
626	 0.30934077501297 
627	 0.310262769460678 
628	 0.311150521039963 
629	 0.312059044837952 
630	 0.312941491603851 
631	 0.313731223344803 
632	 0.314483731985092 
633	 0.315298765897751 
634	 0.316159516572952 
635	 0.316943287849426 
636	 0.317633718252182 
637	 0.318353325128555 
638	 0.319111377000809 
639	 0.31984269618988 
640	 0.320507049560547 
641	 0.321214616298676 
642	 0.321921497583389 
643	 0.322621554136276 
644	 0.323329716920853 
645	 0.324015706777573 
646	 0.324712783098221 
647	 0.325407892465591 
648	 0.32599401473999 
649	 0.326644718647003 
650	 0.327335298061371 
651	 0.328001827001572 
652	 0.328701764345169 
653	 0.329382032155991 
654	 0.330022096633911 
655	 0.33063617348671 
656	 0.331303983926773 
657	 0.331927925348282 
658	 0.332492083311081 
659	 0.333221435546875 
660	 0.333934396505356 
661	 0.33459147810936 
662	 0.335220366716385 
663	 0.335905641317368 
664	 0.336607396602631 
665	 0.337301522493362 
666	 0.337989062070847 
667	 0.338677257299423 
668	 0.339353770017624 
669	 0.340029269456863 
670	 0.340786755084991 
671	 0.341552317142487 
672	 0.342297464609146 
673	 0.343021273612976 
674	 0.34373527765274 
675	 0.344510495662689 
676	 0.345333963632584 
677	 0.346090108156204 
678	 0.346865475177765 
679	 0.347624242305756 
680	 0.348356693983078 
681	 0.349219053983688 
682	 0.350108981132507 
683	 0.350962281227112 
684	 0.351746946573257 
685	 0.352488279342651 
686	 0.353305846452713 
687	 0.354211330413818 
688	 0.355058521032333 
689	 0.355774104595184 
690	 0.356512695550919 
691	 0.357423335313797 
692	 0.3584223985672 
693	 0.359330773353577 
694	 0.360133737325668 
695	 0.360931783914566 
696	 0.361788034439087 
697	 0.362637042999268 
698	 0.363456279039383 
699	 0.364318698644638 
700	 0.365198165178299 
701	 0.36603045463562 
702	 0.366792619228363 
703	 0.367648661136627 
704	 0.36854949593544 
705	 0.369422614574432 
706	 0.370195776224136 
707	 0.370924800634384 
708	 0.371682226657867 
709	 0.372499287128448 
710	 0.373341530561447 
711	 0.374090760946274 
712	 0.374773591756821 
713	 0.375469863414764 
714	 0.376257836818695 
715	 0.377064317464828 
716	 0.377805858850479 
717	 0.378417789936066 
718	 0.379085749387741 
719	 0.379692554473877 
720	 0.380223721265793 
721	 0.380909085273743 
722	 0.381579399108887 
723	 0.382205933332443 
724	 0.382806271314621 
725	 0.383407026529312 
726	 0.38401335477829 
727	 0.384643256664276 
728	 0.385303407907486 
729	 0.385803282260895 
730	 0.386265486478806 
731	 0.386808782815933 
732	 0.38747638463974 
733	 0.388102889060974 
734	 0.388646870851517 
735	 0.389135658740997 
736	 0.389678448438644 
737	 0.390229612588882 
738	 0.390810340642929 
739	 0.391460359096527 
740	 0.391959935426712 
741	 0.392446309328079 
742	 0.393003225326538 
743	 0.393566399812698 
744	 0.394177377223969 
745	 0.394751101732254 
746	 0.395226657390594 
747	 0.395730286836624 
748	 0.396247267723084 
749	 0.396763294935226 
750	 0.397262275218964 
751	 0.397724002599716 
752	 0.39818274974823 
753	 0.398662328720093 
754	 0.399164170026779 
755	 0.399622857570648 
756	 0.400064915418625 
757	 0.4005166888237 
758	 0.400933355093002 
759	 0.401338666677475 
760	 0.401767998933792 
761	 0.40223690867424 
762	 0.402604728937149 
763	 0.403001755475998 
764	 0.403472602367401 
765	 0.403948217630386 
766	 0.404389381408691 
767	 0.404806762933731 
768	 0.405223309993744 
769	 0.405662268400192 
770	 0.406092375516891 
771	 0.406521320343018 
772	 0.406963169574738 
773	 0.407388120889664 
774	 0.407823324203491 
775	 0.408272355794907 
776	 0.408715456724167 
777	 0.409105092287064 
778	 0.40953329205513 
779	 0.410002768039703 
780	 0.410331189632416 
781	 0.410676956176758 
782	 0.411087810993195 
783	 0.411546140909195 
784	 0.411928832530975 
785	 0.412320643663406 
786	 0.412742018699646 
787	 0.413172125816345 
788	 0.413599014282227 
789	 0.414017498493195 
790	 0.414403796195984 
791	 0.414718449115753 
792	 0.415112048387527 
793	 0.415561497211456 
794	 0.416000872850418 
795	 0.4163678586483 
796	 0.41660949587822 
797	 0.416878491640091 
798	 0.417324066162109 
799	 0.417683094739914 
800	 0.417981594800949 
801	 0.418264329433441 
802	 0.418574929237366 
803	 0.41886031627655 
804	 0.419182538986206 
805	 0.419542759656906 
806	 0.419832825660706 
807	 0.420150965452194 
808	 0.420467704534531 
809	 0.420755714178085 
810	 0.421092480421066 
811	 0.421408772468567 
812	 0.421704560518265 
813	 0.422006130218506 
814	 0.422292083501816 
815	 0.422591596841812 
816	 0.422906309366226 
817	 0.423213392496109 
818	 0.423552334308624 
819	 0.423864811658859 
820	 0.424136400222778 
821	 0.424447149038315 
822	 0.424684852361679 
823	 0.424961864948273 
824	 0.425350368022919 
825	 0.425607174634933 
826	 0.425914138555527 
827	 0.426264256238937 
828	 0.426568120718002 
829	 0.426807284355164 
830	 0.427119076251984 
831	 0.427481591701508 
832	 0.427738755941391 
833	 0.427966892719269 
834	 0.428199082612991 
835	 0.428452044725418 
836	 0.42872416973114 
837	 0.429002672433853 
838	 0.429286777973175 
839	 0.4295694231987 
840	 0.429818004369736 
841	 0.430043905973434 
842	 0.43026927113533 
843	 0.430511176586151 
844	 0.430734485387802 
845	 0.430963784456253 
846	 0.431224852800369 
847	 0.431523531675339 
848	 0.431717365980148 
849	 0.431877732276917 
850	 0.432055503129959 
851	 0.432241469621658 
852	 0.432476907968521 
853	 0.43269744515419 
854	 0.43286919593811 
855	 0.433068931102753 
856	 0.433268249034882 
857	 0.433470904827118 
858	 0.433694094419479 
859	 0.433976888656616 
860	 0.434219419956207 
861	 0.43444499373436 
862	 0.434721112251282 
863	 0.43495586514473 
864	 0.435197561979294 
865	 0.435455560684204 
866	 0.435699373483658 
867	 0.435928046703339 
868	 0.436152875423431 
869	 0.436371564865112 
870	 0.436564058065414 
871	 0.436846315860748 
872	 0.437209159135818 
873	 0.437592506408691 
874	 0.437903881072998 
875	 0.438120156526566 
876	 0.438337028026581 
877	 0.438641488552094 
878	 0.438940167427063 
879	 0.439258992671967 
880	 0.439552783966064 
881	 0.439776062965393 
882	 0.440064132213593 
883	 0.440358072519302 
884	 0.440619081258774 
885	 0.440846651792526 
886	 0.441140532493591 
887	 0.441431313753128 
888	 0.441676408052444 
889	 0.441893547773361 
890	 0.442179352045059 
891	 0.442492127418518 
892	 0.442787379026413 
893	 0.443065285682678 
894	 0.443279087543488 
895	 0.443492740392685 
896	 0.443764954805374 
897	 0.444072753190994 
898	 0.444306522607803 
899	 0.444494873285294 
900	 0.444707155227661 
901	 0.444950699806213 
902	 0.445197641849518 
903	 0.445429772138596 
904	 0.445635318756104 
905	 0.445796430110931 
906	 0.445979565382004 
907	 0.446227341890335 
908	 0.446545541286469 
909	 0.446869730949402 
910	 0.447096854448318 
911	 0.4472576379776 
912	 0.447509974241257 
913	 0.447855234146118 
914	 0.448157012462616 
915	 0.448403686285019 
916	 0.448772311210632 
917	 0.449097454547882 
918	 0.449378371238709 
919	 0.449645906686783 
920	 0.449921846389771 
921	 0.450257331132889 
922	 0.450631111860275 
923	 0.450991123914719 
924	 0.451264381408691 
925	 0.451580166816711 
926	 0.451907068490982 
927	 0.452194571495056 
928	 0.452511012554169 
929	 0.4529028236866 
930	 0.453315377235413 
931	 0.453667134046555 
932	 0.453968793153763 
933	 0.454296439886093 
934	 0.45463228225708 
935	 0.45493072271347 
936	 0.455297499895096 
937	 0.455752104520798 
938	 0.456187516450882 
939	 0.45647120475769 
940	 0.456876158714294 
941	 0.457270413637161 
942	 0.457608282566071 
943	 0.457948923110962 
944	 0.45829176902771 
945	 0.458646982908249 
946	 0.459009826183319 
947	 0.459360122680664 
948	 0.459691882133484 
949	 0.460011094808578 
950	 0.460332930088043 
951	 0.460679799318314 
952	 0.461084008216858 
953	 0.461455941200256 
954	 0.461759030818939 
955	 0.462064921855927 
956	 0.462330132722855 
957	 0.462636321783066 
958	 0.463030695915222 
959	 0.463457882404327 
960	 0.463696897029877 
961	 0.463887244462967 
962	 0.464149534702301 
963	 0.464379727840424 
964	 0.464682430028915 
965	 0.465053468942642 
966	 0.465425282716751 
967	 0.465666323900223 
968	 0.46590456366539 
969	 0.466172069311142 
970	 0.466473698616028 
971	 0.466823101043701 
972	 0.467120200395584 
973	 0.467346489429474 
974	 0.467547565698624 
975	 0.46785181760788 
976	 0.468179851770401 
977	 0.468568831682205 
978	 0.469024181365967 
979	 0.469368427991867 
980	 0.469515860080719 
981	 0.469708263874054 
982	 0.470140844583511 
983	 0.470492005348206 
984	 0.470750540494919 
985	 0.471097320318222 
986	 0.471641898155212 
987	 0.472024202346802 
988	 0.472345888614655 
989	 0.472651958465576 
990	 0.473000049591064 
991	 0.473546475172043 
992	 0.474014759063721 
993	 0.474328368902206 
994	 0.474573403596878 
995	 0.475058019161224 
996	 0.475600361824036 
997	 0.476044416427612 
998	 0.476353466510773 
999	 0.476821213960648 
1000	 0.477369695901871 
1001	 0.465924382209778 
1002	 0.466191083192825 
1003	 0.466494709253311 
1004	 0.466821670532227 
1005	 0.467194974422455 
1006	 0.467525571584702 
1007	 0.467856764793396 
1008	 0.468190580606461 
1009	 0.468507915735245 
1010	 0.468826711177826 
1011	 0.469162315130234 
1012	 0.46947905421257 
1013	 0.469760090112686 
1014	 0.4700767993927 
1015	 0.47041592001915 
1016	 0.47074094414711 
1017	 0.471068412065506 
1018	 0.471379518508911 
1019	 0.471711724996567 
1020	 0.472014307975769 
1021	 0.472281455993652 
1022	 0.472532123327255 
1023	 0.472802877426147 
1024	 0.473031550645828 
1025	 0.473268777132034 
1026	 0.473551899194717 
1027	 0.473784983158112 
1028	 0.473958015441895 
1029	 0.474184572696686 
1030	 0.474420487880707 
1031	 0.474613428115845 
1032	 0.474846392869949 
1033	 0.475076675415039 
1034	 0.47527077794075 
1035	 0.475460708141327 
1036	 0.475672364234924 
1037	 0.475867509841919 
1038	 0.476104855537415 
1039	 0.476400762796402 
1040	 0.476651072502136 
1041	 0.4768947660923 
1042	 0.477145075798035 
1043	 0.477374672889709 
1044	 0.477596879005432 
1045	 0.477937370538712 
1046	 0.478261530399323 
1047	 0.478531628847122 
1048	 0.478849947452545 
1049	 0.479097008705139 
1050	 0.479317009449005 
1051	 0.479618400335312 
1052	 0.479924321174622 
1053	 0.480233430862427 
1054	 0.480564385652542 
1055	 0.480885118246078 
1056	 0.481196194887161 
1057	 0.481537103652954 
1058	 0.481886148452759 
1059	 0.482236266136169 
1060	 0.482650130987167 
1061	 0.483031958341599 
1062	 0.483417540788651 
1063	 0.483830183744431 
1064	 0.484194546937943 
1065	 0.484566777944565 
1066	 0.484945029020309 
1067	 0.485302984714508 
1068	 0.485650539398193 
1069	 0.485991775989532 
1070	 0.486359775066376 
1071	 0.486730873584747 
1072	 0.487124502658844 
1073	 0.487519979476929 
1074	 0.48790368437767 
1075	 0.488251239061356 
1076	 0.488584637641907 
1077	 0.488963484764099 
1078	 0.489324480295181 
1079	 0.489728391170502 
1080	 0.490173280239105 
1081	 0.490529537200928 
1082	 0.490908294916153 
1083	 0.491264164447784 
1084	 0.491557836532593 
1085	 0.49190491437912 
1086	 0.492234289646149 
1087	 0.492553323507309 
1088	 0.492880195379257 
1089	 0.493238300085068 
1090	 0.493550896644592 
1091	 0.493881165981293 
1092	 0.494225382804871 
1093	 0.494554400444031 
1094	 0.494937658309937 
1095	 0.495293378829956 
1096	 0.495618343353271 
1097	 0.495982050895691 
1098	 0.496270418167114 
1099	 0.496556013822556 
1100	 0.496872186660767 
1101	 0.497123450040817 
1102	 0.497390121221542 
1103	 0.497668415307999 
1104	 0.497958928346634 
1105	 0.49824720621109 
1106	 0.498533397912979 
1107	 0.498772412538528 
1108	 0.499006569385529 
1109	 0.499218195676804 
1110	 0.499436289072037 
1111	 0.499702781438828 
1112	 0.499935388565063 
1113	 0.500173270702362 
1114	 0.500397562980652 
1115	 0.500576257705688 
1116	 0.500778317451477 
1117	 0.500954210758209 
1118	 0.501129269599915 
1119	 0.501296520233154 
1120	 0.501470267772675 
1121	 0.501637279987335 
1122	 0.501818120479584 
1123	 0.501987397670746 
1124	 0.502156496047974 
1125	 0.50230199098587 
1126	 0.502450108528137 
1127	 0.502632319927216 
1128	 0.502800047397614 
1129	 0.502978682518005 
1130	 0.503147542476654 
1131	 0.503269553184509 
1132	 0.503384053707123 
1133	 0.503498435020447 
1134	 0.503606796264648 
1135	 0.503697514533997 
1136	 0.503781139850616 
1137	 0.503851771354675 
1138	 0.503883242607117 
1139	 0.503946661949158 
1140	 0.504023313522339 
1141	 0.504097104072571 
1142	 0.504158079624176 
1143	 0.504229307174683 
1144	 0.504287838935852 
1145	 0.504353165626526 
1146	 0.50443708896637 
1147	 0.504504024982452 
1148	 0.504546642303467 
1149	 0.504568994045258 
1150	 0.504602074623108 
1151	 0.504659473896027 
1152	 0.504699885845184 
1153	 0.504741609096527 
1154	 0.504787564277649 
1155	 0.504838168621063 
1156	 0.504856705665588 
1157	 0.504887759685516 
1158	 0.504881858825684 
1159	 0.504832029342651 
1160	 0.504785716533661 
1161	 0.504721581935883 
1162	 0.504645884037018 
1163	 0.50457227230072 
1164	 0.504466891288757 
1165	 0.504388689994812 
1166	 0.504323720932007 
1167	 0.50425922870636 
1168	 0.504225075244904 
1169	 0.504178285598755 
1170	 0.504146277904511 
1171	 0.50408011674881 
1172	 0.503986477851868 
1173	 0.503912687301636 
1174	 0.503823101520538 
1175	 0.503746807575226 
1176	 0.503696978092194 
1177	 0.503632128238678 
1178	 0.503557205200195 
1179	 0.503485441207886 
1180	 0.503397524356842 
1181	 0.503342151641846 
1182	 0.503334105014801 
1183	 0.503334939479828 
1184	 0.503363251686096 
1185	 0.503412306308746 
1186	 0.503475844860077 
1187	 0.503543674945831 
1188	 0.503633320331573 
1189	 0.503743290901184 
1190	 0.50388514995575 
1191	 0.504033863544464 
1192	 0.504218578338623 
1193	 0.504444301128387 
1194	 0.504685521125793 
1195	 0.504960119724274 
1196	 0.505238592624664 
1197	 0.505530595779419 
1198	 0.505849778652191 
1199	 0.506176471710205 
1200	 0.506489276885986 
1201	 0.506833791732788 
1202	 0.507175385951996 
1203	 0.50749546289444 
1204	 0.507835865020752 
1205	 0.508155584335327 
1206	 0.508442282676697 
1207	 0.508778691291809 
1208	 0.509115278720856 
1209	 0.509490787982941 
1210	 0.509896576404572 
1211	 0.510331571102142 
1212	 0.510806024074554 
1213	 0.511282682418823 
1214	 0.51179313659668 
1215	 0.512304842472076 
1216	 0.512833297252655 
1217	 0.513340294361115 
1218	 0.513846635818481 
1219	 0.514350652694702 
1220	 0.514842092990875 
1221	 0.515382170677185 
1222	 0.515901565551758 
1223	 0.516415476799011 
1224	 0.516911149024963 
1225	 0.517374217510223 
1226	 0.517846584320068 
1227	 0.518320560455322 
1228	 0.518789410591125 
1229	 0.519257724285126 
1230	 0.519710540771484 
1231	 0.520161032676697 
1232	 0.520594894886017 
1233	 0.521014988422394 
1234	 0.521417677402496 
1235	 0.521792709827423 
1236	 0.522178530693054 
1237	 0.522551119327545 
1238	 0.52293062210083 
1239	 0.523312151432037 
1240	 0.523708879947662 
1241	 0.524113595485687 
1242	 0.524478495121002 
1243	 0.524843633174896 
1244	 0.525220096111298 
1245	 0.525540351867676 
1246	 0.525824189186096 
1247	 0.526107132434845 
1248	 0.526353895664215 
1249	 0.526615023612976 
1250	 0.52688330411911 
1251	 0.52712619304657 
1252	 0.527363002300262 
1253	 0.527578294277191 
1254	 0.527766287326813 
1255	 0.52795797586441 
1256	 0.52814793586731 
1257	 0.528315961360931 
1258	 0.528458535671234 
1259	 0.528612613677979 
1260	 0.528751194477081 
1261	 0.528896570205688 
1262	 0.529044151306152 
1263	 0.529208540916443 
1264	 0.529379606246948 
1265	 0.529550909996033 
1266	 0.529735147953033 
1267	 0.529948770999908 
1268	 0.530131340026855 
1269	 0.530284643173218 
1270	 0.530487596988678 
1271	 0.530688405036926 
1272	 0.530926465988159 
1273	 0.531221747398376 
1274	 0.531496524810791 
1275	 0.53178071975708 
1276	 0.532059907913208 
1277	 0.532337963581085 
1278	 0.53261810541153 
1279	 0.532886922359467 
1280	 0.533177554607391 
1281	 0.533485293388367 
1282	 0.53378814458847 
1283	 0.534086406230927 
1284	 0.534407615661621 
1285	 0.534739434719086 
1286	 0.535073757171631 
1287	 0.535417199134827 
1288	 0.535784900188446 
1289	 0.536141216754913 
1290	 0.536496758460999 
1291	 0.536842823028564 
1292	 0.537196099758148 
1293	 0.537528872489929 
1294	 0.537836074829102 
1295	 0.538158357143402 
1296	 0.538486897945404 
1297	 0.538798272609711 
1298	 0.539109945297241 
1299	 0.539406895637512 
1300	 0.539681255817413 
1301	 0.539960265159607 
1302	 0.54024475812912 
1303	 0.540509402751923 
1304	 0.540753781795502 
1305	 0.541006982326508 
1306	 0.541241526603699 
1307	 0.541491448879242 
1308	 0.541760385036469 
1309	 0.54203063249588 
1310	 0.542272090911865 
1311	 0.54250967502594 
1312	 0.542729616165161 
1313	 0.542935192584991 
1314	 0.543110191822052 
1315	 0.543269991874695 
1316	 0.54341322183609 
1317	 0.543513059616089 
1318	 0.543635725975037 
1319	 0.543771982192993 
1320	 0.543878078460693 
1321	 0.543958067893982 
1322	 0.544060349464417 
1323	 0.544154524803162 
1324	 0.544254064559937 
1325	 0.544391632080078 
1326	 0.544485449790955 
1327	 0.544563174247742 
1328	 0.544618904590607 
1329	 0.544645667076111 
1330	 0.544666051864624 
1331	 0.544691383838654 
1332	 0.544671893119812 
1333	 0.544623851776123 
1334	 0.544554591178894 
1335	 0.54447877407074 
1336	 0.544362246990204 
1337	 0.54427307844162 
1338	 0.544195950031281 
1339	 0.544101297855377 
1340	 0.544000029563904 
1341	 0.543894410133362 
1342	 0.543798089027405 
1343	 0.543658137321472 
1344	 0.543520092964172 
1345	 0.543316304683685 
1346	 0.543079078197479 
1347	 0.542787373065948 
1348	 0.542451798915863 
1349	 0.542068123817444 
1350	 0.541602432727814 
1351	 0.541156709194183 
1352	 0.540669620037079 
1353	 0.540197730064392 
1354	 0.539737284183502 
1355	 0.539267003536224 
1356	 0.538768112659454 
1357	 0.53830087184906 
1358	 0.537811577320099 
1359	 0.537383079528809 
1360	 0.536979734897614 
1361	 0.536631882190704 
1362	 0.536323130130768 
1363	 0.536074221134186 
1364	 0.535856187343597 
1365	 0.535690724849701 
1366	 0.535526633262634 
1367	 0.535396337509155 
1368	 0.535274386405945 
1369	 0.535167038440704 
1370	 0.535072088241577 
1371	 0.535021722316742 
1372	 0.534918010234833 
1373	 0.534842073917389 
1374	 0.534664332866669 
1375	 0.534458875656128 
1376	 0.53415322303772 
1377	 0.533755242824554 
1378	 0.533318042755127 
1379	 0.532742261886597 
1380	 0.532255589962006 
1381	 0.531700491905212 
1382	 0.531274020671844 
1383	 0.530908644199371 
1384	 0.530621349811554 
1385	 0.530466616153717 
1386	 0.53028804063797 
1387	 0.530186414718628 
1388	 0.530047357082367 
1389	 0.529910504817963 
1390	 0.529743432998657 
1391	 0.529550969600677 
1392	 0.529349446296692 
1393	 0.529150664806366 
1394	 0.528911888599396 
1395	 0.528693616390228 
1396	 0.528486430644989 
1397	 0.528261482715607 
1398	 0.528045892715454 
1399	 0.527770280838013 
1400	 0.527494966983795 
1401	 0.527128159999847 
1402	 0.526714026927948 
1403	 0.526218295097351 
1404	 0.525646686553955 
1405	 0.525037229061127 
1406	 0.524351418018341 
1407	 0.523646175861359 
1408	 0.522895157337189 
1409	 0.522123217582703 
1410	 0.521325349807739 
1411	 0.520480453968048 
1412	 0.519599378108978 
1413	 0.518696308135986 
1414	 0.517737329006195 
1415	 0.516782283782959 
1416	 0.515804469585419 
1417	 0.514824211597443 
1418	 0.513845443725586 
1419	 0.512837886810303 
1420	 0.511807501316071 
1421	 0.510783493518829 
1422	 0.509723603725433 
1423	 0.50868833065033 
1424	 0.507678091526031 
1425	 0.506641328334808 
1426	 0.505670726299286 
1427	 0.504691243171692 
1428	 0.503702461719513 
1429	 0.502783715724945 
1430	 0.501847922801971 
1431	 0.500914633274078 
1432	 0.499983221292496 
1433	 0.499072581529617 
1434	 0.498137414455414 
1435	 0.497193217277527 
1436	 0.496231198310852 
1437	 0.495253592729568 
1438	 0.494291126728058 
1439	 0.493296682834625 
1440	 0.492358833551407 
1441	 0.491400837898254 
1442	 0.490568369626999 
1443	 0.489701896905899 
1444	 0.489115059375763 
1445	 0.488619983196259 
1446	 0.488421112298965 
1447	 0.488434344530106 
1448	 0.488704830408096 
1449	 0.489246845245361 
1450	 0.489975124597549 
1451	 0.491015136241913 
1452	 0.492115020751953 
1453	 0.493465691804886 
1454	 0.494773358106613 
1455	 0.496220350265503 
1456	 0.497580945491791 
1457	 0.498988002538681 
1458	 0.500280737876892 
1459	 0.501521170139313 
1460	 0.502675354480743 
1461	 0.503732025623322 
1462	 0.504721343517303 
1463	 0.505631804466248 
1464	 0.506482839584351 
1465	 0.507241249084473 
1466	 0.507982969284058 
1467	 0.50862854719162 
1468	 0.509237051010132 
1469	 0.509830594062805 
1470	 0.510353088378906 
1471	 0.510869204998016 
1472	 0.511364340782166 
1473	 0.511832773685455 
1474	 0.512266635894775 
1475	 0.512682020664215 
1476	 0.513081967830658 
1477	 0.513448059558868 
1478	 0.513774573802948 
1479	 0.514096021652222 
1480	 0.514403104782104 
1481	 0.514679253101349 
1482	 0.514932215213776 
1483	 0.515169441699982 
1484	 0.515379250049591 
1485	 0.515574097633362 
1486	 0.515734553337097 
1487	 0.515926003456116 
1488	 0.516083598136902 
1489	 0.516307890415192 
1490	 0.516555428504944 
1491	 0.516862273216248 
1492	 0.517207026481628 
1493	 0.51760870218277 
1494	 0.518076479434967 
1495	 0.51856929063797 
1496	 0.519099533557892 
1497	 0.51967841386795 
1498	 0.520317196846008 
1499	 0.52096289396286 
1500	 0.52166885137558 
1501	 0.522354483604431 
1502	 0.523059666156769 
1503	 0.523731350898743 
1504	 0.524407744407654 
1505	 0.525043308734894 
1506	 0.525650978088379 
1507	 0.526228070259094 
1508	 0.526775002479553 
1509	 0.527292609214783 
1510	 0.527788758277893 
1511	 0.528236210346222 
1512	 0.528623878955841 
1513	 0.529011785984039 
1514	 0.52937650680542 
1515	 0.529710352420807 
1516	 0.530029892921448 
1517	 0.530329465866089 
1518	 0.530590116977692 
1519	 0.530833005905151 
1520	 0.531081318855286 
1521	 0.53127533197403 
1522	 0.531429827213287 
1523	 0.531598687171936 
1524	 0.531736493110657 
1525	 0.531850337982178 
1526	 0.531958997249603 
1527	 0.532047092914581 
1528	 0.53214830160141 
1529	 0.532241225242615 
1530	 0.532343566417694 
1531	 0.532457768917084 
1532	 0.532556414604187 
1533	 0.532643675804138 
1534	 0.532749533653259 
1535	 0.532845556735992 
1536	 0.532980024814606 
1537	 0.53312736749649 
1538	 0.533316016197205 
1539	 0.533526301383972 
1540	 0.533784449100494 
1541	 0.534093022346497 
1542	 0.534406304359436 
1543	 0.534762501716614 
1544	 0.535104990005493 
1545	 0.53544282913208 
1546	 0.53581690788269 
1547	 0.53620433807373 
1548	 0.536616146564484 
1549	 0.537061810493469 
1550	 0.537512421607971 
1551	 0.537989318370819 
1552	 0.538448393344879 
1553	 0.538919150829315 
1554	 0.539374709129334 
1555	 0.539827644824982 
1556	 0.540253579616547 
1557	 0.540667653083801 
1558	 0.541068077087402 
1559	 0.541435301303864 
1560	 0.54181307554245 
1561	 0.542198896408081 
1562	 0.542559742927551 
1563	 0.542892932891846 
1564	 0.543249666690826 
1565	 0.543607175350189 
1566	 0.543957531452179 
1567	 0.544329166412354 
1568	 0.544673025608063 
1569	 0.54499077796936 
1570	 0.54531055688858 
1571	 0.545614123344421 
1572	 0.545933485031128 
1573	 0.546249151229858 
1574	 0.546577751636505 
1575	 0.546940088272095 
1576	 0.547265291213989 
1577	 0.547580778598785 
1578	 0.547885775566101 
1579	 0.548151016235352 
1580	 0.548445820808411 
1581	 0.548756897449493 
1582	 0.549057066440582 
1583	 0.549367427825928 
1584	 0.549666225910187 
1585	 0.54994136095047 
1586	 0.550237715244293 
1587	 0.550554037094116 
1588	 0.550848007202148 
1589	 0.551132082939148 
1590	 0.5514275431633 
1591	 0.551708936691284 
1592	 0.552004396915436 
1593	 0.5523322224617 
1594	 0.552636563777924 
1595	 0.552935004234314 
1596	 0.553220927715302 
1597	 0.553487598896027 
1598	 0.553758978843689 
1599	 0.554022371768951 
1600	 0.554288327693939 
1601	 0.554559946060181 
1602	 0.554825365543365 
1603	 0.555080950260162 
1604	 0.555343806743622 
1605	 0.555611491203308 
1606	 0.555872201919556 
1607	 0.556148052215576 
1608	 0.556398034095764 
1609	 0.556620717048645 
1610	 0.556853950023651 
1611	 0.557085335254669 
1612	 0.557299792766571 
1613	 0.557515323162079 
1614	 0.557718396186829 
1615	 0.557894229888916 
1616	 0.558077335357666 
1617	 0.558278977870941 
1618	 0.558444738388062 
1619	 0.55858713388443 
1620	 0.558725655078888 
1621	 0.558839857578278 
1622	 0.558952033519745 
1623	 0.559080481529236 
1624	 0.559168934822083 
1625	 0.559205830097198 
1626	 0.559271097183228 
1627	 0.559326231479645 
1628	 0.559386610984802 
1629	 0.559468388557434 
1630	 0.559544265270233 
1631	 0.559594333171844 
1632	 0.559674859046936 
1633	 0.559776127338409 
1634	 0.559884667396545 
1635	 0.560008406639099 
1636	 0.560143351554871 
1637	 0.560293912887573 
1638	 0.560442745685577 
1639	 0.560597062110901 
1640	 0.560760080814362 
1641	 0.560938715934753 
1642	 0.561102390289307 
1643	 0.561298727989197 
1644	 0.561433970928192 
1645	 0.561528980731964 
1646	 0.561605989933014 
1647	 0.561651885509491 
1648	 0.561666488647461 
1649	 0.561677694320679 
1650	 0.561621844768524 
1651	 0.561504006385803 
1652	 0.561363935470581 
1653	 0.561182796955109 
1654	 0.560963332653046 
1655	 0.560712277889252 
1656	 0.560420691967011 
1657	 0.560081243515015 
1658	 0.559706628322601 
1659	 0.559301555156708 
1660	 0.558852851390839 
1661	 0.558371722698212 
1662	 0.557832777500153 
1663	 0.557254433631897 
1664	 0.556595921516418 
1665	 0.555894911289215 
1666	 0.55508279800415 
1667	 0.554197788238525 
1668	 0.553211867809296 
1669	 0.552112817764282 
1670	 0.55094039440155 
1671	 0.549655258655548 
1672	 0.548319518566132 
1673	 0.546932458877563 
1674	 0.545428276062012 
1675	 0.54382187128067 
1676	 0.542200267314911 
1677	 0.540491938591003 
1678	 0.538743495941162 
1679	 0.536938786506653 
1680	 0.535106956958771 
1681	 0.533202528953552 
1682	 0.531296730041504 
1683	 0.529369354248047 
1684	 0.527488529682159 
1685	 0.525611937046051 
1686	 0.523710966110229 
1687	 0.521802604198456 
1688	 0.519911885261536 
1689	 0.517964243888855 
1690	 0.516109585762024 
1691	 0.514296889305115 
1692	 0.512617826461792 
1693	 0.510998904705048 
1694	 0.50949639081955 
1695	 0.508125603199005 
1696	 0.506795823574066 
1697	 0.505553483963013 
1698	 0.504353404045105 
1699	 0.503241300582886 
1700	 0.502157688140869 
1701	 0.501121282577515 
1702	 0.500116467475891 
1703	 0.49915537238121 
1704	 0.498215794563293 
1705	 0.497303545475006 
1706	 0.496413588523865 
1707	 0.49560084939003 
1708	 0.494802802801132 
1709	 0.494061022996902 
1710	 0.493376791477203 
1711	 0.492668300867081 
1712	 0.491998553276062 
1713	 0.491330444812775 
1714	 0.490630090236664 
1715	 0.489979088306427 
1716	 0.489309728145599 
1717	 0.488639086484909 
1718	 0.487991601228714 
1719	 0.487321019172668 
1720	 0.486680775880814 
1721	 0.486034780740738 
1722	 0.485399782657623 
1723	 0.484869927167892 
1724	 0.48439222574234 
1725	 0.48397970199585 
1726	 0.483629614114761 
1727	 0.48332405090332 
1728	 0.483121395111084 
1729	 0.483000844717026 
1730	 0.482962757349014 
1731	 0.483034521341324 
1732	 0.483207195997238 
1733	 0.483451366424561 
1734	 0.483833104372025 
1735	 0.484284549951553 
1736	 0.484696269035339 
1737	 0.485132604837418 
1738	 0.485559225082397 
1739	 0.485911071300507 
1740	 0.486253589391708 
1741	 0.486512452363968 
1742	 0.486670851707459 
1743	 0.486837297677994 
1744	 0.486926972866058 
1745	 0.487061977386475 
1746	 0.487184882164001 
1747	 0.487360954284668 
1748	 0.487543523311615 
1749	 0.487807184457779 
1750	 0.488136172294617 
1751	 0.488512814044952 
1752	 0.488947182893753 
1753	 0.489454448223114 
1754	 0.490028291940689 
1755	 0.490616232156754 
1756	 0.491246610879898 
1757	 0.49191290140152 
1758	 0.492669463157654 
1759	 0.493439972400665 
1760	 0.494294404983521 
1761	 0.495227605104446 
1762	 0.496142625808716 
1763	 0.497178614139557 
1764	 0.498260706663132 
1765	 0.49934995174408 
1766	 0.500561356544495 
1767	 0.501765429973602 
1768	 0.503057360649109 
1769	 0.50439977645874 
1770	 0.505640268325806 
1771	 0.506924211978912 
1772	 0.508153021335602 
1773	 0.509345710277557 
1774	 0.510613739490509 
1775	 0.511791348457336 
1776	 0.512923419475555 
1777	 0.513995289802551 
1778	 0.514926612377167 
1779	 0.515823304653168 
1780	 0.516681134700775 
1781	 0.517510175704956 
1782	 0.518318951129913 
1783	 0.51907479763031 
1784	 0.519836008548737 
1785	 0.520531356334686 
1786	 0.521170735359192 
1787	 0.52177232503891 
1788	 0.522351145744324 
1789	 0.522854149341583 
1790	 0.523407518863678 
1791	 0.523992896080017 
1792	 0.52452027797699 
1793	 0.525034129619598 
1794	 0.525497138500214 
1795	 0.52590399980545 
1796	 0.526318192481995 
1797	 0.526773154735565 
1798	 0.527189016342163 
1799	 0.527605295181274 
1800	 0.527985394001007 
1801	 0.517373919487 
1802	 0.518790006637573 
1803	 0.520043194293976 
1804	 0.5211221575737 
1805	 0.522158741950989 
1806	 0.523038506507874 
1807	 0.523747265338898 
1808	 0.52444064617157 
1809	 0.5250164270401 
1810	 0.525567233562469 
1811	 0.526059150695801 
1812	 0.52652245759964 
1813	 0.526906073093414 
1814	 0.527314841747284 
1815	 0.527687668800354 
1816	 0.528030514717102 
1817	 0.528388977050781 
1818	 0.528733253479004 
1819	 0.529081702232361 
1820	 0.529417991638184 
1821	 0.529782295227051 
1822	 0.530159831047058 
1823	 0.530546188354492 
1824	 0.530907213687897 
1825	 0.531302988529205 
1826	 0.531671583652496 
1827	 0.532014727592468 
1828	 0.532350957393646 
1829	 0.532689332962036 
1830	 0.533015727996826 
1831	 0.5333291888237 
1832	 0.53363960981369 
1833	 0.533888041973114 
1834	 0.534158766269684 
1835	 0.534396708011627 
1836	 0.534617006778717 
1837	 0.534927129745483 
1838	 0.535294532775879 
1839	 0.535666525363922 
1840	 0.53606903553009 
1841	 0.536521792411804 
1842	 0.537023305892944 
1843	 0.537523865699768 
1844	 0.538057208061218 
1845	 0.538569509983063 
1846	 0.539001882076263 
1847	 0.539395987987518 
1848	 0.539785802364349 
1849	 0.540182054042816 
1850	 0.540484726428986 
1851	 0.540750682353973 
1852	 0.540983915328979 
1853	 0.541102945804596 
1854	 0.541159212589264 
1855	 0.541167736053467 
1856	 0.541159212589264 
1857	 0.541124939918518 
1858	 0.540999829769135 
1859	 0.540828108787537 
1860	 0.54064679145813 
1861	 0.540319800376892 
1862	 0.539901196956635 
1863	 0.539433121681213 
1864	 0.538786470890045 
1865	 0.538067519664764 
1866	 0.537184238433838 
1867	 0.53611433506012 
1868	 0.534956455230713 
1869	 0.533729135990143 
1870	 0.532559752464294 
1871	 0.531317234039307 
1872	 0.530239582061768 
1873	 0.529260814189911 
1874	 0.528282701969147 
1875	 0.527427971363068 
1876	 0.52650910615921 
1877	 0.52558696269989 
1878	 0.524592518806458 
1879	 0.52344685792923 
1880	 0.522265076637268 
1881	 0.520858824253082 
1882	 0.519268155097961 
1883	 0.517574012279511 
1884	 0.515691339969635 
1885	 0.513524115085602 
1886	 0.511317133903503 
1887	 0.508894979953766 
1888	 0.506292641162872 
1889	 0.503778040409088 
1890	 0.501067698001862 
1891	 0.498320072889328 
1892	 0.495565325021744 
1893	 0.492587774991989 
1894	 0.489388942718506 
1895	 0.486231833696365 
1896	 0.482889384031296 
1897	 0.479358553886414 
1898	 0.47605112195015 
1899	 0.472516357898712 
1900	 0.468987256288528 
1901	 0.465546637773514 
1902	 0.461802870035172 
1903	 0.458203017711639 
1904	 0.45459371805191 
1905	 0.450934290885925 
1906	 0.447276771068573 
1907	 0.443899542093277 
1908	 0.440402626991272 
1909	 0.437008857727051 
1910	 0.433652013540268 
1911	 0.430041462182999 
1912	 0.42654749751091 
1913	 0.423037588596344 
1914	 0.419477581977844 
1915	 0.416245251893997 
1916	 0.41326779127121 
1917	 0.410315036773682 
1918	 0.407574206590652 
1919	 0.405167907476425 
1920	 0.402742743492126 
1921	 0.400690168142319 
1922	 0.398824661970139 
1923	 0.397101581096649 
1924	 0.395657509565353 
1925	 0.394254505634308 
1926	 0.392821729183197 
1927	 0.391524255275726 
1928	 0.390058517456055 
1929	 0.38852447271347 
1930	 0.386943697929382 
1931	 0.38531681895256 
1932	 0.383623570203781 
1933	 0.382041603326797 
1934	 0.38045397400856 
1935	 0.378947347402573 
1936	 0.377577036619186 
1937	 0.376350373029709 
1938	 0.375189393758774 
1939	 0.374311953783035 
1940	 0.373592704534531 
1941	 0.373114824295044 
1942	 0.372901260852814 
1943	 0.372847050428391 
1944	 0.372971415519714 
1945	 0.373329818248749 
1946	 0.373945891857147 
1947	 0.374747723340988 
1948	 0.375847101211548 
1949	 0.377241253852844 
1950	 0.378764539957047 
1951	 0.38050389289856 
1952	 0.382441997528076 
1953	 0.384563565254211 
1954	 0.386862307786942 
1955	 0.389472812414169 
1956	 0.39205539226532 
1957	 0.394676715135574 
1958	 0.397333174943924 
1959	 0.399708569049835 
1960	 0.401980817317963 
1961	 0.404068827629089 
1962	 0.405968755483627 
1963	 0.407714247703552 
1964	 0.40931624174118 
1965	 0.41071218252182 
1966	 0.411930590867996 
1967	 0.412998765707016 
1968	 0.413825929164886 
1969	 0.414651602506638 
1970	 0.415435820817947 
1971	 0.416184842586517 
1972	 0.417021512985229 
1973	 0.417857438325882 
1974	 0.418754577636719 
1975	 0.419723302125931 
1976	 0.420692324638367 
1977	 0.421674072742462 
1978	 0.422720968723297 
1979	 0.423803865909576 
1980	 0.424900650978088 
1981	 0.426097750663757 
1982	 0.427285045385361 
1983	 0.428537100553513 
1984	 0.429837942123413 
1985	 0.431117326021194 
1986	 0.432509362697601 
1987	 0.433964163064957 
1988	 0.435394644737244 
1989	 0.437048077583313 
1990	 0.438838958740234 
1991	 0.440726846456528 
1992	 0.442763596773148 
1993	 0.444958806037903 
1994	 0.447069764137268 
1995	 0.449361592531204 
1996	 0.451672792434692 
1997	 0.453992486000061 
1998	 0.456403344869614 
1999	 0.458957880735397 
2000	 0.461357563734055 
2001	 0.463874727487564 
2002	 0.46613484621048 
2003	 0.468254953622818 
2004	 0.47030445933342 
2005	 0.472173750400543 
2006	 0.474004745483398 
2007	 0.475810676813126 
2008	 0.47745954990387 
2009	 0.479009181261063 
2010	 0.480515986680985 
2011	 0.481842875480652 
2012	 0.483110219240189 
2013	 0.484278529882431 
2014	 0.485327124595642 
2015	 0.486332148313522 
2016	 0.487249165773392 
2017	 0.488107264041901 
2018	 0.488923251628876 
2019	 0.489646345376968 
2020	 0.490271121263504 
2021	 0.490850746631622 
2022	 0.49135285615921 
2023	 0.491795361042023 
2024	 0.492215365171433 
2025	 0.492541581392288 
2026	 0.492810517549515 
2027	 0.493029713630676 
2028	 0.493159055709839 
2029	 0.49317255616188 
2030	 0.493194341659546 
2031	 0.493146330118179 
2032	 0.493087500333786 
2033	 0.493024528026581 
2034	 0.492912709712982 
2035	 0.492748498916626 
2036	 0.492559462785721 
2037	 0.49237072467804 
2038	 0.492160022258759 
2039	 0.491939753293991 
2040	 0.491715759038925 
2041	 0.491476446390152 
2042	 0.491198539733887 
2043	 0.490956276655197 
2044	 0.490725576877594 
2045	 0.490487575531006 
2046	 0.490261197090149 
2047	 0.490023642778397 
2048	 0.489771991968155 
2049	 0.489532649517059 
2050	 0.489287167787552 
2051	 0.489063322544098 
2052	 0.488841205835342 
2053	 0.488615602254868 
2054	 0.488402605056763 
2055	 0.488205105066299 
2056	 0.487985610961914 
2057	 0.487764269113541 
2058	 0.487541735172272 
2059	 0.487279742956162 
2060	 0.487081348896027 
2061	 0.486907809972763 
2062	 0.486754059791565 
2063	 0.486649543046951 
2064	 0.486536592245102 
2065	 0.486423581838608 
2066	 0.486329883337021 
2067	 0.486247301101685 
2068	 0.486193984746933 
2069	 0.486155539751053 
2070	 0.486147671937943 
2071	 0.486130058765411 
2072	 0.486127704381943 
2073	 0.48611855506897 
2074	 0.486102312803268 
2075	 0.486103653907776 
2076	 0.486129820346832 
2077	 0.486128866672516 
2078	 0.486141204833984 
2079	 0.486123532056808 
2080	 0.486075669527054 
2081	 0.486018687486649 
2082	 0.48594731092453 
2083	 0.485864013433456 
2084	 0.485760599374771 
2085	 0.485661536455154 
2086	 0.485525518655777 
2087	 0.485352516174316 
2088	 0.485198378562927 
2089	 0.485035568475723 
2090	 0.484855949878693 
2091	 0.484695106744766 
2092	 0.484493583440781 
2093	 0.48424020409584 
2094	 0.484004765748978 
2095	 0.483756691217422 
2096	 0.483510255813599 
2097	 0.483263581991196 
2098	 0.483021169900894 
2099	 0.482783615589142 
2100	 0.482504189014435 
2101	 0.482232987880707 
2102	 0.481955051422119 
2103	 0.481677800416946 
2104	 0.481375724077225 
2105	 0.481122434139252 
2106	 0.480912357568741 
2107	 0.480646312236786 
2108	 0.48041045665741 
2109	 0.480104804039001 
2110	 0.479710251092911 
2111	 0.479357093572617 
2112	 0.478958249092102 
2113	 0.478616505861282 
2114	 0.478323072195053 
2115	 0.478019237518311 
2116	 0.47772416472435 
2117	 0.477479368448257 
2118	 0.477178543806076 
2119	 0.476848185062408 
2120	 0.4765445291996 
2121	 0.47623610496521 
2122	 0.475921839475632 
2123	 0.475630611181259 
2124	 0.475302875041962 
2125	 0.474960684776306 
2126	 0.474594414234161 
2127	 0.474199116230011 
2128	 0.473808735609055 
2129	 0.473401725292206 
2130	 0.47298064827919 
2131	 0.472556442022324 
2132	 0.472120881080627 
2133	 0.471686512231827 
2134	 0.47121325135231 
2135	 0.470671743154526 
2136	 0.470164120197296 
2137	 0.469649463891983 
2138	 0.469085067510605 
2139	 0.468577355146408 
2140	 0.468120247125626 
2141	 0.467631489038467 
2142	 0.467157751321793 
2143	 0.466641515493393 
2144	 0.466101378202438 
2145	 0.465568959712982 
2146	 0.46497368812561 
2147	 0.464453995227814 
2148	 0.463985830545425 
2149	 0.463508397340775 
2150	 0.463096469640732 
2151	 0.462623119354248 
2152	 0.4621302485466 
2153	 0.461611658334732 
2154	 0.461037278175354 
2155	 0.460457056760788 
2156	 0.45990115404129 
2157	 0.459347307682037 
2158	 0.458771973848343 
2159	 0.458216786384583 
2160	 0.457620680332184 
2161	 0.45696821808815 
2162	 0.456361681222916 
2163	 0.455733329057693 
2164	 0.455166965723038 
2165	 0.454635173082352 
2166	 0.454121351242065 
2167	 0.453659504652023 
2168	 0.453189432621002 
2169	 0.452716171741486 
2170	 0.452283471822739 
2171	 0.451855331659317 
2172	 0.451471626758575 
2173	 0.45114478468895 
2174	 0.450810521841049 
2175	 0.450516372919083 
2176	 0.450290858745575 
2177	 0.450074046850204 
2178	 0.449893862009048 
2179	 0.449734479188919 
2180	 0.449605971574783 
2181	 0.44948747754097 
2182	 0.449397146701813 
2183	 0.449311584234238 
2184	 0.449265658855438 
2185	 0.449168145656586 
2186	 0.449067622423172 
2187	 0.448948919773102 
2188	 0.448789268732071 
2189	 0.448634386062622 
2190	 0.448478549718857 
2191	 0.44831308722496 
2192	 0.44815269112587 
2193	 0.447957545518875 
2194	 0.447762846946716 
2195	 0.447519332170486 
2196	 0.447239100933075 
2197	 0.446907967329025 
2198	 0.44654905796051 
2199	 0.446193665266037 
2200	 0.445796251296997 
2201	 0.445367217063904 
2202	 0.444925159215927 
2203	 0.444450587034225 
2204	 0.443973392248154 
2205	 0.443482607603073 
2206	 0.442980974912643 
2207	 0.442462235689163 
2208	 0.441939532756805 
2209	 0.441416651010513 
2210	 0.440865755081177 
2211	 0.440300822257996 
2212	 0.439724206924438 
2213	 0.439055413007736 
2214	 0.43851026892662 
2215	 0.438023805618286 
2216	 0.437538951635361 
2217	 0.43715837597847 
2218	 0.436729401350021 
2219	 0.436250299215317 
2220	 0.435810059309006 
2221	 0.435377031564713 
2222	 0.434970319271088 
2223	 0.434592127799988 
2224	 0.434175461530685 
2225	 0.433728724718094 
2226	 0.43318098783493 
2227	 0.432548642158508 
2228	 0.431849956512451 
2229	 0.43103215098381 
2230	 0.430115431547165 
2231	 0.429098784923553 
2232	 0.427973031997681 
2233	 0.426736503839493 
2234	 0.425459980964661 
2235	 0.423923462629318 
2236	 0.422231644392014 
2237	 0.420365661382675 
2238	 0.418190747499466 
2239	 0.41603809595108 
2240	 0.413815230131149 
2241	 0.411422729492188 
2242	 0.409038037061691 
2243	 0.406334698200226 
2244	 0.403311222791672 
2245	 0.400269657373428 
2246	 0.396919459104538 
2247	 0.393652230501175 
2248	 0.390452563762665 
2249	 0.387075006961823 
2250	 0.383600115776062 
2251	 0.3801249563694 
2252	 0.376304596662521 
2253	 0.372605860233307 
2254	 0.368845731019974 
2255	 0.364957273006439 
2256	 0.361344426870346 
2257	 0.357663929462433 
2258	 0.354121446609497 
2259	 0.350742667913437 
2260	 0.347271621227264 
2261	 0.343774825334549 
2262	 0.340433657169342 
2263	 0.336988598108292 
2264	 0.333932369947433 
2265	 0.331147313117981 
2266	 0.328422039747238 
2267	 0.325974524021149 
2268	 0.323504060506821 
2269	 0.321031838655472 
2270	 0.318787932395935 
2271	 0.316669762134552 
2272	 0.314683586359024 
2273	 0.31293448805809 
2274	 0.311183482408524 
2275	 0.309609323740005 
2276	 0.307926386594772 
2277	 0.306289225816727 
2278	 0.304601669311523 
2279	 0.302796065807343 
2280	 0.301039069890976 
2281	 0.299351066350937 
2282	 0.297544777393341 
2283	 0.295690685510635 
2284	 0.293855875730515 
2285	 0.291779726743698 
2286	 0.289702087640762 
2287	 0.287532895803452 
2288	 0.28527820110321 
2289	 0.283209681510925 
2290	 0.281076729297638 
2291	 0.278981447219849 
2292	 0.276981890201569 
2293	 0.274835795164108 
2294	 0.27277809381485 
2295	 0.270796537399292 
2296	 0.268831998109818 
2297	 0.267126172780991 
2298	 0.265570133924484 
2299	 0.264209926128387 
2300	 0.263060003519058 
2301	 0.262098371982574 
2302	 0.261297136545181 
2303	 0.26076477766037 
2304	 0.260471165180206 
2305	 0.260395675897598 
2306	 0.260594397783279 
2307	 0.26094913482666 
2308	 0.261501312255859 
2309	 0.262295365333557 
2310	 0.263311624526978 
2311	 0.264549285173416 
2312	 0.266098976135254 
2313	 0.267747581005096 
2314	 0.269619435071945 
2315	 0.271607100963593 
2316	 0.273818492889404 
2317	 0.276012480258942 
2318	 0.278472274541855 
2319	 0.280628710985184 
2320	 0.282828032970428 
2321	 0.284681499004364 
2322	 0.286259919404984 
2323	 0.287678092718124 
2324	 0.288819283246994 
2325	 0.289824575185776 
2326	 0.290656208992004 
2327	 0.291324883699417 
2328	 0.291759938001633 
2329	 0.292133003473282 
2330	 0.292358577251434 
2331	 0.292469292879105 
2332	 0.292476862668991 
2333	 0.292417645454407 
2334	 0.292239218950272 
2335	 0.292015910148621 
2336	 0.291801542043686 
2337	 0.291544377803802 
2338	 0.291334211826324 
2339	 0.290997356176376 
2340	 0.290544122457504 
2341	 0.290109395980835 
2342	 0.289590805768967 
2343	 0.289168119430542 
2344	 0.288940876722336 
2345	 0.288767516613007 
2346	 0.28872549533844 
2347	 0.288875311613083 
2348	 0.289119035005569 
2349	 0.289553701877594 
2350	 0.290237337350845 
2351	 0.29114043712616 
2352	 0.292331606149673 
2353	 0.293706715106964 
2354	 0.295033842325211 
2355	 0.296485960483551 
2356	 0.297849327325821 
2357	 0.299132525920868 
2358	 0.300560235977173 
2359	 0.301680117845535 
2360	 0.302563905715942 
2361	 0.303357601165771 
2362	 0.303941667079926 
2363	 0.304431766271591 
2364	 0.304844558238983 
2365	 0.305049777030945 
2366	 0.305109441280365 
2367	 0.305225819349289 
2368	 0.305327117443085 
2369	 0.305403530597687 
2370	 0.305490911006927 
2371	 0.305432438850403 
2372	 0.305336803197861 
2373	 0.305237233638763 
2374	 0.305056691169739 
2375	 0.304881662130356 
2376	 0.304651498794556 
2377	 0.30435386300087 
2378	 0.304030269384384 
2379	 0.303610652685165 
2380	 0.303141474723816 
2381	 0.302648454904556 
2382	 0.302120327949524 
2383	 0.301542609930038 
2384	 0.30098882317543 
2385	 0.300385683774948 
2386	 0.299845308065414 
2387	 0.299358695745468 
2388	 0.298830777406693 
2389	 0.298321843147278 
2390	 0.297774434089661 
2391	 0.297242105007172 
2392	 0.29658505320549 
2393	 0.295819461345673 
2394	 0.295082926750183 
2395	 0.294255018234253 
2396	 0.293482631444931 
2397	 0.292791187763214 
2398	 0.292046129703522 
2399	 0.29119348526001 
2400	 0.290515244007111 
2401	 0.289911955595016 
2402	 0.289374262094498 
2403	 0.28887814283371 
2404	 0.288264483213425 
2405	 0.287609487771988 
2406	 0.286997109651566 
2407	 0.28639942407608 
2408	 0.285883873701096 
2409	 0.285421580076218 
2410	 0.284924507141113 
2411	 0.284550040960312 
2412	 0.284273982048035 
2413	 0.283938646316528 
2414	 0.283683240413666 
2415	 0.28339883685112 
2416	 0.282974898815155 
2417	 0.282617330551147 
2418	 0.282259732484818 
2419	 0.281832545995712 
2420	 0.281469702720642 
2421	 0.281224727630615 
2422	 0.280992180109024 
2423	 0.280689120292664 
2424	 0.280407041311264 
2425	 0.280034005641937 
2426	 0.279598295688629 
2427	 0.279367864131927 
2428	 0.279220223426819 
2429	 0.279043167829514 
2430	 0.278808057308197 
2431	 0.278436958789825 
2432	 0.278074353933334 
2433	 0.277709990739822 
2434	 0.277349710464478 
2435	 0.277195960283279 
2436	 0.27700275182724 
2437	 0.276583462953568 
2438	 0.276117533445358 
2439	 0.275460720062256 
2440	 0.27470862865448 
2441	 0.274284392595291 
2442	 0.274075359106064 
2443	 0.273785710334778 
2444	 0.273397028446198 
2445	 0.272925674915314 
2446	 0.272408574819565 
2447	 0.27194219827652 
2448	 0.271450132131577 
2449	 0.270849496126175 
2450	 0.270227074623108 
2451	 0.269641041755676 
2452	 0.269244760274887 
2453	 0.269010633230209 
2454	 0.268655329942703 
2455	 0.268141448497772 
2456	 0.267527133226395 
2457	 0.266856461763382 
2458	 0.266205370426178 
2459	 0.265549272298813 
2460	 0.264900743961334 
2461	 0.264373600482941 
2462	 0.263927072286606 
2463	 0.263478428125381 
2464	 0.263047903776169 
2465	 0.262486308813095 
2466	 0.261835694313049 
2467	 0.261450439691544 
2468	 0.261378765106201 
2469	 0.261369407176971 
2470	 0.261199176311493 
2471	 0.260932803153992 
2472	 0.260768711566925 
2473	 0.26075804233551 
2474	 0.260950863361359 
2475	 0.261313885450363 
2476	 0.261582791805267 
2477	 0.261666148900986 
2478	 0.261737734079361 
2479	 0.261768728494644 
2480	 0.261832058429718 
2481	 0.261868059635162 
2482	 0.261970549821854 
2483	 0.262038946151733 
2484	 0.262074649333954 
2485	 0.262272983789444 
2486	 0.262512415647507 
2487	 0.262589365243912 
2488	 0.262829273939133 
2489	 0.263374745845795 
2490	 0.263864815235138 
2491	 0.264621376991272 
2492	 0.265349447727203 
2493	 0.265547692775726 
2494	 0.265544354915619 
2495	 0.265599101781845 
2496	 0.26585790514946 
2497	 0.266203850507736 
2498	 0.266919076442719 
2499	 0.267597377300262 
2500	 0.267583340406418 
