Wavelength	Echave.023
350	 0.107042387127876 
351	 0.103254467248917 
352	 9.96867492794991E-02 
353	 9.49121341109276E-02 
354	 8.80456566810608E-02 
355	 8.26848372817039E-02 
356	 8.14329087734222E-02 
357	 8.36190059781075E-02 
358	 8.10244232416153E-02 
359	 7.49838426709175E-02 
360	 6.87966272234917E-02 
361	 6.65183737874031E-02 
362	 6.96892440319061E-02 
363	 6.97332099080086E-02 
364	 6.59276321530342E-02 
365	 6.84531852602959E-02 
366	 6.57504573464394E-02 
367	 6.00602701306343E-02 
368	 5.67124672234058E-02 
369	 0.060404684394598 
370	 6.20311684906483E-02 
371	 6.03631399571896E-02 
372	 5.87124228477478E-02 
373	 5.74613399803638E-02 
374	 5.60669489204884E-02 
375	 5.49650900065899E-02 
376	 5.61066642403603E-02 
377	 0.055398091673851 
378	 0.053370226174593 
379	 5.17895705997944E-02 
380	 5.20769916474819E-02 
381	 5.30083775520325E-02 
382	 5.34409545361996E-02 
383	 5.25593161582947E-02 
384	 5.12777678668499E-02 
385	 5.09013384580612E-02 
386	 5.06399385631084E-02 
387	 4.64928783476353E-02 
388	 4.69559095799923E-02 
389	 4.90204989910126E-02 
390	 4.83285523951054E-02 
391	 0.047408290207386 
392	 4.59426827728748E-02 
393	 4.48957309126854E-02 
394	 4.56439182162285E-02 
395	 4.51521687209606E-02 
396	 4.47178222239017E-02 
397	 4.52072471380234E-02 
398	 4.60789129137993E-02 
399	 4.47420440614223E-02 
400	 0.04322574660182 
401	 4.38124872744083E-02 
402	 4.40690852701664E-02 
403	 4.43148054182529E-02 
404	 4.44181747734547E-02 
405	 4.39667366445065E-02 
406	 4.39189560711384E-02 
407	 4.47608307003975E-02 
408	 4.58471179008484E-02 
409	 4.43578474223614E-02 
410	 4.43837456405163E-02 
411	 4.51041273772717E-02 
412	 4.47073765099049E-02 
413	 4.49139252305031E-02 
414	 4.48486246168613E-02 
415	 4.46153432130814E-02 
416	 4.51916567981243E-02 
417	 4.52449768781662E-02 
418	 4.55003343522549E-02 
419	 4.63075526058674E-02 
420	 4.63581420481205E-02 
421	 4.63394485414028E-02 
422	 4.66508083045483E-02 
423	 4.73970584571362E-02 
424	 4.76659014821053E-02 
425	 4.77864369750023E-02 
426	 4.80248108506203E-02 
427	 0.048454474657774 
428	 4.90476042032242E-02 
429	 4.94256168603897E-02 
430	 4.95196543633938E-02 
431	 5.04374504089355E-02 
432	 5.09250164031982E-02 
433	 5.08675798773766E-02 
434	 5.08610680699348E-02 
435	 5.16394972801209E-02 
436	 5.23093827068806E-02 
437	 5.25536984205246E-02 
438	 5.32106012105942E-02 
439	 5.37064485251904E-02 
440	 5.40517643094063E-02 
441	 5.44264540076256E-02 
442	 0.05501813814044 
443	 5.55189847946167E-02 
444	 5.58901056647301E-02 
445	 0.05632009729743 
446	 5.68893142044544E-02 
447	 5.74484281241894E-02 
448	 0.057900745421648 
449	 5.83292432129383E-02 
450	 5.88695369660854E-02 
451	 5.94431273639202E-02 
452	 5.99123723804951E-02 
453	 0.060377161949873 
454	 6.07256703078747E-02 
455	 6.10532574355602E-02 
456	 6.16825222969055E-02 
457	 6.23405054211617E-02 
458	 6.28287196159363E-02 
459	 6.31308257579803E-02 
460	 6.36930912733078E-02 
461	 6.41976520419121E-02 
462	 6.46251887083054E-02 
463	 6.50927200913429E-02 
464	 6.53574988245964E-02 
465	 6.57119825482368E-02 
466	 6.62405788898468E-02 
467	 6.66245967149735E-02 
468	 6.71235024929047E-02 
469	 6.76331892609596E-02 
470	 6.79968744516373E-02 
471	 6.82624727487564E-02 
472	 6.86469599604607E-02 
473	 6.90607205033302E-02 
474	 6.92077800631523E-02 
475	 6.95308372378349E-02 
476	 7.00139850378037E-02 
477	 7.04947635531425E-02 
478	 7.06370025873184E-02 
479	 7.09027349948883E-02 
480	 7.12186545133591E-02 
481	 0.071367122232914 
482	 7.16297328472137E-02 
483	 7.18812942504883E-02 
484	 7.20892772078514E-02 
485	 7.23551958799362E-02 
486	 7.27071911096573E-02 
487	 7.30392411351204E-02 
488	 7.32716396450996E-02 
489	 7.35152065753937E-02 
490	 7.36218839883804E-02 
491	 7.37139955163002E-02 
492	 0.07402104139328 
493	 7.41763785481453E-02 
494	 7.43401274085045E-02 
495	 7.46037289500237E-02 
496	 7.48525932431221E-02 
497	 0.074952132999897 
498	 7.50329196453094E-02 
499	 7.52492025494576E-02 
500	 7.54617750644684E-02 
501	 7.55305960774422E-02 
502	 7.55359455943108E-02 
503	 7.57257044315338E-02 
504	 7.57489651441574E-02 
505	 7.58140310645103E-02 
506	 7.60233104228973E-02 
507	 7.59752318263054E-02 
508	 7.59828612208366E-02 
509	 7.60207399725914E-02 
510	 7.59487748146057E-02 
511	 7.59308934211731E-02 
512	 7.59294033050537E-02 
513	 0.075898714363575 
514	 7.58031755685806E-02 
515	 7.58945494890213E-02 
516	 7.59410560131073E-02 
517	 7.57508650422096E-02 
518	 7.57128000259399E-02 
519	 7.57220238447189E-02 
520	 7.57521465420723E-02 
521	 7.58280083537102E-02 
522	 7.58755281567574E-02 
523	 7.58577361702919E-02 
524	 7.57948309183121E-02 
525	 7.57945999503136E-02 
526	 7.58877918124199E-02 
527	 7.59914591908455E-02 
528	 7.60071873664856E-02 
529	 7.60207623243332E-02 
530	 7.60344341397285E-02 
531	 7.60612860321999E-02 
532	 7.61296823620796E-02 
533	 7.62471929192543E-02 
534	 7.63388052582741E-02 
535	 0.07635597884655 
536	 7.63675197958946E-02 
537	 7.64111578464508E-02 
538	 7.64719396829605E-02 
539	 7.65058770775795E-02 
540	 7.65113532543182E-02 
541	 7.65190497040749E-02 
542	 7.65286311507225E-02 
543	 7.64827877283096E-02 
544	 7.64364674687386E-02 
545	 7.63875469565392E-02 
546	 7.63188675045967E-02 
547	 7.62235075235367E-02 
548	 7.61529579758644E-02 
549	 7.60985091328621E-02 
550	 7.59998857975006E-02 
551	 7.59124159812927E-02 
552	 7.58380889892578E-02 
553	 7.57537856698036E-02 
554	 7.55856111645699E-02 
555	 7.54984021186829E-02 
556	 7.54563510417938E-02 
557	 7.53416046500206E-02 
558	 7.52250403165817E-02 
559	 7.51251950860024E-02 
560	 7.50581324100494E-02 
561	 7.50413313508034E-02 
562	 7.51107409596443E-02 
563	 7.51413255929947E-02 
564	 7.50564634799957E-02 
565	 7.51222223043442E-02 
566	 7.52151235938072E-02 
567	 7.53192603588104E-02 
568	 7.54965394735336E-02 
569	 7.56737664341927E-02 
570	 7.58562386035919E-02 
571	 7.60577991604805E-02 
572	 7.62856155633926E-02 
573	 7.65136256814003E-02 
574	 7.67263546586037E-02 
575	 7.69240036606789E-02 
576	 7.71704092621803E-02 
577	 7.73653388023376E-02 
578	 7.75047615170479E-02 
579	 7.77035728096962E-02 
580	 7.79154524207115E-02 
581	 7.81205222010612E-02 
582	 7.83176198601723E-02 
583	 7.85476490855217E-02 
584	 7.87887275218964E-02 
585	 0.078990064561367 
586	 7.91014209389687E-02 
587	 7.92344510555267E-02 
588	 7.93663263320923E-02 
589	 7.94839560985565E-02 
590	 7.96202272176743E-02 
591	 0.079701766371727 
592	 7.97423794865608E-02 
593	 7.97811970114708E-02 
594	 0.079835332930088 
595	 7.98732042312622E-02 
596	 7.99049660563469E-02 
597	 7.99732357263565E-02 
598	 7.99936652183533E-02 
599	 8.00042152404785E-02 
600	 8.00404474139214E-02 
601	 8.00720974802971E-02 
602	 8.01575779914856E-02 
603	 8.02676156163216E-02 
604	 8.03511813282967E-02 
605	 8.04999172687531E-02 
606	 8.06426927447319E-02 
607	 8.07703584432602E-02 
608	 8.09651762247086E-02 
609	 8.11667740345001E-02 
610	 8.13921988010406E-02 
611	 8.16662088036537E-02 
612	 8.19770097732544E-02 
613	 8.22945758700371E-02 
614	 8.26397836208344E-02 
615	 8.30593481659889E-02 
616	 8.34927260875702E-02 
617	 8.39594677090645E-02 
618	 8.44681039452553E-02 
619	 8.49894806742668E-02 
620	 8.55355113744736E-02 
621	 8.61368328332901E-02 
622	 8.68074297904968E-02 
623	 8.74505117535591E-02 
624	 8.81227403879166E-02 
625	 8.88494923710823E-02 
626	 8.96189138293266E-02 
627	 0.090414747595787 
628	 0.09123395383358 
629	 9.20821726322174E-02 
630	 9.29801911115646E-02 
631	 9.38805341720581E-02 
632	 9.48037281632423E-02 
633	 9.57877561450005E-02 
634	 9.67688038945198E-02 
635	 9.77895185351372E-02 
636	 9.88599061965942E-02 
637	 9.99361649155617E-02 
638	 0.101012505590916 
639	 0.102106481790543 
640	 0.103234998881817 
641	 0.104391075670719 
642	 0.105567142367363 
643	 0.106751978397369 
644	 0.107938952744007 
645	 0.109168000519276 
646	 0.110396817326546 
647	 0.111604504287243 
648	 0.112815536558628 
649	 0.114093989133835 
650	 0.11538203805685 
651	 0.116620227694511 
652	 0.117921724915504 
653	 0.119197234511375 
654	 0.12043508887291 
655	 0.121689796447754 
656	 0.122961610555649 
657	 0.124224402010441 
658	 0.125473767518997 
659	 0.126763746142387 
660	 0.128063023090363 
661	 0.129328891634941 
662	 0.130536958575249 
663	 0.131777346134186 
664	 0.133038476109505 
665	 0.134284570813179 
666	 0.135468751192093 
667	 0.136703804135323 
668	 0.137934848666191 
669	 0.139109179377556 
670	 0.140263840556145 
671	 0.141443699598312 
672	 0.142644077539444 
673	 0.143832832574844 
674	 0.144961774349213 
675	 0.146099075675011 
676	 0.147247314453125 
677	 0.148320689797401 
678	 0.149432525038719 
679	 0.150551110506058 
680	 0.151630133390427 
681	 0.15268486738205 
682	 0.153775632381439 
683	 0.154879182577133 
684	 0.155932053923607 
685	 0.156967490911484 
686	 0.157966732978821 
687	 0.158959820866585 
688	 0.160050928592682 
689	 0.161044523119926 
690	 0.161996245384216 
691	 0.162996679544449 
692	 0.164007261395454 
693	 0.165003269910812 
694	 0.165962606668472 
695	 0.166877835988998 
696	 0.167842894792557 
697	 0.16876956820488 
698	 0.16963517665863 
699	 0.170555055141449 
700	 0.171460375189781 
701	 0.172344952821732 
702	 0.173211544752121 
703	 0.174023136496544 
704	 0.174845695495605 
705	 0.17567390203476 
706	 0.176454171538353 
707	 0.177184551954269 
708	 0.177911221981049 
709	 0.17865027487278 
710	 0.179355815052986 
711	 0.180046781897545 
712	 0.18072672188282 
713	 0.181386858224869 
714	 0.181984156370163 
715	 0.182563409209251 
716	 0.183150053024292 
717	 0.183747187256813 
718	 0.184325411915779 
719	 0.184818416833878 
720	 0.185239434242249 
721	 0.18573834002018 
722	 0.186261475086212 
723	 0.186759665608406 
724	 0.187202244997025 
725	 0.187637627124786 
726	 0.188055828213692 
727	 0.188469439744949 
728	 0.188896149396896 
729	 0.189234092831612 
730	 0.189582481980324 
731	 0.189981669187546 
732	 0.190333068370819 
733	 0.190663442015648 
734	 0.190976992249489 
735	 0.191283032298088 
736	 0.191627025604248 
737	 0.19194470345974 
738	 0.192236199975014 
739	 0.192538052797318 
740	 0.192782610654831 
741	 0.19303297996521 
742	 0.193306550383568 
743	 0.193529859185219 
744	 0.193770602345467 
745	 0.194035142660141 
746	 0.194303184747696 
747	 0.194526344537735 
748	 0.194743663072586 
749	 0.194973364472389 
750	 0.195214912295341 
751	 0.19543132185936 
752	 0.195641025900841 
753	 0.195861145853996 
754	 0.196098446846008 
755	 0.196322530508041 
756	 0.196536973118782 
757	 0.196743965148926 
758	 0.19691064953804 
759	 0.197098031640053 
760	 0.197319731116295 
761	 0.197554752230644 
762	 0.19773967564106 
763	 0.197892799973488 
764	 0.19804859161377 
765	 0.198245853185654 
766	 0.19840507209301 
767	 0.198560103774071 
768	 0.198744729161263 
769	 0.198944285511971 
770	 0.199122726917267 
771	 0.19927541911602 
772	 0.199416488409042 
773	 0.199574500322342 
774	 0.199752688407898 
775	 0.199936971068382 
776	 0.200102612376213 
777	 0.200255364179611 
778	 0.20041635632515 
779	 0.200585544109344 
780	 0.200722485780716 
781	 0.200885221362114 
782	 0.20105829834938 
783	 0.201213136315346 
784	 0.201355934143066 
785	 0.201480478048325 
786	 0.201630815863609 
787	 0.201850458979607 
788	 0.201960638165474 
789	 0.202104315161705 
790	 0.202294155955315 
791	 0.202364400029182 
792	 0.202531635761261 
793	 0.202712893486023 
794	 0.202831700444221 
795	 0.202984243631363 
796	 0.203110784292221 
797	 0.203226193785667 
798	 0.203362688422203 
799	 0.203495770692825 
800	 0.203652143478394 
801	 0.20381960272789 
802	 0.203958094120026 
803	 0.204081639647484 
804	 0.204207882285118 
805	 0.204353839159012 
806	 0.204533621668816 
807	 0.204668998718262 
808	 0.204786643385887 
809	 0.20492134988308 
810	 0.205042690038681 
811	 0.205183237791061 
812	 0.205327287316322 
813	 0.205448463559151 
814	 0.205595716834068 
815	 0.205722942948341 
816	 0.205838397145271 
817	 0.205994337797165 
818	 0.206112086772919 
819	 0.206221222877502 
820	 0.206346824765205 
821	 0.206479236483574 
822	 0.206582769751549 
823	 0.206714391708374 
824	 0.206905052065849 
825	 0.207024604082108 
826	 0.207176104187965 
827	 0.207336112856865 
828	 0.207443609833717 
829	 0.207582995295525 
830	 0.207721471786499 
831	 0.20785741508007 
832	 0.208016529679298 
833	 0.208149820566177 
834	 0.208265483379364 
835	 0.208372995257378 
836	 0.20846962928772 
837	 0.208628073334694 
838	 0.208796739578247 
839	 0.208927720785141 
840	 0.209078177809715 
841	 0.20922127366066 
842	 0.209350779652596 
843	 0.209472313523293 
844	 0.209602400660515 
845	 0.209755778312683 
846	 0.209911942481995 
847	 0.210034191608429 
848	 0.210180878639221 
849	 0.210315734148026 
850	 0.210429981350899 
851	 0.210562825202942 
852	 0.210768491029739 
853	 0.210963293910027 
854	 0.211094334721565 
855	 0.211235865950584 
856	 0.211392089724541 
857	 0.211543679237366 
858	 0.211682453751564 
859	 0.211877062916756 
860	 0.212065503001213 
861	 0.212235063314438 
862	 0.212397456169128 
863	 0.212532699108124 
864	 0.212697476148605 
865	 0.212903186678886 
866	 0.213111609220505 
867	 0.213249117136002 
868	 0.21337366104126 
869	 0.213535770773888 
870	 0.213744223117828 
871	 0.213933601975441 
872	 0.214110940694809 
873	 0.214297711849213 
874	 0.214510977268219 
875	 0.214684888720512 
876	 0.214859783649445 
877	 0.215075239539146 
878	 0.215234041213989 
879	 0.215453058481216 
880	 0.21568700671196 
881	 0.215843677520752 
882	 0.216042295098305 
883	 0.216255411505699 
884	 0.216455727815628 
885	 0.216632783412933 
886	 0.216863691806793 
887	 0.217069149017334 
888	 0.217228725552559 
889	 0.217407509684563 
890	 0.217589855194092 
891	 0.217812672257423 
892	 0.218065246939659 
893	 0.218247681856155 
894	 0.21843846142292 
895	 0.218641668558121 
896	 0.218845680356026 
897	 0.219047501683235 
898	 0.219246298074722 
899	 0.219468653202057 
900	 0.219724163413048 
901	 0.219926953315735 
902	 0.220126405358315 
903	 0.220332413911819 
904	 0.220533758401871 
905	 0.220717862248421 
906	 0.220979630947113 
907	 0.221249610185623 
908	 0.221384838223457 
909	 0.221656024456024 
910	 0.221910089254379 
911	 0.222101330757141 
912	 0.222331777215004 
913	 0.222601756453514 
914	 0.222839742898941 
915	 0.223047107458115 
916	 0.223333463072777 
917	 0.223626583814621 
918	 0.223869368433952 
919	 0.224048733711243 
920	 0.22422231733799 
921	 0.224479153752327 
922	 0.224775344133377 
923	 0.225039288401604 
924	 0.225231051445007 
925	 0.225460082292557 
926	 0.225732013583183 
927	 0.226009383797646 
928	 0.226241111755371 
929	 0.226510390639305 
930	 0.226784899830818 
931	 0.227004647254944 
932	 0.227220192551613 
933	 0.227426782250404 
934	 0.227647840976715 
935	 0.227909728884697 
936	 0.228174224495888 
937	 0.228443190455437 
938	 0.228699430823326 
939	 0.228932410478592 
940	 0.229283362627029 
941	 0.229528024792671 
942	 0.229669228196144 
943	 0.229907855391502 
944	 0.230116844177246 
945	 0.230362087488174 
946	 0.230670675635338 
947	 0.230992913246155 
948	 0.231150701642036 
949	 0.231264516711235 
950	 0.231445997953415 
951	 0.231718555092812 
952	 0.23194245994091 
953	 0.232179746031761 
954	 0.232458785176277 
955	 0.232705175876617 
956	 0.232911542057991 
957	 0.23308390378952 
958	 0.233247503638268 
959	 0.233447253704071 
960	 0.233701452612877 
961	 0.23397134244442 
962	 0.234183877706528 
963	 0.234234392642975 
964	 0.234493255615234 
965	 0.234775021672249 
966	 0.234903857111931 
967	 0.235073789954185 
968	 0.235258653759956 
969	 0.235491260886192 
970	 0.235755577683449 
971	 0.235886171460152 
972	 0.236083298921585 
973	 0.236286893486977 
974	 0.236409366130829 
975	 0.236513167619705 
976	 0.236711531877518 
977	 0.236899673938751 
978	 0.237014040350914 
979	 0.23736073076725 
980	 0.237550139427185 
981	 0.237657889723778 
982	 0.237848818302155 
983	 0.238023236393929 
984	 0.238177642226219 
985	 0.238360315561295 
986	 0.238608166575432 
987	 0.238867446780205 
988	 0.239002794027328 
989	 0.23912738263607 
990	 0.239356175065041 
991	 0.239470347762108 
992	 0.239665776491165 
993	 0.239902183413506 
994	 0.240077272057533 
995	 0.24019019305706 
996	 0.240393161773682 
997	 0.240558072924614 
998	 0.240585789084435 
999	 0.240817323327065 
1000	 0.241126701235771 
1001	 0.234393358230591 
1002	 0.234517022967339 
1003	 0.234712690114975 
1004	 0.234877482056618 
1005	 0.2350814640522 
1006	 0.235255062580109 
1007	 0.23539225757122 
1008	 0.235555320978165 
1009	 0.235762357711792 
1010	 0.235908135771751 
1011	 0.236020609736443 
1012	 0.236151099205017 
1013	 0.23623925447464 
1014	 0.236355125904083 
1015	 0.236500889062881 
1016	 0.236645147204399 
1017	 0.236754328012466 
1018	 0.236886456608772 
1019	 0.237038195133209 
1020	 0.237155631184578 
1021	 0.237256214022636 
1022	 0.237339600920677 
1023	 0.23744960129261 
1024	 0.237547561526299 
1025	 0.237650826573372 
1026	 0.237786829471588 
1027	 0.237891882658005 
1028	 0.237973839044571 
1029	 0.238053515553474 
1030	 0.238123953342438 
1031	 0.238217934966087 
1032	 0.238310292363167 
1033	 0.238368660211563 
1034	 0.238438993692398 
1035	 0.238553449511528 
1036	 0.238698065280914 
1037	 0.238921985030174 
1038	 0.239045724272728 
1039	 0.239147573709488 
1040	 0.239245891571045 
1041	 0.239269822835922 
1042	 0.239337041974068 
1043	 0.239428758621216 
1044	 0.239545598626137 
1045	 0.23964561522007 
1046	 0.239754036068916 
1047	 0.239849388599396 
1048	 0.239963725209236 
1049	 0.24007810652256 
1050	 0.240182906389236 
1051	 0.240311190485954 
1052	 0.240378767251968 
1053	 0.240477591753006 
1054	 0.240592360496521 
1055	 0.24069082736969 
1056	 0.240792199969292 
1057	 0.240897744894028 
1058	 0.241000324487686 
1059	 0.241067051887512 
1060	 0.241171270608902 
1061	 0.241266503930092 
1062	 0.241367623209953 
1063	 0.241469338536263 
1064	 0.241530939936638 
1065	 0.241611838340759 
1066	 0.241711661219597 
1067	 0.241769179701805 
1068	 0.241846680641174 
1069	 0.241937637329102 
1070	 0.242003545165062 
1071	 0.242047548294067 
1072	 0.24212221801281 
1073	 0.242172688245773 
1074	 0.242217198014259 
1075	 0.242315635085106 
1076	 0.242390468716621 
1077	 0.242437481880188 
1078	 0.242490261793137 
1079	 0.242567986249924 
1080	 0.242651224136353 
1081	 0.242730721831322 
1082	 0.242826074361801 
1083	 0.242906332015991 
1084	 0.242946475744247 
1085	 0.242989853024483 
1086	 0.24305522441864 
1087	 0.243135213851929 
1088	 0.243199869990349 
1089	 0.243277475237846 
1090	 0.243382260203362 
1091	 0.243477091193199 
1092	 0.243551596999168 
1093	 0.243618816137314 
1094	 0.243681564927101 
1095	 0.243729531764984 
1096	 0.243786111474037 
1097	 0.243852481245995 
1098	 0.243899345397949 
1099	 0.243963345885277 
1100	 0.244011759757996 
1101	 0.244054406881332 
1102	 0.244137927889824 
1103	 0.244197100400925 
1104	 0.244243636727333 
1105	 0.244295418262482 
1106	 0.244355112314224 
1107	 0.244386598467827 
1108	 0.244433850049973 
1109	 0.244500488042831 
1110	 0.244557932019234 
1111	 0.244622334837914 
1112	 0.244698598980904 
1113	 0.244758352637291 
1114	 0.24481925368309 
1115	 0.244875222444534 
1116	 0.244911149144173 
1117	 0.244950994849205 
1118	 0.244988217949867 
1119	 0.245021566748619 
1120	 0.245047926902771 
1121	 0.245067298412323 
1122	 0.245096608996391 
1123	 0.245124742388725 
1124	 0.245156332850456 
1125	 0.245215252041817 
1126	 0.24526435136795 
1127	 0.245295464992523 
1128	 0.24532362818718 
1129	 0.245339348912239 
1130	 0.245344445109367 
1131	 0.245349735021591 
1132	 0.245380267500877 
1133	 0.245401993393898 
1134	 0.245399937033653 
1135	 0.245411962270737 
1136	 0.245426848530769 
1137	 0.245432481169701 
1138	 0.245440170168877 
1139	 0.245451778173447 
1140	 0.245456010103226 
1141	 0.245471373200417 
1142	 0.2454903870821 
1143	 0.24548576772213 
1144	 0.245491147041321 
1145	 0.245504677295685 
1146	 0.245506629347801 
1147	 0.245522379875183 
1148	 0.245539948344231 
1149	 0.245522141456604 
1150	 0.245494946837425 
1151	 0.245489239692688 
1152	 0.245484471321106 
1153	 0.245481595396996 
1154	 0.245477676391602 
1155	 0.245492607355118 
1156	 0.245479121804237 
1157	 0.245450720191002 
1158	 0.245419934391975 
1159	 0.245379120111465 
1160	 0.245329201221466 
1161	 0.245279341936111 
1162	 0.245226606726646 
1163	 0.245157808065414 
1164	 0.245092377066612 
1165	 0.245039567351341 
1166	 0.24497777223587 
1167	 0.244924336671829 
1168	 0.244878008961678 
1169	 0.244816899299622 
1170	 0.244751423597336 
1171	 0.244672030210495 
1172	 0.244573637843132 
1173	 0.244484484195709 
1174	 0.244385555386543 
1175	 0.244298115372658 
1176	 0.244224816560745 
1177	 0.244141176342964 
1178	 0.244051694869995 
1179	 0.243963196873665 
1180	 0.243885785341263 
1181	 0.243808284401894 
1182	 0.243759080767632 
1183	 0.243726670742035 
1184	 0.243693351745605 
1185	 0.243682637810707 
1186	 0.243673920631409 
1187	 0.24367344379425 
1188	 0.243677482008934 
1189	 0.243690863251686 
1190	 0.243705213069916 
1191	 0.243712276220322 
1192	 0.243748858571053 
1193	 0.243800908327103 
1194	 0.24385991692543 
1195	 0.243953466415405 
1196	 0.244027137756348 
1197	 0.244087472558022 
1198	 0.244158327579498 
1199	 0.244252741336823 
1200	 0.244344308972359 
1201	 0.244430884718895 
1202	 0.244526371359825 
1203	 0.244621142745018 
1204	 0.244712188839912 
1205	 0.244811743497849 
1206	 0.244931429624557 
1207	 0.245041832327843 
1208	 0.2451431453228 
1209	 0.245251268148422 
1210	 0.245356172323227 
1211	 0.24548664689064 
1212	 0.245627388358116 
1213	 0.245774284005165 
1214	 0.245937362313271 
1215	 0.246109649538994 
1216	 0.246297657489777 
1217	 0.246475428342819 
1218	 0.246658891439438 
1219	 0.246856316924095 
1220	 0.247024074196815 
1221	 0.247169449925423 
1222	 0.247335806488991 
1223	 0.247488886117935 
1224	 0.247643366456032 
1225	 0.247799351811409 
1226	 0.247953400015831 
1227	 0.24810317158699 
1228	 0.248249351978302 
1229	 0.248400390148163 
1230	 0.248538911342621 
1231	 0.248665511608124 
1232	 0.248792514204979 
1233	 0.248920202255249 
1234	 0.249031841754913 
1235	 0.249127104878426 
1236	 0.249233111739159 
1237	 0.24932549893856 
1238	 0.249431371688843 
1239	 0.249556034803391 
1240	 0.249676376581192 
1241	 0.249780386686325 
1242	 0.249876499176025 
1243	 0.249971881508827 
1244	 0.250052809715271 
1245	 0.25013867020607 
1246	 0.250237345695496 
1247	 0.25030928850174 
1248	 0.250360041856766 
1249	 0.25042337179184 
1250	 0.250474065542221 
1251	 0.250536620616913 
1252	 0.250615298748016 
1253	 0.250681012868881 
1254	 0.250754058361053 
1255	 0.25080543756485 
1256	 0.25083327293396 
1257	 0.250873863697052 
1258	 0.250903427600861 
1259	 0.250939637422562 
1260	 0.250985234975815 
1261	 0.251032471656799 
1262	 0.251070469617844 
1263	 0.25112709403038 
1264	 0.25118687748909 
1265	 0.251262784004211 
1266	 0.251320034265518 
1267	 0.25137796998024 
1268	 0.251426666975021 
1269	 0.251447200775146 
1270	 0.251509964466095 
1271	 0.251589834690094 
1272	 0.251669198274612 
1273	 0.251775771379471 
1274	 0.251866459846497 
1275	 0.251954764127731 
1276	 0.252032339572906 
1277	 0.252104103565216 
1278	 0.252173900604248 
1279	 0.252231031656265 
1280	 0.252291113138199 
1281	 0.252359807491302 
1282	 0.252416282892227 
1283	 0.252445816993713 
1284	 0.252500772476196 
1285	 0.252564162015915 
1286	 0.252630203962326 
1287	 0.252700120210648 
1288	 0.252795428037643 
1289	 0.252860754728317 
1290	 0.25290709733963 
1291	 0.252967327833176 
1292	 0.253025561571121 
1293	 0.253084480762482 
1294	 0.253146916627884 
1295	 0.253209471702576 
1296	 0.253278374671936 
1297	 0.253329545259476 
1298	 0.253369390964508 
1299	 0.253418743610382 
1300	 0.253456085920334 
1301	 0.253502607345581 
1302	 0.253568410873413 
1303	 0.253621369600296 
1304	 0.253668069839478 
1305	 0.253712713718414 
1306	 0.253751486539841 
1307	 0.253792017698288 
1308	 0.253828883171082 
1309	 0.253869831562042 
1310	 0.253906697034836 
1311	 0.253949224948883 
1312	 0.253972291946411 
1313	 0.253979057073593 
1314	 0.254005312919617 
1315	 0.254028826951981 
1316	 0.254055321216583 
1317	 0.254092782735825 
1318	 0.254129618406296 
1319	 0.254157423973084 
1320	 0.25419881939888 
1321	 0.254265457391739 
1322	 0.254305362701416 
1323	 0.254333943128586 
1324	 0.254366248846054 
1325	 0.254387825727463 
1326	 0.254412144422531 
1327	 0.254448086023331 
1328	 0.254468888044357 
1329	 0.254483461380005 
1330	 0.254488497972488 
1331	 0.254483699798584 
1332	 0.254473745822906 
1333	 0.254455476999283 
1334	 0.25442910194397 
1335	 0.254406630992889 
1336	 0.254377096891403 
1337	 0.25436082482338 
1338	 0.254353761672974 
1339	 0.254333585500717 
1340	 0.254318058490753 
1341	 0.25428968667984 
1342	 0.254248976707459 
1343	 0.254209458827972 
1344	 0.254175335168839 
1345	 0.254117429256439 
1346	 0.254050940275192 
1347	 0.25396916270256 
1348	 0.253871828317642 
1349	 0.253762006759644 
1350	 0.253635436296463 
1351	 0.253506243228912 
1352	 0.253362685441971 
1353	 0.253217607736588 
1354	 0.25306624174118 
1355	 0.252917051315308 
1356	 0.252754479646683 
1357	 0.252605885267258 
1358	 0.252454102039337 
1359	 0.252323269844055 
1360	 0.252201706171036 
1361	 0.252101898193359 
1362	 0.252009660005569 
1363	 0.251937478780746 
1364	 0.251860976219177 
1365	 0.251790642738342 
1366	 0.251723647117615 
1367	 0.251660108566284 
1368	 0.251602828502655 
1369	 0.251551479101181 
1370	 0.251500904560089 
1371	 0.251454710960388 
1372	 0.251410871744156 
1373	 0.251382857561111 
1374	 0.251326411962509 
1375	 0.251270323991776 
1376	 0.25118824839592 
1377	 0.25108677148819 
1378	 0.2509625852108 
1379	 0.250807225704193 
1380	 0.25066077709198 
1381	 0.250463247299194 
1382	 0.250330120325089 
1383	 0.250232011079788 
1384	 0.250139057636261 
1385	 0.2500921189785 
1386	 0.250028550624847 
1387	 0.249962076544762 
1388	 0.249897658824921 
1389	 0.249832674860954 
1390	 0.249770820140839 
1391	 0.249718174338341 
1392	 0.249650239944458 
1393	 0.249589204788208 
1394	 0.249534204602242 
1395	 0.24947789311409 
1396	 0.249431759119034 
1397	 0.24935607612133 
1398	 0.249277949333191 
1399	 0.249171689152718 
1400	 0.249044388532639 
1401	 0.248894900083542 
1402	 0.248729720711708 
1403	 0.248539984226227 
1404	 0.248321577906609 
1405	 0.248092114925385 
1406	 0.24784591794014 
1407	 0.247583150863647 
1408	 0.247296243906021 
1409	 0.247007325291634 
1410	 0.246704563498497 
1411	 0.246395096182823 
1412	 0.246086806058884 
1413	 0.245756268501282 
1414	 0.245411559939384 
1415	 0.245053321123123 
1416	 0.244672238826752 
1417	 0.244287475943565 
1418	 0.243900239467621 
1419	 0.243489727377892 
1420	 0.243058398365974 
1421	 0.242628276348114 
1422	 0.242182701826096 
1423	 0.241732150316238 
1424	 0.24129182100296 
1425	 0.240817651152611 
1426	 0.240356579422951 
1427	 0.239882960915565 
1428	 0.239399701356888 
1429	 0.238951787352562 
1430	 0.238499373197556 
1431	 0.238045752048492 
1432	 0.237607732415199 
1433	 0.237183809280396 
1434	 0.236760020256042 
1435	 0.236348226666451 
1436	 0.235920697450638 
1437	 0.235492572188377 
1438	 0.235065847635269 
1439	 0.234627693891525 
1440	 0.234199076890945 
1441	 0.233750849962234 
1442	 0.233364105224609 
1443	 0.232953950762749 
1444	 0.232670709490776 
1445	 0.232442170381546 
1446	 0.232323542237282 
1447	 0.232284754514694 
1448	 0.232360422611237 
1449	 0.232542216777802 
1450	 0.232815876603127 
1451	 0.233220383524895 
1452	 0.233669996261597 
1453	 0.234251067042351 
1454	 0.234800264239311 
1455	 0.235417008399963 
1456	 0.235993072390556 
1457	 0.236571356654167 
1458	 0.237115234136581 
1459	 0.237645179033279 
1460	 0.23814357817173 
1461	 0.238619908690453 
1462	 0.239051029086113 
1463	 0.239448308944702 
1464	 0.239811256527901 
1465	 0.24012103676796 
1466	 0.240415796637535 
1467	 0.240673005580902 
1468	 0.240921005606651 
1469	 0.24116139113903 
1470	 0.241358250379562 
1471	 0.241545438766479 
1472	 0.241713553667068 
1473	 0.24187345802784 
1474	 0.242009431123734 
1475	 0.242146655917168 
1476	 0.242278203368187 
1477	 0.242403507232666 
1478	 0.24252225458622 
1479	 0.242625772953033 
1480	 0.242729380726814 
1481	 0.242801010608673 
1482	 0.242849722504616 
1483	 0.242884531617165 
1484	 0.242892205715179 
1485	 0.242904543876648 
1486	 0.242895111441612 
1487	 0.242905870079994 
1488	 0.242912277579308 
1489	 0.242941483855247 
1490	 0.242979198694229 
1491	 0.243040651082993 
1492	 0.243112668395042 
1493	 0.24321885406971 
1494	 0.243352204561234 
1495	 0.24350617825985 
1496	 0.243692249059677 
1497	 0.243889912962914 
1498	 0.24412015080452 
1499	 0.244339540600777 
1500	 0.244555294513702 
1501	 0.244800299406052 
1502	 0.245057702064514 
1503	 0.245319947600365 
1504	 0.245611175894737 
1505	 0.24589791893959 
1506	 0.246188044548035 
1507	 0.246471971273422 
1508	 0.246780350804329 
1509	 0.247051015496254 
1510	 0.24730671942234 
1511	 0.247532188892365 
1512	 0.247716441750526 
1513	 0.247900485992432 
1514	 0.248056665062904 
1515	 0.248218476772308 
1516	 0.248380780220032 
1517	 0.248536884784698 
1518	 0.248704984784126 
1519	 0.248842000961304 
1520	 0.248961374163628 
1521	 0.249063953757286 
1522	 0.249151349067688 
1523	 0.249232828617096 
1524	 0.249307304620743 
1525	 0.249382272362709 
1526	 0.249440521001816 
1527	 0.249475494027138 
1528	 0.249534368515015 
1529	 0.249598681926727 
1530	 0.249652177095413 
1531	 0.24971504509449 
1532	 0.249756902456284 
1533	 0.24977570772171 
1534	 0.249812990427017 
1535	 0.249846041202545 
1536	 0.249896034598351 
1537	 0.24995368719101 
1538	 0.250023871660233 
1539	 0.250103533267975 
1540	 0.250196576118469 
1541	 0.250297665596008 
1542	 0.250421941280365 
1543	 0.250571608543396 
1544	 0.250711977481842 
1545	 0.250865012407303 
1546	 0.251018673181534 
1547	 0.251163512468338 
1548	 0.251329928636551 
1549	 0.251523196697235 
1550	 0.251693576574326 
1551	 0.251862823963165 
1552	 0.252030432224274 
1553	 0.252182722091675 
1554	 0.252350330352783 
1555	 0.252537488937378 
1556	 0.252699673175812 
1557	 0.252858847379684 
1558	 0.25300520658493 
1559	 0.253129124641418 
1560	 0.253261297941208 
1561	 0.253387778997421 
1562	 0.253520369529724 
1563	 0.253661215305328 
1564	 0.253788352012634 
1565	 0.253919869661331 
1566	 0.254031836986542 
1567	 0.254112541675568 
1568	 0.254219561815262 
1569	 0.254327327013016 
1570	 0.254440695047379 
1571	 0.25457239151001 
1572	 0.254696547985077 
1573	 0.254820883274078 
1574	 0.254937618970871 
1575	 0.255053073167801 
1576	 0.255165755748749 
1577	 0.255260795354843 
1578	 0.255374789237976 
1579	 0.255502104759216 
1580	 0.255622357130051 
1581	 0.2557492852211 
1582	 0.255872786045074 
1583	 0.25599867105484 
1584	 0.25611013174057 
1585	 0.256213366985321 
1586	 0.256317287683487 
1587	 0.256402969360352 
1588	 0.256501823663712 
1589	 0.256610363721848 
1590	 0.256718009710312 
1591	 0.256831675767899 
1592	 0.256939798593521 
1593	 0.25704824924469 
1594	 0.257153570652008 
1595	 0.257250368595123 
1596	 0.25735330581665 
1597	 0.257462620735168 
1598	 0.257564395666122 
1599	 0.257655829191208 
1600	 0.257762432098389 
1601	 0.257880657911301 
1602	 0.257985979318619 
1603	 0.258093297481537 
1604	 0.258202821016312 
1605	 0.258296549320221 
1606	 0.258400708436966 
1607	 0.25853243470192 
1608	 0.258636802434921 
1609	 0.258731633424759 
1610	 0.258816063404083 
1611	 0.258874356746674 
1612	 0.258943140506744 
1613	 0.259007215499878 
1614	 0.25907501578331 
1615	 0.259158104658127 
1616	 0.259221881628037 
1617	 0.259271085262299 
1618	 0.259328484535217 
1619	 0.259380102157593 
1620	 0.259428083896637 
1621	 0.259483993053436 
1622	 0.25953084230423 
1623	 0.259574592113495 
1624	 0.259604692459106 
1625	 0.259618818759918 
1626	 0.259638696908951 
1627	 0.259649008512497 
1628	 0.259659200906754 
1629	 0.259671241044998 
1630	 0.259688287973404 
1631	 0.259698688983917 
1632	 0.259716540575027 
1633	 0.259739696979523 
1634	 0.259775012731552 
1635	 0.259813219308853 
1636	 0.259864568710327 
1637	 0.259935319423676 
1638	 0.260005325078964 
1639	 0.260084271430969 
1640	 0.260165691375732 
1641	 0.260273009538651 
1642	 0.260340124368668 
1643	 0.260379165410995 
1644	 0.260428905487061 
1645	 0.26045623421669 
1646	 0.26049068570137 
1647	 0.260558634996414 
1648	 0.260587245225906 
1649	 0.260598450899124 
1650	 0.260584592819214 
1651	 0.260532945394516 
1652	 0.260484933853149 
1653	 0.260430842638016 
1654	 0.260353922843933 
1655	 0.260270178318024 
1656	 0.260164499282837 
1657	 0.260028421878815 
1658	 0.259880036115646 
1659	 0.259718179702759 
1660	 0.259543567895889 
1661	 0.259362697601318 
1662	 0.259147465229034 
1663	 0.258912414312363 
1664	 0.258648961782455 
1665	 0.258357137441635 
1666	 0.258026927709579 
1667	 0.257685750722885 
1668	 0.257282942533493 
1669	 0.256824880838394 
1670	 0.256336480379105 
1671	 0.255785197019577 
1672	 0.25522568821907 
1673	 0.254646867513657 
1674	 0.25402820110321 
1675	 0.253377109766006 
1676	 0.252719670534134 
1677	 0.252035975456238 
1678	 0.251329332590103 
1679	 0.250599592924118 
1680	 0.249855548143387 
1681	 0.249062120914459 
1682	 0.248299017548561 
1683	 0.247544214129448 
1684	 0.246804565191269 
1685	 0.246082067489624 
1686	 0.245352998375893 
1687	 0.244613543152809 
1688	 0.24389123916626 
1689	 0.243162512779236 
1690	 0.242473945021629 
1691	 0.24181292951107 
1692	 0.241187408566475 
1693	 0.240591138601303 
1694	 0.240026548504829 
1695	 0.239484459161758 
1696	 0.238988101482391 
1697	 0.238533034920692 
1698	 0.238092854619026 
1699	 0.237708956003189 
1700	 0.237313196063042 
1701	 0.236918196082115 
1702	 0.23655216395855 
1703	 0.236196458339691 
1704	 0.235862717032433 
1705	 0.235557690262794 
1706	 0.235264375805855 
1707	 0.234990939497948 
1708	 0.234714239835739 
1709	 0.234465539455414 
1710	 0.234243541955948 
1711	 0.234003156423569 
1712	 0.233801797032356 
1713	 0.23359939455986 
1714	 0.233373656868935 
1715	 0.2331572920084 
1716	 0.232913255691528 
1717	 0.232680857181549 
1718	 0.232455149292946 
1719	 0.232224553823471 
1720	 0.232028946280479 
1721	 0.231845885515213 
1722	 0.231659442186356 
1723	 0.231483161449432 
1724	 0.231310814619064 
1725	 0.231145784258842 
1726	 0.231002077460289 
1727	 0.230891183018684 
1728	 0.230820462107658 
1729	 0.230763837695122 
1730	 0.230738595128059 
1731	 0.230784699320793 
1732	 0.230848982930183 
1733	 0.230934530496597 
1734	 0.23109096288681 
1735	 0.23125359416008 
1736	 0.231437176465988 
1737	 0.231664508581161 
1738	 0.231829345226288 
1739	 0.231981098651886 
1740	 0.232096701860428 
1741	 0.232219353318214 
1742	 0.232344508171082 
1743	 0.232467174530029 
1744	 0.232590913772583 
1745	 0.232710480690002 
1746	 0.232806950807571 
1747	 0.232940390706062 
1748	 0.233077436685562 
1749	 0.233236998319626 
1750	 0.233425557613373 
1751	 0.23364046216011 
1752	 0.233879163861275 
1753	 0.234136581420898 
1754	 0.234421163797379 
1755	 0.234712719917297 
1756	 0.235016271471977 
1757	 0.235343098640442 
1758	 0.235671013593674 
1759	 0.2359968572855 
1760	 0.236390367150307 
1761	 0.236819729208946 
1762	 0.237237557768822 
1763	 0.237702935934067 
1764	 0.238153055310249 
1765	 0.238608047366142 
1766	 0.239143133163452 
1767	 0.239666491746902 
1768	 0.240195125341415 
1769	 0.240723833441734 
1770	 0.241217598319054 
1771	 0.241750106215477 
1772	 0.242256417870522 
1773	 0.242750346660614 
1774	 0.243284627795219 
1775	 0.243761360645294 
1776	 0.244237139821053 
1777	 0.244707077741623 
1778	 0.245108798146248 
1779	 0.245514020323753 
1780	 0.245886638760567 
1781	 0.246203944087029 
1782	 0.246525809168816 
1783	 0.246830642223358 
1784	 0.24711374938488 
1785	 0.247432962059975 
1786	 0.247709274291992 
1787	 0.247955963015556 
1788	 0.248191297054291 
1789	 0.248392060399055 
1790	 0.248599529266357 
1791	 0.248791322112083 
1792	 0.249004989862442 
1793	 0.249235585331917 
1794	 0.249437630176544 
1795	 0.249632284045219 
1796	 0.2497947961092 
1797	 0.249960660934448 
1798	 0.250134319067001 
1799	 0.250314384698868 
1800	 0.250451743602753 
1801	 0.247551411390305 
1802	 0.247879907488823 
1803	 0.248189866542816 
1804	 0.248458117246628 
1805	 0.24871926009655 
1806	 0.248954489827156 
1807	 0.249164685606956 
1808	 0.249368354678154 
1809	 0.249560311436653 
1810	 0.249724060297012 
1811	 0.249860629439354 
1812	 0.249997541308403 
1813	 0.250101715326309 
1814	 0.250219494104385 
1815	 0.25034087896347 
1816	 0.250477820634842 
1817	 0.250614762306213 
1818	 0.250768482685089 
1819	 0.250891923904419 
1820	 0.250993579626083 
1821	 0.251119345426559 
1822	 0.25124055147171 
1823	 0.251367390155792 
1824	 0.25150254368782 
1825	 0.251652032136917 
1826	 0.251786440610886 
1827	 0.251903623342514 
1828	 0.252025455236435 
1829	 0.252161741256714 
1830	 0.25227677822113 
1831	 0.252368777990341 
1832	 0.252479135990143 
1833	 0.252593696117401 
1834	 0.252678900957108 
1835	 0.252769112586975 
1836	 0.252862989902496 
1837	 0.252967089414597 
1838	 0.253062903881073 
1839	 0.253189027309418 
1840	 0.253330439329147 
1841	 0.253487795591354 
1842	 0.25367671251297 
1843	 0.253854066133499 
1844	 0.254023551940918 
1845	 0.254188716411591 
1846	 0.254316478967667 
1847	 0.254426896572113 
1848	 0.254538536071777 
1849	 0.25464528799057 
1850	 0.254738658666611 
1851	 0.254832357168198 
1852	 0.25490140914917 
1853	 0.254941254854202 
1854	 0.254965484142303 
1855	 0.254949569702148 
1856	 0.254923343658447 
1857	 0.254895031452179 
1858	 0.254826575517654 
1859	 0.254750847816467 
1860	 0.254686832427979 
1861	 0.254557728767395 
1862	 0.254391223192215 
1863	 0.254204392433167 
1864	 0.253966122865677 
1865	 0.253707438707352 
1866	 0.253419637680054 
1867	 0.253077477216721 
1868	 0.252706438302994 
1869	 0.252302527427673 
1870	 0.251891314983368 
1871	 0.251438468694687 
1872	 0.251033306121826 
1873	 0.250636458396912 
1874	 0.250234514474869 
1875	 0.249889642000198 
1876	 0.249517992138863 
1877	 0.249159827828407 
1878	 0.248758837580681 
1879	 0.248273774981499 
1880	 0.247770726680756 
1881	 0.247192248702049 
1882	 0.246533051133156 
1883	 0.245847553014755 
1884	 0.245117917656898 
1885	 0.244287550449371 
1886	 0.243439093232155 
1887	 0.242488101124763 
1888	 0.24145033955574 
1889	 0.240458458662033 
1890	 0.239391073584557 
1891	 0.238322898745537 
1892	 0.237246915698051 
1893	 0.236058995127678 
1894	 0.234764739871025 
1895	 0.23347544670105 
1896	 0.23211681842804 
1897	 0.230700209736824 
1898	 0.229387015104294 
1899	 0.227999329566956 
1900	 0.226603507995605 
1901	 0.225226283073425 
1902	 0.223732218146324 
1903	 0.222292974591255 
1904	 0.220837518572807 
1905	 0.219351232051849 
1906	 0.217859968543053 
1907	 0.216489762067795 
1908	 0.215059742331505 
1909	 0.213660329580307 
1910	 0.212269395589828 
1911	 0.210746750235558 
1912	 0.209270253777504 
1913	 0.207775041460991 
1914	 0.206242069602013 
1915	 0.204838275909424 
1916	 0.203535914421082 
1917	 0.202217534184456 
1918	 0.200967714190483 
1919	 0.199831500649452 
1920	 0.198667466640472 
1921	 0.197625726461411 
1922	 0.196627423167229 
1923	 0.195690408349037 
1924	 0.194859310984612 
1925	 0.19402639567852 
1926	 0.193205133080482 
1927	 0.192461475729942 
1928	 0.191637262701988 
1929	 0.190779179334641 
1930	 0.189928576350212 
1931	 0.18904909491539 
1932	 0.188145115971565 
1933	 0.187329083681107 
1934	 0.186510592699051 
1935	 0.185748219490051 
1936	 0.185070797801018 
1937	 0.184441059827805 
1938	 0.183830887079239 
1939	 0.183364555239677 
1940	 0.182972133159637 
1941	 0.182687595486641 
1942	 0.182538226246834 
1943	 0.182492688298225 
1944	 0.182532697916031 
1945	 0.182687237858772 
1946	 0.182949438691139 
1947	 0.183278381824493 
1948	 0.183750003576279 
1949	 0.184340626001358 
1950	 0.184992611408234 
1951	 0.185752049088478 
1952	 0.186598539352417 
1953	 0.187522009015083 
1954	 0.188521444797516 
1955	 0.189663246273994 
1956	 0.19080713391304 
1957	 0.191981464624405 
1958	 0.193148329854012 
1959	 0.194202646613121 
1960	 0.195232689380646 
1961	 0.196163222193718 
1962	 0.197000116109848 
1963	 0.197775527834892 
1964	 0.198491498827934 
1965	 0.19909904897213 
1966	 0.199619695544243 
1967	 0.200072184205055 
1968	 0.200417995452881 
1969	 0.20075860619545 
1970	 0.201077818870544 
1971	 0.201393380761147 
1972	 0.201744437217712 
1973	 0.202107101678848 
1974	 0.202499628067017 
1975	 0.202940195798874 
1976	 0.203367546200752 
1977	 0.203808486461639 
1978	 0.204252958297729 
1979	 0.204688370227814 
1980	 0.205140665173531 
1981	 0.205649480223656 
1982	 0.206157237291336 
1983	 0.206715941429138 
1984	 0.207297757267952 
1985	 0.207841694355011 
1986	 0.208413809537888 
1987	 0.209033265709877 
1988	 0.209636971354485 
1989	 0.210352838039398 
1990	 0.211150258779526 
1991	 0.211983203887939 
1992	 0.212886199355125 
1993	 0.21384859085083 
1994	 0.214777961373329 
1995	 0.215791672468185 
1996	 0.216808676719666 
1997	 0.217813342809677 
1998	 0.218862473964691 
1999	 0.219969496130943 
2000	 0.221011981368065 
2001	 0.222113132476807 
2002	 0.223085805773735 
2003	 0.223985850811005 
2004	 0.22485688328743 
2005	 0.225641325116158 
2006	 0.226414710283279 
2007	 0.227188646793365 
2008	 0.227875366806984 
2009	 0.228519573807716 
2010	 0.229132667183876 
2011	 0.229663282632828 
2012	 0.230175718665123 
2013	 0.230641439557076 
2014	 0.2310481518507 
2015	 0.231450989842415 
2016	 0.231815576553345 
2017	 0.232163786888123 
2018	 0.232513964176178 
2019	 0.232813999056816 
2020	 0.233063340187073 
2021	 0.233314499258995 
2022	 0.233526647090912 
2023	 0.233693808317184 
2024	 0.233849853277206 
2025	 0.23396909236908 
2026	 0.234070584177971 
2027	 0.234145611524582 
2028	 0.234200447797775 
2029	 0.234234601259232 
2030	 0.234242483973503 
2031	 0.234217375516891 
2032	 0.234182760119438 
2033	 0.23412199318409 
2034	 0.234052762389183 
2035	 0.233966797590256 
2036	 0.233871161937714 
2037	 0.23377351462841 
2038	 0.233678340911865 
2039	 0.233575493097305 
2040	 0.233477681875229 
2041	 0.233361586928368 
2042	 0.233216941356659 
2043	 0.233101382851601 
2044	 0.232978120446205 
2045	 0.232885152101517 
2046	 0.232827961444855 
2047	 0.232756152749062 
2048	 0.232696950435638 
2049	 0.232630148530006 
2050	 0.232546702027321 
2051	 0.232484221458435 
2052	 0.232424736022949 
2053	 0.232363626360893 
2054	 0.232306808233261 
2055	 0.232259973883629 
2056	 0.232197999954224 
2057	 0.232132345438004 
2058	 0.232064723968506 
2059	 0.23198090493679 
2060	 0.231914982199669 
2061	 0.231854394078255 
2062	 0.231799826025963 
2063	 0.231746226549149 
2064	 0.231711909174919 
2065	 0.231689691543579 
2066	 0.231672093272209 
2067	 0.231679067015648 
2068	 0.231696382164955 
2069	 0.231694981455803 
2070	 0.231691747903824 
2071	 0.23168371617794 
2072	 0.231659159064293 
2073	 0.231649428606033 
2074	 0.231640130281448 
2075	 0.231644809246063 
2076	 0.231672510504723 
2077	 0.231676489114761 
2078	 0.231683224439621 
2079	 0.231677383184433 
2080	 0.231637269258499 
2081	 0.231621891260147 
2082	 0.231626257300377 
2083	 0.231622561812401 
2084	 0.231603965163231 
2085	 0.231569021940231 
2086	 0.231514692306519 
2087	 0.231418803334236 
2088	 0.231342867016792 
2089	 0.231263056397438 
2090	 0.231183767318726 
2091	 0.231108918786049 
2092	 0.231022402644157 
2093	 0.230923041701317 
2094	 0.230834454298019 
2095	 0.230746656656265 
2096	 0.230653882026672 
2097	 0.230571419000626 
2098	 0.230481132864952 
2099	 0.230361759662628 
2100	 0.230238512158394 
2101	 0.230119436979294 
2102	 0.229991763830185 
2103	 0.229865655303001 
2104	 0.2297443151474 
2105	 0.229617103934288 
2106	 0.229486510157585 
2107	 0.229350000619888 
2108	 0.229212284088135 
2109	 0.229068011045456 
2110	 0.228905469179153 
2111	 0.228756606578827 
2112	 0.228613719344139 
2113	 0.228470027446747 
2114	 0.228339120745659 
2115	 0.22819396853447 
2116	 0.228042602539063 
2117	 0.22788242995739 
2118	 0.227726057171822 
2119	 0.227553322911263 
2120	 0.227415904402733 
2121	 0.227299004793167 
2122	 0.227168902754784 
2123	 0.227059319615364 
2124	 0.226925790309906 
2125	 0.226779565215111 
2126	 0.226624950766563 
2127	 0.226460725069046 
2128	 0.226293906569481 
2129	 0.226112484931946 
2130	 0.225933119654655 
2131	 0.225759983062744 
2132	 0.225572749972343 
2133	 0.225373670458794 
2134	 0.225178509950638 
2135	 0.224955767393112 
2136	 0.224737539887428 
2137	 0.224512845277786 
2138	 0.224269568920135 
2139	 0.224048301577568 
2140	 0.22384124994278 
2141	 0.223618000745773 
2142	 0.223394751548767 
2143	 0.223174929618835 
2144	 0.222943753004074 
2145	 0.222721412777901 
2146	 0.222505390644073 
2147	 0.222296416759491 
2148	 0.222102954983711 
2149	 0.221890106797218 
2150	 0.221688777208328 
2151	 0.221464574337006 
2152	 0.221215456724167 
2153	 0.220956563949585 
2154	 0.220705419778824 
2155	 0.220437377691269 
2156	 0.220179557800293 
2157	 0.219920709729195 
2158	 0.21966914832592 
2159	 0.219429492950439 
2160	 0.219166949391365 
2161	 0.21889716386795 
2162	 0.218631997704506 
2163	 0.218345329165459 
2164	 0.218082159757614 
2165	 0.217826336622238 
2166	 0.217587724328041 
2167	 0.217364832758904 
2168	 0.217144787311554 
2169	 0.216929823160172 
2170	 0.216738820075989 
2171	 0.216560930013657 
2172	 0.216389745473862 
2173	 0.21623332798481 
2174	 0.216098964214325 
2175	 0.215968906879425 
2176	 0.215859517455101 
2177	 0.215758889913559 
2178	 0.215688332915306 
2179	 0.215603888034821 
2180	 0.215508490800858 
2181	 0.215446129441261 
2182	 0.21540305018425 
2183	 0.215353816747665 
2184	 0.215333998203278 
2185	 0.215287029743195 
2186	 0.215216636657715 
2187	 0.21516777575016 
2188	 0.215130776166916 
2189	 0.215074151754379 
2190	 0.215034872293472 
2191	 0.214955940842628 
2192	 0.214841514825821 
2193	 0.214727193117142 
2194	 0.214589074254036 
2195	 0.214453369379044 
2196	 0.21432714164257 
2197	 0.214165970683098 
2198	 0.214015752077103 
2199	 0.21386094391346 
2200	 0.213675200939178 
2201	 0.213478580117226 
2202	 0.213256165385246 
2203	 0.212996006011963 
2204	 0.212746277451515 
2205	 0.212479114532471 
2206	 0.212220251560211 
2207	 0.211972370743752 
2208	 0.211698815226555 
2209	 0.211408615112305 
2210	 0.211123958230019 
2211	 0.210812658071518 
2212	 0.210531800985336 
2213	 0.210257455706596 
2214	 0.210009232163429 
2215	 0.209776073694229 
2216	 0.209563434123993 
2217	 0.209401726722717 
2218	 0.209212273359299 
2219	 0.209019020199776 
2220	 0.208837613463402 
2221	 0.208658471703529 
2222	 0.208466187119484 
2223	 0.208300054073334 
2224	 0.208088830113411 
2225	 0.20784455537796 
2226	 0.207584992051125 
2227	 0.207287207245827 
2228	 0.206977427005768 
2229	 0.206595316529274 
2230	 0.206162944436073 
2231	 0.205683052539825 
2232	 0.205141708254814 
2233	 0.204565763473511 
2234	 0.203978359699249 
2235	 0.203281685709953 
2236	 0.202522143721581 
2237	 0.201678201556206 
2238	 0.200712904334068 
2239	 0.199728399515152 
2240	 0.198690146207809 
2241	 0.197591707110405 
2242	 0.196477383375168 
2243	 0.195239573717117 
2244	 0.193886920809746 
2245	 0.192505866289139 
2246	 0.190990433096886 
2247	 0.189498201012611 
2248	 0.188008368015289 
2249	 0.186455503106117 
2250	 0.184866815805435 
2251	 0.183270826935768 
2252	 0.18150819838047 
2253	 0.179803609848022 
2254	 0.178066343069077 
2255	 0.17627289891243 
2256	 0.17461770772934 
2257	 0.172940373420715 
2258	 0.171294614672661 
2259	 0.169706657528877 
2260	 0.168070122599602 
2261	 0.166389063000679 
2262	 0.164810314774513 
2263	 0.163195013999939 
2264	 0.161746129393578 
2265	 0.160438001155853 
2266	 0.159135594964027 
2267	 0.157941415905952 
2268	 0.156730517745018 
2269	 0.155531913042068 
2270	 0.154392555356026 
2271	 0.153271600604057 
2272	 0.152218371629715 
2273	 0.151279404759407 
2274	 0.150268837809563 
2275	 0.149323284626007 
2276	 0.148279592394829 
2277	 0.147137776017189 
2278	 0.146030768752098 
2279	 0.144845068454742 
2280	 0.143738374114037 
2281	 0.142675027251244 
2282	 0.14162640273571 
2283	 0.140620574355125 
2284	 0.139646738767624 
2285	 0.13859635591507 
2286	 0.137616410851479 
2287	 0.136642217636108 
2288	 0.135711893439293 
2289	 0.134914636611938 
2290	 0.134135365486145 
2291	 0.133411720395088 
2292	 0.132708668708801 
2293	 0.131946563720703 
2294	 0.131219506263733 
2295	 0.130512058734894 
2296	 0.129800960421562 
2297	 0.129198551177979 
2298	 0.128678828477859 
2299	 0.128214985132217 
2300	 0.127797350287437 
2301	 0.127501949667931 
2302	 0.127304166555405 
2303	 0.127156123518944 
2304	 0.127110719680786 
2305	 0.127136081457138 
2306	 0.127210065722466 
2307	 0.127395913004875 
2308	 0.127681508660316 
2309	 0.128059893846512 
2310	 0.128533467650414 
2311	 0.129095643758774 
2312	 0.129798263311386 
2313	 0.130526319146156 
2314	 0.131324768066406 
2315	 0.132196694612503 
2316	 0.133164629340172 
2317	 0.134129926562309 
2318	 0.13522832095623 
2319	 0.136186137795448 
2320	 0.13717794418335 
2321	 0.137985169887543 
2322	 0.138641536235809 
2323	 0.13924603164196 
2324	 0.139718815684319 
2325	 0.140123054385185 
2326	 0.140465393662453 
2327	 0.140725612640381 
2328	 0.140876263380051 
2329	 0.140968322753906 
2330	 0.140986829996109 
2331	 0.140936374664307 
2332	 0.14078962802887 
2333	 0.140613257884979 
2334	 0.140350565314293 
2335	 0.140033528208733 
2336	 0.139746531844139 
2337	 0.139382064342499 
2338	 0.139006242156029 
2339	 0.138618797063828 
2340	 0.138177037239075 
2341	 0.137747034430504 
2342	 0.137303963303566 
2343	 0.136906623840332 
2344	 0.136567920446396 
2345	 0.136288613080978 
2346	 0.136145129799843 
2347	 0.13612487912178 
2348	 0.1361945271492 
2349	 0.136340349912643 
2350	 0.136538192629814 
2351	 0.136807471513748 
2352	 0.137120693922043 
2353	 0.13751183450222 
2354	 0.138024270534515 
2355	 0.138650223612785 
2356	 0.139289304614067 
2357	 0.139968931674957 
2358	 0.140788108110428 
2359	 0.141600131988525 
2360	 0.142478585243225 
2361	 0.143489360809326 
2362	 0.144393473863602 
2363	 0.145236954092979 
2364	 0.146033063530922 
2365	 0.14670741558075 
2366	 0.147297024726868 
2367	 0.147801205515862 
2368	 0.148269817233086 
2369	 0.148628085851669 
2370	 0.148887038230896 
2371	 0.14909528195858 
2372	 0.149205401539803 
2373	 0.149257123470306 
2374	 0.149236798286438 
2375	 0.149169579148293 
2376	 0.149080827832222 
2377	 0.148931935429573 
2378	 0.148755595088005 
2379	 0.148581936955452 
2380	 0.148481667041779 
2381	 0.148290678858757 
2382	 0.148089900612831 
2383	 0.147933200001717 
2384	 0.147739335894585 
2385	 0.147433772683144 
2386	 0.147238880395889 
2387	 0.147144719958305 
2388	 0.146884143352509 
2389	 0.146568715572357 
2390	 0.146291926503181 
2391	 0.145938873291016 
2392	 0.14561502635479 
2393	 0.145312279462814 
2394	 0.145005330443382 
2395	 0.144694417715073 
2396	 0.144392937421799 
2397	 0.144170612096786 
2398	 0.143819853663445 
2399	 0.143320351839066 
2400	 0.142973557114601 
2401	 0.142587170004845 
2402	 0.142351657152176 
2403	 0.142256587743759 
2404	 0.142082899808884 
2405	 0.141942903399467 
2406	 0.141758739948273 
2407	 0.141534358263016 
2408	 0.141280651092529 
2409	 0.140982955694199 
2410	 0.140711769461632 
2411	 0.140472128987312 
2412	 0.140336021780968 
2413	 0.14025017619133 
2414	 0.140128254890442 
2415	 0.139972716569901 
2416	 0.13975402712822 
2417	 0.139524757862091 
2418	 0.139341115951538 
2419	 0.139115169644356 
2420	 0.13893061876297 
2421	 0.138850048184395 
2422	 0.138785466551781 
2423	 0.138837233185768 
2424	 0.138799414038658 
2425	 0.138535216450691 
2426	 0.138298988342285 
2427	 0.138013616204262 
2428	 0.137792989611626 
2429	 0.137786224484444 
2430	 0.137644082307816 
2431	 0.137479200959206 
2432	 0.137450739741325 
2433	 0.137235656380653 
2434	 0.13705512881279 
2435	 0.136982098221779 
2436	 0.136675044894218 
2437	 0.136438757181168 
2438	 0.136278823018074 
2439	 0.136030614376068 
2440	 0.135999396443367 
2441	 0.1359473913908 
2442	 0.135746464133263 
2443	 0.135576620697975 
2444	 0.135242640972137 
2445	 0.134966716170311 
2446	 0.134807780385017 
2447	 0.134625613689423 
2448	 0.134564995765686 
2449	 0.134232833981514 
2450	 0.133819729089737 
2451	 0.133543819189072 
2452	 0.133013129234314 
2453	 0.132660731673241 
2454	 0.132522121071815 
2455	 0.132175520062447 
2456	 0.131879538297653 
2457	 0.131706207990646 
2458	 0.13139945268631 
2459	 0.13105882704258 
2460	 0.130857899785042 
2461	 0.130528405308723 
2462	 0.13022181391716 
2463	 0.130158483982086 
2464	 0.129934281110764 
2465	 0.129747852683067 
2466	 0.129663661122322 
2467	 0.129273980855942 
2468	 0.128949597477913 
2469	 0.128929510712624 
2470	 0.128719598054886 
2471	 0.12854728102684 
2472	 0.128686875104904 
2473	 0.128682643175125 
2474	 0.128786623477936 
2475	 0.129020109772682 
2476	 0.128972738981247 
2477	 0.128876134753227 
2478	 0.128692969679832 
2479	 0.128494694828987 
2480	 0.128658220171928 
2481	 0.128732338547707 
2482	 0.128854095935822 
2483	 0.128992408514023 
2484	 0.129218444228172 
2485	 0.129454359412193 
2486	 0.129661589860916 
2487	 0.129648327827454 
2488	 0.12946529686451 
2489	 0.129667446017265 
2490	 0.129949152469635 
2491	 0.130311757326126 
2492	 0.130915924906731 
2493	 0.130958706140518 
2494	 0.130991250276566 
2495	 0.131489127874374 
2496	 0.131822660565376 
2497	 0.132262468338013 
2498	 0.132529452443123 
2499	 0.13238687813282 
2500	 0.132145375013351 
