Wavelength	Echave.033
350	 0.170717656612396 
351	 0.164077475667 
352	 0.161340445280075 
353	 0.159032955765724 
354	 0.149492636322975 
355	 0.143232494592667 
356	 0.141089767217636 
357	 0.14059790968895 
358	 0.137315094470978 
359	 0.13124592602253 
360	 0.125278100371361 
361	 0.123001113533974 
362	 0.120488591492176 
363	 0.119597665965557 
364	 0.119600385427475 
365	 0.115898221731186 
366	 0.113955579698086 
367	 0.112134613096714 
368	 0.109059035778046 
369	 0.109710365533829 
370	 0.10982096940279 
371	 0.107445068657398 
372	 0.102943524718285 
373	 0.103146523237228 
374	 0.103966265916824 
375	 0.102637320756912 
376	 9.98103022575378E-02 
377	 9.87587943673134E-02 
378	 9.88918617367744E-02 
379	 9.83997881412506E-02 
380	 9.48098972439766E-02 
381	 9.44959446787834E-02 
382	 9.64025035500526E-02 
383	 9.54643934965134E-02 
384	 9.32544320821762E-02 
385	 0.092328205704689 
386	 0.092397429049015 
387	 8.87944474816322E-02 
388	 8.95447805523872E-02 
389	 9.17615443468094E-02 
390	 9.11503210663795E-02 
391	 8.92725735902786E-02 
392	 8.74584838747978E-02 
393	 8.63170698285103E-02 
394	 8.58378633856773E-02 
395	 0.085271954536438 
396	 8.60218778252602E-02 
397	 8.77899527549744E-02 
398	 8.72291252017021E-02 
399	 8.59530791640282E-02 
400	 8.49514678120613E-02 
401	 8.45811814069748E-02 
402	 8.31171646714211E-02 
403	 8.33835154771805E-02 
404	 8.47559422254562E-02 
405	 8.42824131250381E-02 
406	 8.38565304875374E-02 
407	 8.41605141758919E-02 
408	 0.08487319201231 
409	 8.40765237808228E-02 
410	 8.37156027555466E-02 
411	 8.39198902249336E-02 
412	 8.41521769762039E-02 
413	 8.36869403719902E-02 
414	 8.35991427302361E-02 
415	 8.39359909296036E-02 
416	 8.38304832577705E-02 
417	 8.41988772153854E-02 
418	 8.45767185091972E-02 
419	 8.45914632081985E-02 
420	 0.084572859108448 
421	 8.46445485949516E-02 
422	 8.50906521081924E-02 
423	 0.086018405854702 
424	 8.62253680825233E-02 
425	 8.61282646656036E-02 
426	 8.61694142222404E-02 
427	 8.66513699293137E-02 
428	 8.70288014411926E-02 
429	 0.087452620267868 
430	 8.79753082990646E-02 
431	 8.78120511770248E-02 
432	 8.80473181605339E-02 
433	 8.86464789509773E-02 
434	 8.89909043908119E-02 
435	 0.089352510869503 
436	 8.95983874797821E-02 
437	 8.97311344742775E-02 
438	 9.00014266371727E-02 
439	 9.05400961637497E-02 
440	 9.09500494599342E-02 
441	 9.09518301486969E-02 
442	 9.13880839943886E-02 
443	 9.19368341565132E-02 
444	 9.23482105135918E-02 
445	 9.25031676888466E-02 
446	 9.28709581494331E-02 
447	 9.33827683329582E-02 
448	 9.38393920660019E-02 
449	 9.39080119132996E-02 
450	 0.094331406056881 
451	 9.48133394122124E-02 
452	 9.48404148221016E-02 
453	 9.51821208000183E-02 
454	 9.56321582198143E-02 
455	 9.60084423422813E-02 
456	 9.62405949831009E-02 
457	 9.66252535581589E-02 
458	 9.70253199338913E-02 
459	 9.73019376397133E-02 
460	 9.75961089134216E-02 
461	 9.79533493518829E-02 
462	 9.83315780758858E-02 
463	 9.86388772726059E-02 
464	 9.88294631242752E-02 
465	 9.90930125117302E-02 
466	 9.94489714503288E-02 
467	 9.96096953749657E-02 
468	 0.1000841781497 
469	 0.100485242903233 
470	 0.10044452548027 
471	 0.100781559944153 
472	 0.101061441004276 
473	 0.10118106007576 
474	 0.101334519684315 
475	 0.101654954254627 
476	 0.101926192641258 
477	 0.10206626355648 
478	 0.102433927357197 
479	 0.102674767374992 
480	 0.102778412401676 
481	 0.102877400815487 
482	 0.103060096502304 
483	 0.103354454040527 
484	 0.103709995746613 
485	 0.103998430073261 
486	 0.104175344109535 
487	 0.104399442672729 
488	 0.104774534702301 
489	 0.105103015899658 
490	 0.105359420180321 
491	 0.105593778192997 
492	 0.105891488492489 
493	 0.106184095144272 
494	 0.106516793370247 
495	 0.106892883777618 
496	 0.107222743332386 
497	 0.107629306614399 
498	 0.108021885156631 
499	 0.108321651816368 
500	 0.108819551765919 
501	 0.109266191720963 
502	 0.109639458358288 
503	 0.110125653445721 
504	 0.110629871487617 
505	 0.11113291233778 
506	 0.111611589789391 
507	 0.111986614763737 
508	 0.112437471747398 
509	 0.112970359623432 
510	 0.11350242048502 
511	 0.113937295973301 
512	 0.114415466785431 
513	 0.114967919886112 
514	 0.115459725260735 
515	 0.11608037352562 
516	 0.11672730743885 
517	 0.117282919585705 
518	 0.117851778864861 
519	 0.118368364870548 
520	 0.118881314992905 
521	 0.119507156312466 
522	 0.120186559855938 
523	 0.120846815407276 
524	 0.121465981006622 
525	 0.122125282883644 
526	 0.122753292322159 
527	 0.123399890959263 
528	 0.12413739413023 
529	 0.124917350709438 
530	 0.125668942928314 
531	 0.126391068100929 
532	 0.127154633402824 
533	 0.128034219145775 
534	 0.128925040364265 
535	 0.129753515124321 
536	 0.130658745765686 
537	 0.131558582186699 
538	 0.132463663816452 
539	 0.133427307009697 
540	 0.134369790554047 
541	 0.135377556085587 
542	 0.136456191539764 
543	 0.137450158596039 
544	 0.138483121991158 
545	 0.139559641480446 
546	 0.140656143426895 
547	 0.141794785857201 
548	 0.142964079976082 
549	 0.144137963652611 
550	 0.145283296704292 
551	 0.146511241793633 
552	 0.147836849093437 
553	 0.149242281913757 
554	 0.150672689080238 
555	 0.152226105332375 
556	 0.153881028294563 
557	 0.155566766858101 
558	 0.157314985990524 
559	 0.159184888005257 
560	 0.161169722676277 
561	 0.163174986839294 
562	 0.165192574262619 
563	 0.167189389467239 
564	 0.16916711628437 
565	 0.171263471245766 
566	 0.17341747879982 
567	 0.175568759441376 
568	 0.177676647901535 
569	 0.179886236786842 
570	 0.182142585515976 
571	 0.184399291872978 
572	 0.186688527464867 
573	 0.18905471265316 
574	 0.191475987434387 
575	 0.193918064236641 
576	 0.196431934833527 
577	 0.198943212628365 
578	 0.201473727822304 
579	 0.204157441854477 
580	 0.207005798816681 
581	 0.209973216056824 
582	 0.213017374277115 
583	 0.216155022382736 
584	 0.219290107488632 
585	 0.222380399703979 
586	 0.225423455238342 
587	 0.228430420160294 
588	 0.231336444616318 
589	 0.23413947224617 
590	 0.236944600939751 
591	 0.239676639437675 
592	 0.242269605398178 
593	 0.244699060916901 
594	 0.247075796127319 
595	 0.249408483505249 
596	 0.251677244901657 
597	 0.253843277692795 
598	 0.255985885858536 
599	 0.258084386587143 
600	 0.260113477706909 
601	 0.262070327997208 
602	 0.263959676027298 
603	 0.265763938426971 
604	 0.267463624477386 
605	 0.269115686416626 
606	 0.270647585391998 
607	 0.272052824497223 
608	 0.273414671421051 
609	 0.274666160345078 
610	 0.275798290967941 
611	 0.276836156845093 
612	 0.277859151363373 
613	 0.278785645961761 
614	 0.279620915651321 
615	 0.280428439378738 
616	 0.281226098537445 
617	 0.281987071037292 
618	 0.282695800065994 
619	 0.283369541168213 
620	 0.28401380777359 
621	 0.284633606672287 
622	 0.285225033760071 
623	 0.285743176937103 
624	 0.286239117383957 
625	 0.286753326654434 
626	 0.287304043769836 
627	 0.287774354219437 
628	 0.288200467824936 
629	 0.288629531860352 
630	 0.289058268070221 
631	 0.289462208747864 
632	 0.289860486984253 
633	 0.290281146764755 
634	 0.290672093629837 
635	 0.291051149368286 
636	 0.291423201560974 
637	 0.291768759489059 
638	 0.292128086090088 
639	 0.292465776205063 
640	 0.292767852544785 
641	 0.293152123689651 
642	 0.293540745973587 
643	 0.293901413679123 
644	 0.294238656759262 
645	 0.294603407382965 
646	 0.294981837272644 
647	 0.295348197221756 
648	 0.295666128396988 
649	 0.296068489551544 
650	 0.296509623527527 
651	 0.296908915042877 
652	 0.297299355268478 
653	 0.297687321901321 
654	 0.298080831766129 
655	 0.298488795757294 
656	 0.298919975757599 
657	 0.29933300614357 
658	 0.299744695425034 
659	 0.300324440002441 
660	 0.300847738981247 
661	 0.301302552223206 
662	 0.301766186952591 
663	 0.302316278219223 
664	 0.302883118391037 
665	 0.303441375494003 
666	 0.304021775722504 
667	 0.304660111665726 
668	 0.305291950702667 
669	 0.305893957614899 
670	 0.30660092830658 
671	 0.307345479726791 
672	 0.308088362216949 
673	 0.308810830116272 
674	 0.309528321027756 
675	 0.310328096151352 
676	 0.3111951649189 
677	 0.311989694833755 
678	 0.312832564115524 
679	 0.313720524311066 
680	 0.314627707004547 
681	 0.315545827150345 
682	 0.316564738750458 
683	 0.317597001791 
684	 0.318495005369186 
685	 0.319470375776291 
686	 0.320535629987717 
687	 0.321642279624939 
688	 0.322691142559052 
689	 0.323683202266693 
690	 0.324682265520096 
691	 0.32577320933342 
692	 0.327061265707016 
693	 0.328262001276016 
694	 0.329329162836075 
695	 0.330387085676193 
696	 0.331550091505051 
697	 0.332714140415192 
698	 0.333837628364563 
699	 0.335023283958435 
700	 0.336248993873596 
701	 0.337404638528824 
702	 0.338442891836166 
703	 0.339639991521835 
704	 0.340861350297928 
705	 0.342024177312851 
706	 0.343099802732468 
707	 0.344134747982025 
708	 0.345191389322281 
709	 0.346307665109634 
710	 0.34748849272728 
711	 0.348486304283142 
712	 0.349399238824844 
713	 0.350386202335358 
714	 0.351373076438904 
715	 0.352376520633698 
716	 0.35334900021553 
717	 0.354211777448654 
718	 0.355094164609909 
719	 0.355903625488281 
720	 0.356623858213425 
721	 0.357412129640579 
722	 0.358287990093231 
723	 0.359111130237579 
724	 0.359768509864807 
725	 0.360455125570297 
726	 0.361224502325058 
727	 0.362043917179108 
728	 0.362809777259827 
729	 0.363381326198578 
730	 0.363908439874649 
731	 0.364513158798218 
732	 0.365204274654388 
733	 0.365902155637741 
734	 0.366499930620193 
735	 0.366976499557495 
736	 0.367632567882538 
737	 0.368277937173843 
738	 0.368899911642075 
739	 0.369585871696472 
740	 0.37014976143837 
741	 0.370682150125504 
742	 0.371243238449097 
743	 0.371794402599335 
744	 0.372421622276306 
745	 0.373038500547409 
746	 0.373568445444107 
747	 0.374138444662094 
748	 0.374639928340912 
749	 0.375096023082733 
750	 0.375597178936005 
751	 0.376113593578339 
752	 0.376571536064148 
753	 0.376971006393433 
754	 0.377410084009171 
755	 0.37785142660141 
756	 0.378288567066193 
757	 0.378705143928528 
758	 0.379029840230942 
759	 0.379393368959427 
760	 0.379818081855774 
761	 0.380255281925201 
762	 0.380593806505203 
763	 0.380916357040405 
764	 0.381276994943619 
765	 0.381678581237793 
766	 0.382075130939484 
767	 0.382423311471939 
768	 0.382726669311523 
769	 0.383089780807495 
770	 0.383449822664261 
771	 0.383784770965576 
772	 0.384099006652832 
773	 0.384456664323807 
774	 0.384783834218979 
775	 0.38509926199913 
776	 0.385487914085388 
777	 0.385824471712112 
778	 0.386127471923828 
779	 0.386411994695663 
780	 0.386646330356598 
781	 0.386924505233765 
782	 0.387231916189194 
783	 0.387526839971542 
784	 0.387797117233276 
785	 0.38806089758873 
786	 0.38834473490715 
787	 0.388666182756424 
788	 0.388953864574432 
789	 0.389247357845306 
790	 0.389518558979034 
791	 0.389659255743027 
792	 0.389911621809006 
793	 0.390200585126877 
794	 0.390438944101334 
795	 0.390691339969635 
796	 0.390822350978851 
797	 0.390949130058289 
798	 0.391215890645981 
799	 0.391412764787674 
800	 0.391551375389099 
801	 0.391659796237946 
802	 0.391769647598267 
803	 0.391858488321304 
804	 0.39198699593544 
805	 0.392150342464447 
806	 0.392234325408936 
807	 0.392365723848343 
808	 0.392504423856735 
809	 0.392593592405319 
810	 0.392649114131927 
811	 0.392745137214661 
812	 0.392870664596558 
813	 0.392977893352509 
814	 0.393070071935654 
815	 0.393159687519073 
816	 0.393252372741699 
817	 0.393346846103668 
818	 0.393453270196915 
819	 0.393566936254501 
820	 0.393681943416595 
821	 0.393795937299728 
822	 0.393830388784409 
823	 0.393883734941483 
824	 0.394029855728149 
825	 0.394111484289169 
826	 0.394227027893066 
827	 0.394353866577148 
828	 0.394426673650742 
829	 0.394473820924759 
830	 0.394549518823624 
831	 0.39467066526413 
832	 0.394810438156128 
833	 0.394873857498169 
834	 0.394899517297745 
835	 0.39493253827095 
836	 0.394991725683212 
837	 0.395054996013641 
838	 0.395117104053497 
839	 0.395179986953735 
840	 0.395260274410248 
841	 0.395277708768845 
842	 0.395270615816116 
843	 0.395302146673203 
844	 0.395286649465561 
845	 0.395303755998611 
846	 0.395356327295303 
847	 0.395387947559357 
848	 0.395409762859344 
849	 0.395370155572891 
850	 0.395271182060242 
851	 0.395188927650452 
852	 0.395208358764648 
853	 0.395249933004379 
854	 0.395231425762177 
855	 0.395139753818512 
856	 0.395135670900345 
857	 0.395187050104141 
858	 0.395214885473251 
859	 0.395228356122971 
860	 0.395239233970642 
861	 0.395263493061066 
862	 0.39531022310257 
863	 0.395343720912933 
864	 0.395367324352264 
865	 0.395410150289536 
866	 0.395504832267761 
867	 0.395517587661743 
868	 0.39551368355751 
869	 0.395544618368149 
870	 0.395601958036423 
871	 0.395702093839645 
872	 0.395841300487518 
873	 0.395987987518311 
874	 0.39606386423111 
875	 0.396119922399521 
876	 0.396199315786362 
877	 0.396328777074814 
878	 0.39649510383606 
879	 0.396611958742142 
880	 0.396667897701263 
881	 0.396713495254517 
882	 0.396883219480515 
883	 0.397068619728088 
884	 0.397181510925293 
885	 0.397193819284439 
886	 0.397304683923721 
887	 0.397427409887314 
888	 0.397512763738632 
889	 0.397597193717957 
890	 0.39772441983223 
891	 0.397895157337189 
892	 0.398077845573425 
893	 0.398208230733871 
894	 0.39826163649559 
895	 0.398313909769058 
896	 0.398429989814758 
897	 0.398582577705383 
898	 0.398677557706833 
899	 0.398727655410767 
900	 0.398790746927261 
901	 0.398926168680191 
902	 0.399040669202805 
903	 0.399092972278595 
904	 0.399085909128189 
905	 0.399070620536804 
906	 0.399074405431747 
907	 0.399125397205353 
908	 0.399243265390396 
909	 0.399402320384979 
910	 0.399525821208954 
911	 0.399601608514786 
912	 0.399688631296158 
913	 0.399817556142807 
914	 0.399974226951599 
915	 0.400144994258881 
916	 0.400328159332275 
917	 0.400471121072769 
918	 0.400602072477341 
919	 0.400755047798157 
920	 0.400940328836441 
921	 0.401088207960129 
922	 0.401255398988724 
923	 0.401474386453629 
924	 0.401630342006683 
925	 0.401808321475983 
926	 0.401997447013855 
927	 0.402184396982193 
928	 0.402454853057861 
929	 0.402718991041183 
930	 0.402996093034744 
931	 0.403316885232925 
932	 0.403557538986206 
933	 0.403746396303177 
934	 0.403962075710297 
935	 0.404262214899063 
936	 0.404459267854691 
937	 0.404693603515625 
938	 0.404994398355484 
939	 0.405304729938507 
940	 0.405659228563309 
941	 0.405946969985962 
942	 0.406176269054413 
943	 0.406456261873245 
944	 0.406732887029648 
945	 0.406997054815292 
946	 0.407287508249283 
947	 0.407662034034729 
948	 0.407889246940613 
949	 0.408095717430115 
950	 0.408385306596756 
951	 0.408747047185898 
952	 0.408990204334259 
953	 0.409213483333588 
954	 0.409468829631805 
955	 0.409663408994675 
956	 0.409898012876511 
957	 0.410183489322662 
958	 0.410493671894073 
959	 0.410777002573013 
960	 0.410974532365799 
961	 0.411168098449707 
962	 0.411415368318558 
963	 0.411655694246292 
964	 0.411853283643723 
965	 0.412084966897964 
966	 0.412360042333603 
967	 0.41247233748436 
968	 0.412603586912155 
969	 0.412845402956009 
970	 0.413173407316208 
971	 0.413360387086868 
972	 0.413483113050461 
973	 0.413634598255157 
974	 0.413856208324432 
975	 0.414022088050842 
976	 0.414251267910004 
977	 0.414521425962448 
978	 0.414808571338654 
979	 0.415250480175018 
980	 0.415481418371201 
981	 0.415604740381241 
982	 0.415861487388611 
983	 0.416376322507858 
984	 0.416663736104965 
985	 0.416869759559631 
986	 0.417248338460922 
987	 0.417588353157043 
988	 0.417857795953751 
989	 0.418150514364243 
990	 0.418540775775909 
991	 0.418859004974365 
992	 0.41925111413002 
993	 0.419642060995102 
994	 0.419958859682083 
995	 0.420420974493027 
996	 0.420819938182831 
997	 0.421196967363358 
998	 0.421642482280731 
999	 0.422091484069824 
1000	 0.422502040863037 
1001	 0.417563796043396 
1002	 0.417930603027344 
1003	 0.418313801288605 
1004	 0.418638437986374 
1005	 0.418898195028305 
1006	 0.419239014387131 
1007	 0.419576019048691 
1008	 0.419937461614609 
1009	 0.420343995094299 
1010	 0.420736879110336 
1011	 0.421167761087418 
1012	 0.421542435884476 
1013	 0.421876847743988 
1014	 0.422241032123566 
1015	 0.422603994607925 
1016	 0.422902524471283 
1017	 0.42328730225563 
1018	 0.42370480298996 
1019	 0.42408013343811 
1020	 0.424468159675598 
1021	 0.424768656492233 
1022	 0.425002843141556 
1023	 0.425249069929123 
1024	 0.425405472517014 
1025	 0.425660371780396 
1026	 0.425978243350983 
1027	 0.426260322332382 
1028	 0.426558136940002 
1029	 0.42687001824379 
1030	 0.427128493785858 
1031	 0.427381098270416 
1032	 0.42766210436821 
1033	 0.427918910980225 
1034	 0.428139567375183 
1035	 0.428382933139801 
1036	 0.42865315079689 
1037	 0.428948134183884 
1038	 0.42921394109726 
1039	 0.429483443498611 
1040	 0.429760128259659 
1041	 0.429983288049698 
1042	 0.430284827947617 
1043	 0.430626004934311 
1044	 0.431018888950348 
1045	 0.43142557144165 
1046	 0.431822627782822 
1047	 0.432157754898071 
1048	 0.432491958141327 
1049	 0.432807326316834 
1050	 0.433170974254608 
1051	 0.433650940656662 
1052	 0.434083431959152 
1053	 0.434516251087189 
1054	 0.43498170375824 
1055	 0.435425847768784 
1056	 0.43582358956337 
1057	 0.436286985874176 
1058	 0.436795920133591 
1059	 0.437268257141113 
1060	 0.437788605690002 
1061	 0.438279747962952 
1062	 0.438775569200516 
1063	 0.439335554838181 
1064	 0.439828813076019 
1065	 0.440314292907715 
1066	 0.440836399793625 
1067	 0.441334903240204 
1068	 0.44186145067215 
1069	 0.44242450594902 
1070	 0.442971050739288 
1071	 0.443521857261658 
1072	 0.444050192832947 
1073	 0.444554537534714 
1074	 0.445040881633759 
1075	 0.445506721735001 
1076	 0.445999890565872 
1077	 0.446561276912689 
1078	 0.447113156318665 
1079	 0.447646170854568 
1080	 0.448167115449905 
1081	 0.448636889457703 
1082	 0.449139058589935 
1083	 0.449683398008347 
1084	 0.450211644172668 
1085	 0.450754046440125 
1086	 0.451262444257736 
1087	 0.45173579454422 
1088	 0.452206313610077 
1089	 0.452723503112793 
1090	 0.453183352947235 
1091	 0.453632205724716 
1092	 0.45406848192215 
1093	 0.454478532075882 
1094	 0.454951018095016 
1095	 0.455434381961823 
1096	 0.455949157476425 
1097	 0.456463247537613 
1098	 0.456881374120712 
1099	 0.457313895225525 
1100	 0.457737505435944 
1101	 0.458107709884644 
1102	 0.458533704280853 
1103	 0.458961248397827 
1104	 0.459403336048126 
1105	 0.459826827049255 
1106	 0.46025687456131 
1107	 0.460631132125854 
1108	 0.460984885692596 
1109	 0.461325019598007 
1110	 0.461672365665436 
1111	 0.462035179138184 
1112	 0.462363690137863 
1113	 0.462732881307602 
1114	 0.463100492954254 
1115	 0.463441699743271 
1116	 0.463823556900024 
1117	 0.464145421981812 
1118	 0.464466214179993 
1119	 0.464787125587463 
1120	 0.465093493461609 
1121	 0.465366929769516 
1122	 0.465667963027954 
1123	 0.465998649597168 
1124	 0.466265767812729 
1125	 0.466567188501358 
1126	 0.466875791549683 
1127	 0.467107146978378 
1128	 0.467368841171265 
1129	 0.467665612697601 
1130	 0.467926263809204 
1131	 0.468181401491165 
1132	 0.468415826559067 
1133	 0.468630284070969 
1134	 0.468842595815659 
1135	 0.469049692153931 
1136	 0.469281166791916 
1137	 0.469485551118851 
1138	 0.469653844833374 
1139	 0.469835162162781 
1140	 0.470033675432205 
1141	 0.470186024904251 
1142	 0.470323801040649 
1143	 0.470479756593704 
1144	 0.470630258321762 
1145	 0.470806002616882 
1146	 0.470978230237961 
1147	 0.471127152442932 
1148	 0.471257567405701 
1149	 0.471367746591568 
1150	 0.471480429172516 
1151	 0.47159144282341 
1152	 0.471691876649857 
1153	 0.471775978803635 
1154	 0.471863597631454 
1155	 0.471952229738235 
1156	 0.472036510705948 
1157	 0.472128450870514 
1158	 0.472199231386185 
1159	 0.472268730401993 
1160	 0.472306221723557 
1161	 0.472312927246094 
1162	 0.472304791212082 
1163	 0.472289055585861 
1164	 0.472275406122208 
1165	 0.47229078412056 
1166	 0.472312569618225 
1167	 0.472330629825592 
1168	 0.472369223833084 
1169	 0.472408205270767 
1170	 0.472442269325256 
1171	 0.472492903470993 
1172	 0.472575575113297 
1173	 0.472627937793732 
1174	 0.472686231136322 
1175	 0.472722977399826 
1176	 0.472722679376602 
1177	 0.472733795642853 
1178	 0.472737997770309 
1179	 0.472748935222626 
1180	 0.472745060920715 
1181	 0.472772985696793 
1182	 0.472819656133652 
1183	 0.472849398851395 
1184	 0.472885966300964 
1185	 0.47293096780777 
1186	 0.472989559173584 
1187	 0.473030745983124 
1188	 0.473124116659164 
1189	 0.473255723714828 
1190	 0.473394274711609 
1191	 0.473548233509064 
1192	 0.473720848560333 
1193	 0.473916172981262 
1194	 0.474125146865845 
1195	 0.474360525608063 
1196	 0.474598437547684 
1197	 0.474857717752457 
1198	 0.475102186203003 
1199	 0.475352853536606 
1200	 0.475597470998764 
1201	 0.475823134183884 
1202	 0.476039111614227 
1203	 0.476263850927353 
1204	 0.476495981216431 
1205	 0.476746141910553 
1206	 0.477009415626526 
1207	 0.477304220199585 
1208	 0.477603197097778 
1209	 0.477944552898407 
1210	 0.478315383195877 
1211	 0.478721171617508 
1212	 0.479158282279968 
1213	 0.479636043310165 
1214	 0.480170667171478 
1215	 0.480706453323364 
1216	 0.481276631355286 
1217	 0.481844365596771 
1218	 0.482423692941666 
1219	 0.483002841472626 
1220	 0.483606904745102 
1221	 0.484229445457459 
1222	 0.484791994094849 
1223	 0.48538613319397 
1224	 0.485981434583664 
1225	 0.486558616161346 
1226	 0.48714080452919 
1227	 0.487767726182938 
1228	 0.488332867622375 
1229	 0.488864660263062 
1230	 0.489391028881073 
1231	 0.489892184734344 
1232	 0.490392059087753 
1233	 0.490882277488709 
1234	 0.491353243589401 
1235	 0.49180793762207 
1236	 0.492262154817581 
1237	 0.492723643779755 
1238	 0.493146181106567 
1239	 0.493544936180115 
1240	 0.493933916091919 
1241	 0.494316875934601 
1242	 0.494653820991516 
1243	 0.495004296302795 
1244	 0.495363295078278 
1245	 0.495698988437653 
1246	 0.496023654937744 
1247	 0.496320396661758 
1248	 0.496614634990692 
1249	 0.496869742870331 
1250	 0.497081935405731 
1251	 0.497287452220917 
1252	 0.497467458248138 
1253	 0.497641056776047 
1254	 0.497802942991257 
1255	 0.497950702905655 
1256	 0.498086720705032 
1257	 0.498210459947586 
1258	 0.49830773472786 
1259	 0.498408079147339 
1260	 0.498487383127213 
1261	 0.498587310314178 
1262	 0.498676747083664 
1263	 0.498805493116379 
1264	 0.498943328857422 
1265	 0.499104797840118 
1266	 0.499261081218719 
1267	 0.499434173107147 
1268	 0.499599814414978 
1269	 0.499740302562714 
1270	 0.499943971633911 
1271	 0.500181138515472 
1272	 0.500415205955505 
1273	 0.500685811042786 
1274	 0.500954389572144 
1275	 0.501215815544128 
1276	 0.501490414142609 
1277	 0.501787483692169 
1278	 0.502083539962769 
1279	 0.502367734909058 
1280	 0.502676606178284 
1281	 0.503004789352417 
1282	 0.503338754177094 
1283	 0.503698527812958 
1284	 0.504044115543365 
1285	 0.504386842250824 
1286	 0.504729390144348 
1287	 0.505069136619568 
1288	 0.505399942398071 
1289	 0.505736649036407 
1290	 0.506079077720642 
1291	 0.506411552429199 
1292	 0.506736278533936 
1293	 0.507066011428833 
1294	 0.507410109043121 
1295	 0.507714927196503 
1296	 0.507998168468475 
1297	 0.50828891992569 
1298	 0.508544027805328 
1299	 0.508828282356262 
1300	 0.509164154529572 
1301	 0.509439647197723 
1302	 0.509689211845398 
1303	 0.509935438632965 
1304	 0.510144889354706 
1305	 0.510359346866608 
1306	 0.510580956935883 
1307	 0.510791599750519 
1308	 0.510979056358337 
1309	 0.511182427406311 
1310	 0.511370360851288 
1311	 0.511569738388062 
1312	 0.51171201467514 
1313	 0.511825144290924 
1314	 0.51193767786026 
1315	 0.512004971504211 
1316	 0.512106835842133 
1317	 0.512229025363922 
1318	 0.512330412864685 
1319	 0.512436270713806 
1320	 0.512518584728241 
1321	 0.512591898441315 
1322	 0.51264351606369 
1323	 0.512668907642365 
1324	 0.512696862220764 
1325	 0.512728154659271 
1326	 0.51272451877594 
1327	 0.512713611125946 
1328	 0.512673318386078 
1329	 0.512589037418365 
1330	 0.512503385543823 
1331	 0.512405037879944 
1332	 0.512295663356781 
1333	 0.512177586555481 
1334	 0.51204389333725 
1335	 0.51189923286438 
1336	 0.511738836765289 
1337	 0.51158195734024 
1338	 0.511412262916565 
1339	 0.511253476142883 
1340	 0.511105835437775 
1341	 0.510935544967651 
1342	 0.51077264547348 
1343	 0.510568201541901 
1344	 0.510342717170715 
1345	 0.51009327173233 
1346	 0.509829461574554 
1347	 0.509519994258881 
1348	 0.509185254573822 
1349	 0.508813738822937 
1350	 0.50837916135788 
1351	 0.507957935333252 
1352	 0.507516026496887 
1353	 0.507070004940033 
1354	 0.506618797779083 
1355	 0.506164073944092 
1356	 0.505698144435883 
1357	 0.505230665206909 
1358	 0.5047248005867 
1359	 0.5042724609375 
1360	 0.503831565380096 
1361	 0.50341784954071 
1362	 0.503040194511414 
1363	 0.502729117870331 
1364	 0.502437293529511 
1365	 0.502180874347687 
1366	 0.501933932304382 
1367	 0.50173008441925 
1368	 0.501510381698608 
1369	 0.501294434070587 
1370	 0.501086235046387 
1371	 0.50090628862381 
1372	 0.500681757926941 
1373	 0.500481188297272 
1374	 0.500183761119843 
1375	 0.499861270189285 
1376	 0.499434977769852 
1377	 0.498914271593094 
1378	 0.498359948396683 
1379	 0.497681021690369 
1380	 0.497065126895905 
1381	 0.49639493227005 
1382	 0.495808839797974 
1383	 0.495249152183533 
1384	 0.494750708341599 
1385	 0.494331747293472 
1386	 0.49391770362854 
1387	 0.493569940328598 
1388	 0.493204951286316 
1389	 0.49286413192749 
1390	 0.492496490478516 
1391	 0.492109566926956 
1392	 0.491711556911469 
1393	 0.491349011659622 
1394	 0.490978598594666 
1395	 0.490648239850998 
1396	 0.490369707345963 
1397	 0.490056306123734 
1398	 0.48976743221283 
1399	 0.489408373832703 
1400	 0.489042997360229 
1401	 0.488596320152283 
1402	 0.488113462924957 
1403	 0.487528026103973 
1404	 0.486874908208847 
1405	 0.486157208681107 
1406	 0.485337018966675 
1407	 0.484497904777527 
1408	 0.48358628153801 
1409	 0.482680529356003 
1410	 0.48175460100174 
1411	 0.480786591768265 
1412	 0.479795217514038 
1413	 0.47878685593605 
1414	 0.477733552455902 
1415	 0.476670563220978 
1416	 0.47558519244194 
1417	 0.47449991106987 
1418	 0.473395466804504 
1419	 0.472283452749252 
1420	 0.47116956114769 
1421	 0.47005906701088 
1422	 0.468916088342667 
1423	 0.467802315950394 
1424	 0.466731816530228 
1425	 0.465611785650253 
1426	 0.464540958404541 
1427	 0.463477283716202 
1428	 0.46239846944809 
1429	 0.461400955915451 
1430	 0.460425406694412 
1431	 0.459490865468979 
1432	 0.458552211523056 
1433	 0.457649230957031 
1434	 0.456737458705902 
1435	 0.455829828977585 
1436	 0.454905897378922 
1437	 0.453999727964401 
1438	 0.45306658744812 
1439	 0.45208278298378 
1440	 0.451157450675964 
1441	 0.45017746090889 
1442	 0.449369490146637 
1443	 0.448559939861298 
1444	 0.448004513978958 
1445	 0.447554975748062 
1446	 0.447388023138046 
1447	 0.44739294052124 
1448	 0.447697520256042 
1449	 0.448305279016495 
1450	 0.449083566665649 
1451	 0.450177758932114 
1452	 0.451338469982147 
1453	 0.452753871679306 
1454	 0.454114079475403 
1455	 0.455626368522644 
1456	 0.45703586935997 
1457	 0.458471059799194 
1458	 0.459790259599686 
1459	 0.461055427789688 
1460	 0.462222933769226 
1461	 0.463277339935303 
1462	 0.464265108108521 
1463	 0.465174406766891 
1464	 0.466013222932816 
1465	 0.466755419969559 
1466	 0.467472195625305 
1467	 0.468078792095184 
1468	 0.468648493289948 
1469	 0.469176054000854 
1470	 0.469612270593643 
1471	 0.470035433769226 
1472	 0.47040382027626 
1473	 0.470777481794357 
1474	 0.471115529537201 
1475	 0.471463054418564 
1476	 0.471815854310989 
1477	 0.47213289141655 
1478	 0.472433537244797 
1479	 0.472706824541092 
1480	 0.472954005002975 
1481	 0.473183751106262 
1482	 0.473402172327042 
1483	 0.473574668169022 
1484	 0.473698228597641 
1485	 0.473841100931168 
1486	 0.473953306674957 
1487	 0.474078804254532 
1488	 0.474205434322357 
1489	 0.474353104829788 
1490	 0.474467426538467 
1491	 0.474668651819229 
1492	 0.474903017282486 
1493	 0.475207567214966 
1494	 0.475588023662567 
1495	 0.475987821817398 
1496	 0.476441711187363 
1497	 0.476922333240509 
1498	 0.477439135313034 
1499	 0.47797954082489 
1500	 0.478580892086029 
1501	 0.479159384965897 
1502	 0.479769349098206 
1503	 0.480333715677261 
1504	 0.480890423059464 
1505	 0.481409013271332 
1506	 0.481902539730072 
1507	 0.482354611158371 
1508	 0.482755303382874 
1509	 0.483150571584702 
1510	 0.483525931835175 
1511	 0.483863115310669 
1512	 0.484174817800522 
1513	 0.484467387199402 
1514	 0.4847232401371 
1515	 0.484957277774811 
1516	 0.485166698694229 
1517	 0.485369235277176 
1518	 0.485553354024887 
1519	 0.485712051391602 
1520	 0.485857754945755 
1521	 0.485998779535294 
1522	 0.486060321331024 
1523	 0.486111879348755 
1524	 0.486161172389984 
1525	 0.486189275979996 
1526	 0.486199259757996 
1527	 0.486199110746384 
1528	 0.486205130815506 
1529	 0.486185520887375 
1530	 0.486181765794754 
1531	 0.486199229955673 
1532	 0.48619532585144 
1533	 0.486159026622772 
1534	 0.486178010702133 
1535	 0.48621329665184 
1536	 0.486268579959869 
1537	 0.486348450183868 
1538	 0.486454099416733 
1539	 0.486574977636337 
1540	 0.486724257469177 
1541	 0.486895829439163 
1542	 0.487117022275925 
1543	 0.487374365329742 
1544	 0.487647503614426 
1545	 0.487970292568207 
1546	 0.48829260468483 
1547	 0.488622784614563 
1548	 0.488970011472702 
1549	 0.489349722862244 
1550	 0.489716798067093 
1551	 0.490096360445023 
1552	 0.490453571081162 
1553	 0.490808039903641 
1554	 0.491148263216019 
1555	 0.491469651460648 
1556	 0.491789817810059 
1557	 0.49210125207901 
1558	 0.492412835359573 
1559	 0.492720454931259 
1560	 0.493020862340927 
1561	 0.49332669377327 
1562	 0.493608832359314 
1563	 0.493876278400421 
1564	 0.494132459163666 
1565	 0.494370847940445 
1566	 0.494604140520096 
1567	 0.49482387304306 
1568	 0.495043367147446 
1569	 0.495258659124374 
1570	 0.495464473962784 
1571	 0.495648115873337 
1572	 0.495860755443573 
1573	 0.49608314037323 
1574	 0.496300935745239 
1575	 0.496548682451248 
1576	 0.496765702962875 
1577	 0.496952414512634 
1578	 0.497153967618942 
1579	 0.497355848550797 
1580	 0.497551292181015 
1581	 0.497745513916016 
1582	 0.497941672801971 
1583	 0.498139053583145 
1584	 0.498324543237686 
1585	 0.498502969741821 
1586	 0.49868768453598 
1587	 0.498862832784653 
1588	 0.499042093753815 
1589	 0.499237030744553 
1590	 0.499418377876282 
1591	 0.499586641788483 
1592	 0.499760180711746 
1593	 0.49993035197258 
1594	 0.500104784965515 
1595	 0.500284314155579 
1596	 0.500459671020508 
1597	 0.500635087490082 
1598	 0.500808775424957 
1599	 0.500984847545624 
1600	 0.501151621341705 
1601	 0.501304090023041 
1602	 0.501472532749176 
1603	 0.501637935638428 
1604	 0.501812696456909 
1605	 0.502024531364441 
1606	 0.502196907997131 
1607	 0.502358019351959 
1608	 0.502503395080566 
1609	 0.50260728597641 
1610	 0.502730548381805 
1611	 0.502867102622986 
1612	 0.502979040145874 
1613	 0.503077387809753 
1614	 0.503181159496307 
1615	 0.503263056278229 
1616	 0.503360092639923 
1617	 0.503490209579468 
1618	 0.503586888313293 
1619	 0.503667294979095 
1620	 0.503742098808289 
1621	 0.503796637058258 
1622	 0.503850758075714 
1623	 0.503910183906555 
1624	 0.503950595855713 
1625	 0.503982186317444 
1626	 0.503994464874268 
1627	 0.50398200750351 
1628	 0.503970682621002 
1629	 0.503918290138245 
1630	 0.50391161441803 
1631	 0.503934025764465 
1632	 0.503952622413635 
1633	 0.503998875617981 
1634	 0.504039764404297 
1635	 0.504056870937347 
1636	 0.504104793071747 
1637	 0.50417560338974 
1638	 0.504250943660736 
1639	 0.504352748394012 
1640	 0.504442870616913 
1641	 0.504541516304016 
1642	 0.504624128341675 
1643	 0.50470107793808 
1644	 0.504766225814819 
1645	 0.504820704460144 
1646	 0.504863440990448 
1647	 0.504909336566925 
1648	 0.504912614822388 
1649	 0.504908919334412 
1650	 0.504843771457672 
1651	 0.504708528518677 
1652	 0.504585206508636 
1653	 0.504425466060638 
1654	 0.504264056682587 
1655	 0.50411981344223 
1656	 0.503927111625671 
1657	 0.503709733486176 
1658	 0.503452658653259 
1659	 0.503162622451782 
1660	 0.502836346626282 
1661	 0.502464234828949 
1662	 0.502077698707581 
1663	 0.501671850681305 
1664	 0.501210451126099 
1665	 0.500747621059418 
1666	 0.500178813934326 
1667	 0.499523609876633 
1668	 0.498836278915405 
1669	 0.498087167739868 
1670	 0.497270375490189 
1671	 0.496396601200104 
1672	 0.495464205741882 
1673	 0.494454473257065 
1674	 0.493395119905472 
1675	 0.492310464382172 
1676	 0.491147369146347 
1677	 0.489910006523132 
1678	 0.488619208335876 
1679	 0.487227141857147 
1680	 0.485827028751373 
1681	 0.484385579824448 
1682	 0.482894688844681 
1683	 0.481383234262466 
1684	 0.479839205741882 
1685	 0.478237003087997 
1686	 0.476619452238083 
1687	 0.474934041500092 
1688	 0.473288267850876 
1689	 0.471625864505768 
1690	 0.46997281908989 
1691	 0.468342840671539 
1692	 0.466772347688675 
1693	 0.465203285217285 
1694	 0.463690310716629 
1695	 0.462238252162933 
1696	 0.460787504911423 
1697	 0.459373980760574 
1698	 0.457934141159058 
1699	 0.45652636885643 
1700	 0.455114483833313 
1701	 0.453664839267731 
1702	 0.452266126871109 
1703	 0.45087856054306 
1704	 0.449535220861435 
1705	 0.44819775223732 
1706	 0.446913510560989 
1707	 0.445768922567368 
1708	 0.44466108083725 
1709	 0.443640917539597 
1710	 0.442649602890015 
1711	 0.441594809293747 
1712	 0.44061005115509 
1713	 0.439608335494995 
1714	 0.4385906457901 
1715	 0.437674134969711 
1716	 0.436717480421066 
1717	 0.435771226882935 
1718	 0.434889435768127 
1719	 0.433989107608795 
1720	 0.433138281106949 
1721	 0.432303547859192 
1722	 0.431489676237106 
1723	 0.43078675866127 
1724	 0.430112987756729 
1725	 0.429512828588486 
1726	 0.428996056318283 
1727	 0.428514748811722 
1728	 0.428139239549637 
1729	 0.42788365483284 
1730	 0.427780270576477 
1731	 0.42782735824585 
1732	 0.428049951791763 
1733	 0.428430080413818 
1734	 0.428941965103149 
1735	 0.429566115140915 
1736	 0.430216312408447 
1737	 0.430880308151245 
1738	 0.431566804647446 
1739	 0.432096928358078 
1740	 0.432566553354263 
1741	 0.432916522026062 
1742	 0.433120489120483 
1743	 0.433288782835007 
1744	 0.433359086513519 
1745	 0.433415532112122 
1746	 0.433392614126205 
1747	 0.433394968509674 
1748	 0.433358997106552 
1749	 0.433374613523483 
1750	 0.433383673429489 
1751	 0.433459281921387 
1752	 0.43358388543129 
1753	 0.433751672506332 
1754	 0.43397656083107 
1755	 0.434227168560028 
1756	 0.434511244297028 
1757	 0.434836059808731 
1758	 0.435206919908524 
1759	 0.435597628355026 
1760	 0.436038255691528 
1761	 0.436574339866638 
1762	 0.437141925096512 
1763	 0.437806159257889 
1764	 0.438557505607605 
1765	 0.439412772655487 
1766	 0.440428286790848 
1767	 0.441496878862381 
1768	 0.442655175924301 
1769	 0.443838149309158 
1770	 0.444943100214005 
1771	 0.446103781461716 
1772	 0.447237342596054 
1773	 0.448328286409378 
1774	 0.449473053216934 
1775	 0.450545877218246 
1776	 0.451568841934204 
1777	 0.452516973018646 
1778	 0.453317135572433 
1779	 0.454088479280472 
1780	 0.454830288887024 
1781	 0.455546587705612 
1782	 0.456292808055878 
1783	 0.456980347633362 
1784	 0.457635313272476 
1785	 0.458222806453705 
1786	 0.45879790186882 
1787	 0.45937180519104 
1788	 0.4598748087883 
1789	 0.460328549146652 
1790	 0.460795938968658 
1791	 0.46120411157608 
1792	 0.461627900600433 
1793	 0.462079346179962 
1794	 0.46248996257782 
1795	 0.462842971086502 
1796	 0.463173776865005 
1797	 0.463523119688034 
1798	 0.463806718587875 
1799	 0.464120805263519 
1800	 0.464463949203491 
1801	 0.460648328065872 
1802	 0.461708128452301 
1803	 0.462660402059555 
1804	 0.463466942310333 
1805	 0.464245736598969 
1806	 0.464917570352554 
1807	 0.465476393699646 
1808	 0.46601065993309 
1809	 0.466447234153748 
1810	 0.466884255409241 
1811	 0.467284053564072 
1812	 0.467659056186676 
1813	 0.468001067638397 
1814	 0.468340516090393 
1815	 0.468611150979996 
1816	 0.468860447406769 
1817	 0.469131976366043 
1818	 0.469373047351837 
1819	 0.469650089740753 
1820	 0.469958573579788 
1821	 0.470256179571152 
1822	 0.470567643642426 
1823	 0.470867514610291 
1824	 0.47113972902298 
1825	 0.471440017223358 
1826	 0.47171875834465 
1827	 0.471985191106796 
1828	 0.472234457731247 
1829	 0.472479671239853 
1830	 0.472708106040955 
1831	 0.47291499376297 
1832	 0.473127782344818 
1833	 0.473301917314529 
1834	 0.473485320806503 
1835	 0.473630845546722 
1836	 0.473764806985855 
1837	 0.473954260349274 
1838	 0.474141985177994 
1839	 0.474387288093567 
1840	 0.474678725004196 
1841	 0.475000500679016 
1842	 0.475370228290558 
1843	 0.475764185190201 
1844	 0.476147592067719 
1845	 0.476529777050018 
1846	 0.476886808872223 
1847	 0.47717610001564 
1848	 0.477465122938156 
1849	 0.477765202522278 
1850	 0.477996706962585 
1851	 0.478197187185287 
1852	 0.478358000516891 
1853	 0.478433847427368 
1854	 0.478442490100861 
1855	 0.478366792201996 
1856	 0.478288382291794 
1857	 0.478206992149353 
1858	 0.478030741214752 
1859	 0.477833926677704 
1860	 0.477642834186554 
1861	 0.477331548929214 
1862	 0.476955384016037 
1863	 0.476526290178299 
1864	 0.475948214530945 
1865	 0.475322335958481 
1866	 0.474545627832413 
1867	 0.473634541034698 
1868	 0.472659349441528 
1869	 0.47158294916153 
1870	 0.470548927783966 
1871	 0.469440579414368 
1872	 0.468459367752075 
1873	 0.467527091503143 
1874	 0.466644436120987 
1875	 0.465851157903671 
1876	 0.464975446462631 
1877	 0.464126408100128 
1878	 0.463185161352158 
1879	 0.462114483118057 
1880	 0.461052477359772 
1881	 0.459792256355286 
1882	 0.458379805088043 
1883	 0.456880360841751 
1884	 0.455229103565216 
1885	 0.453322261571884 
1886	 0.451376438140869 
1887	 0.449280142784119 
1888	 0.44703620672226 
1889	 0.444867730140686 
1890	 0.442572444677353 
1891	 0.440228372812271 
1892	 0.437865763902664 
1893	 0.435316950082779 
1894	 0.432586878538132 
1895	 0.429877758026123 
1896	 0.427000939846039 
1897	 0.42395493388176 
1898	 0.42107880115509 
1899	 0.417981743812561 
1900	 0.414849638938904 
1901	 0.411746650934219 
1902	 0.408343374729156 
1903	 0.405053228139877 
1904	 0.401707679033279 
1905	 0.398291349411011 
1906	 0.394812017679214 
1907	 0.391548067331314 
1908	 0.388101428747177 
1909	 0.384710133075714 
1910	 0.381339520215988 
1911	 0.377720892429352 
1912	 0.374200165271759 
1913	 0.370658606290817 
1914	 0.367102384567261 
1915	 0.36390694975853 
1916	 0.360973358154297 
1917	 0.358123332262039 
1918	 0.355553925037384 
1919	 0.353389054536819 
1920	 0.351299822330475 
1921	 0.349666982889175 
1922	 0.348272949457169 
1923	 0.347079873085022 
1924	 0.346168398857117 
1925	 0.345303028821945 
1926	 0.34440541267395 
1927	 0.343662321567535 
1928	 0.34272238612175 
1929	 0.341720730066299 
1930	 0.340634495019913 
1931	 0.3394555747509 
1932	 0.338147759437561 
1933	 0.336899042129517 
1934	 0.335587799549103 
1935	 0.334325671195984 
1936	 0.333157688379288 
1937	 0.332085996866226 
1938	 0.331026881933212 
1939	 0.330216377973557 
1940	 0.329521864652634 
1941	 0.329028457403183 
1942	 0.328751415014267 
1943	 0.328642457723618 
1944	 0.328708857297897 
1945	 0.328988045454025 
1946	 0.329504460096359 
1947	 0.330164521932602 
1948	 0.331071436405182 
1949	 0.332248330116272 
1950	 0.333563059568405 
1951	 0.335091143846512 
1952	 0.336796551942825 
1953	 0.338679850101471 
1954	 0.340723931789398 
1955	 0.343040704727173 
1956	 0.345362514257431 
1957	 0.347747087478638 
1958	 0.350145757198334 
1959	 0.352279514074326 
1960	 0.354331523180008 
1961	 0.356209248304367 
1962	 0.357896953821182 
1963	 0.359460353851318 
1964	 0.360909879207611 
1965	 0.362156897783279 
1966	 0.363231688737869 
1967	 0.36418554186821 
1968	 0.364918947219849 
1969	 0.365635186433792 
1970	 0.366314947605133 
1971	 0.366980850696564 
1972	 0.367712587118149 
1973	 0.368437588214874 
1974	 0.369229644536972 
1975	 0.370097458362579 
1976	 0.370946705341339 
1977	 0.371808618307114 
1978	 0.372728914022446 
1979	 0.373672842979431 
1980	 0.374617457389832 
1981	 0.375663608312607 
1982	 0.37669637799263 
1983	 0.377801924943924 
1984	 0.378943860530853 
1985	 0.380064338445663 
1986	 0.38127389550209 
1987	 0.382534861564636 
1988	 0.38374063372612 
1989	 0.385185271501541 
1990	 0.386778086423874 
1991	 0.388444721698761 
1992	 0.390256583690643 
1993	 0.39219468832016 
1994	 0.3940609395504 
1995	 0.396104961633682 
1996	 0.398176819086075 
1997	 0.400259107351303 
1998	 0.402408391237259 
1999	 0.404677778482437 
2000	 0.406805992126465 
2001	 0.409025371074677 
2002	 0.411024063825607 
2003	 0.412890076637268 
2004	 0.414708495140076 
2005	 0.416359573602676 
2006	 0.418015360832214 
2007	 0.419683396816254 
2008	 0.421200126409531 
2009	 0.422661632299423 
2010	 0.424089998006821 
2011	 0.425322562456131 
2012	 0.426504820585251 
2013	 0.427615612745285 
2014	 0.428612500429153 
2015	 0.429589837789536 
2016	 0.430514127016068 
2017	 0.431383937597275 
2018	 0.432219088077545 
2019	 0.432983726263046 
2020	 0.433670789003372 
2021	 0.434326767921448 
2022	 0.434917062520981 
2023	 0.435440748929977 
2024	 0.435962855815887 
2025	 0.436424821615219 
2026	 0.43682798743248 
2027	 0.437198787927628 
2028	 0.437491416931152 
2029	 0.437675535678864 
2030	 0.43787482380867 
2031	 0.438023686408997 
2032	 0.438164591789246 
2033	 0.438285410404205 
2034	 0.438396990299225 
2035	 0.43849128484726 
2036	 0.438572317361832 
2037	 0.438621342182159 
2038	 0.43865430355072 
2039	 0.438683897256851 
2040	 0.438684701919556 
2041	 0.438693642616272 
2042	 0.438708335161209 
2043	 0.438717156648636 
2044	 0.438693404197693 
2045	 0.438705742359161 
2046	 0.438739836215973 
2047	 0.438765823841095 
2048	 0.438820689916611 
2049	 0.438856899738312 
2050	 0.438886225223541 
2051	 0.438897967338562 
2052	 0.438909322023392 
2053	 0.438916504383087 
2054	 0.43892228603363 
2055	 0.438928097486496 
2056	 0.438927352428436 
2057	 0.43891453742981 
2058	 0.438908964395523 
2059	 0.438888698816299 
2060	 0.438897997140884 
2061	 0.438924431800842 
2062	 0.43895635008812 
2063	 0.439024597406387 
2064	 0.43906381726265 
2065	 0.439083725214005 
2066	 0.439112424850464 
2067	 0.439146012067795 
2068	 0.439187943935394 
2069	 0.439262092113495 
2070	 0.439381539821625 
2071	 0.439471453428268 
2072	 0.43957132101059 
2073	 0.439657241106033 
2074	 0.43972173333168 
2075	 0.439808309078217 
2076	 0.439918220043182 
2077	 0.439999520778656 
2078	 0.440095126628876 
2079	 0.440151691436768 
2080	 0.440174221992493 
2081	 0.440182626247406 
2082	 0.440172165632248 
2083	 0.440137505531311 
2084	 0.440090179443359 
2085	 0.440044224262238 
2086	 0.43996188044548 
2087	 0.439858734607697 
2088	 0.439739316701889 
2089	 0.439584076404572 
2090	 0.439433962106705 
2091	 0.439275562763214 
2092	 0.439107537269592 
2093	 0.438926994800568 
2094	 0.438742190599442 
2095	 0.438535094261169 
2096	 0.438347578048706 
2097	 0.438155084848404 
2098	 0.437986731529236 
2099	 0.437824696302414 
2100	 0.437651008367538 
2101	 0.43747016787529 
2102	 0.437279999256134 
2103	 0.437091857194901 
2104	 0.436891615390778 
2105	 0.436709016561508 
2106	 0.436541855335236 
2107	 0.436357945203781 
2108	 0.436170816421509 
2109	 0.435989052057266 
2110	 0.435805439949036 
2111	 0.435613870620728 
2112	 0.435417592525482 
2113	 0.43522721529007 
2114	 0.435023933649063 
2115	 0.434834659099579 
2116	 0.434648424386978 
2117	 0.434498310089111 
2118	 0.434322863817215 
2119	 0.434135437011719 
2120	 0.433976233005524 
2121	 0.433830499649048 
2122	 0.433670669794083 
2123	 0.433546304702759 
2124	 0.433362513780594 
2125	 0.433136940002441 
2126	 0.432915091514587 
2127	 0.43268609046936 
2128	 0.432427048683167 
2129	 0.432144701480865 
2130	 0.431855231523514 
2131	 0.431534260511398 
2132	 0.431208819150925 
2133	 0.430874139070511 
2134	 0.430550098419189 
2135	 0.430181801319122 
2136	 0.42981430888176 
2137	 0.429422318935394 
2138	 0.429010421037674 
2139	 0.428584724664688 
2140	 0.428139120340347 
2141	 0.427687078714371 
2142	 0.427219957113266 
2143	 0.426747292280197 
2144	 0.426263153553009 
2145	 0.425776720046997 
2146	 0.425265371799469 
2147	 0.42478135228157 
2148	 0.424315065145493 
2149	 0.423835128545761 
2150	 0.423410832881927 
2151	 0.422903150320053 
2152	 0.422326445579529 
2153	 0.421760857105255 
2154	 0.421170741319656 
2155	 0.42056268453598 
2156	 0.419997245073318 
2157	 0.419481158256531 
2158	 0.418907791376114 
2159	 0.418335258960724 
2160	 0.417721301317215 
2161	 0.417068690061569 
2162	 0.416422486305237 
2163	 0.415714651346207 
2164	 0.415091305971146 
2165	 0.414499670267105 
2166	 0.413914799690247 
2167	 0.413391441106796 
2168	 0.412843495607376 
2169	 0.412260055541992 
2170	 0.411729216575623 
2171	 0.411198735237122 
2172	 0.410722196102142 
2173	 0.410299986600876 
2174	 0.409900337457657 
2175	 0.409516364336014 
2176	 0.409179180860519 
2177	 0.408844441175461 
2178	 0.408531755208969 
2179	 0.40821036696434 
2180	 0.40789195895195 
2181	 0.407609313726425 
2182	 0.407342046499252 
2183	 0.40707129240036 
2184	 0.406847417354584 
2185	 0.406583249568939 
2186	 0.40630429983139 
2187	 0.406006157398224 
2188	 0.40569731593132 
2189	 0.405365705490112 
2190	 0.404978901147842 
2191	 0.404627174139023 
2192	 0.404323607683182 
2193	 0.403947442770004 
2194	 0.403536140918732 
2195	 0.403132438659668 
2196	 0.402688652276993 
2197	 0.402221381664276 
2198	 0.401803463697433 
2199	 0.401364475488663 
2200	 0.400891035795212 
2201	 0.400399029254913 
2202	 0.399855136871338 
2203	 0.399258375167847 
2204	 0.398687094449997 
2205	 0.398068994283676 
2206	 0.397498190402985 
2207	 0.396988570690155 
2208	 0.396398037672043 
2209	 0.395782321691513 
2210	 0.395152777433395 
2211	 0.394454509019852 
2212	 0.393816232681274 
2213	 0.3931645154953 
2214	 0.392578929662704 
2215	 0.392049878835678 
2216	 0.391522318124771 
2217	 0.391030430793762 
2218	 0.390569984912872 
2219	 0.390147715806961 
2220	 0.389709949493408 
2221	 0.389280498027802 
2222	 0.388876259326935 
2223	 0.388504415750504 
2224	 0.38810470700264 
2225	 0.387768000364304 
2226	 0.387441575527191 
2227	 0.386996984481812 
2228	 0.386516153812408 
2229	 0.385936200618744 
2230	 0.3852479159832 
2231	 0.384533911943436 
2232	 0.383769363164902 
2233	 0.382916152477264 
2234	 0.382058203220367 
2235	 0.380994945764542 
2236	 0.379786103963852 
2237	 0.378491461277008 
2238	 0.37702152132988 
2239	 0.375515073537827 
2240	 0.373940914869308 
2241	 0.372266262769699 
2242	 0.370569318532944 
2243	 0.368651241064072 
2244	 0.366557717323303 
2245	 0.364399135112762 
2246	 0.361955583095551 
2247	 0.359609544277191 
2248	 0.35731041431427 
2249	 0.354891508817673 
2250	 0.352429449558258 
2251	 0.349980771541595 
2252	 0.347234666347504 
2253	 0.344472318887711 
2254	 0.341629147529602 
2255	 0.338666975498199 
2256	 0.335884153842926 
2257	 0.333051979541779 
2258	 0.330244511365891 
2259	 0.327526688575745 
2260	 0.324654310941696 
2261	 0.321676552295685 
2262	 0.318800687789917 
2263	 0.315777122974396 
2264	 0.313056260347366 
2265	 0.310506612062454 
2266	 0.307991862297058 
2267	 0.305688589811325 
2268	 0.303315669298172 
2269	 0.300879329442978 
2270	 0.298664122819901 
2271	 0.296494871377945 
2272	 0.294499099254608 
2273	 0.292776256799698 
2274	 0.290989577770233 
2275	 0.28936105966568 
2276	 0.287603348493576 
2277	 0.285822480916977 
2278	 0.284010589122772 
2279	 0.282074928283691 
2280	 0.280203640460968 
2281	 0.278418064117432 
2282	 0.276494055986404 
2283	 0.274523019790649 
2284	 0.272562056779861 
2285	 0.270347118377686 
2286	 0.268168419599533 
2287	 0.265930742025375 
2288	 0.263611435890198 
2289	 0.261427044868469 
2290	 0.259118348360062 
2291	 0.256837993860245 
2292	 0.25452595949173 
2293	 0.251913577318192 
2294	 0.249354496598244 
2295	 0.246730983257294 
2296	 0.244043365120888 
2297	 0.241621941328049 
2298	 0.239323928952217 
2299	 0.237167090177536 
2300	 0.235167145729065 
2301	 0.233352825045586 
2302	 0.231629267334938 
2303	 0.230287328362465 
2304	 0.229176610708237 
2305	 0.228384718298912 
2306	 0.227953210473061 
2307	 0.227731451392174 
2308	 0.227780923247337 
2309	 0.22810672223568 
2310	 0.228670164942741 
2311	 0.229600191116333 
2312	 0.230923771858215 
2313	 0.232453539967537 
2314	 0.23438835144043 
2315	 0.236440852284431 
2316	 0.238762006163597 
2317	 0.241133853793144 
2318	 0.243930116295815 
2319	 0.246299207210541 
2320	 0.24870277941227 
2321	 0.250749856233597 
2322	 0.252452194690704 
2323	 0.253989905118942 
2324	 0.255297660827637 
2325	 0.256418317556381 
2326	 0.25725719332695 
2327	 0.257990002632141 
2328	 0.258517026901245 
2329	 0.258969306945801 
2330	 0.259259432554245 
2331	 0.259512007236481 
2332	 0.259641200304031 
2333	 0.259594857692719 
2334	 0.259434759616852 
2335	 0.259202867746353 
2336	 0.258900463581085 
2337	 0.25850772857666 
2338	 0.258040934801102 
2339	 0.257455706596375 
2340	 0.256801813840866 
2341	 0.256087005138397 
2342	 0.255292892456055 
2343	 0.254478454589844 
2344	 0.25365361571312 
2345	 0.252809166908264 
2346	 0.252084642648697 
2347	 0.251569449901581 
2348	 0.251195192337036 
2349	 0.251084417104721 
2350	 0.251377820968628 
2351	 0.251943975687027 
2352	 0.252829372882843 
2353	 0.25416973233223 
2354	 0.255541861057281 
2355	 0.257057696580887 
2356	 0.258624404668808 
2357	 0.260036438703537 
2358	 0.261450111865997 
2359	 0.262594699859619 
2360	 0.263543516397476 
2361	 0.264329224824905 
2362	 0.264837026596069 
2363	 0.265149176120758 
2364	 0.265309244394302 
2365	 0.26526203751564 
2366	 0.265067726373672 
2367	 0.264895558357239 
2368	 0.264786899089813 
2369	 0.264626443386078 
2370	 0.264449775218964 
2371	 0.264319539070129 
2372	 0.264159709215164 
2373	 0.263989716768265 
2374	 0.263806104660034 
2375	 0.263580739498138 
2376	 0.263243913650513 
2377	 0.262821614742279 
2378	 0.262406945228577 
2379	 0.261954098939896 
2380	 0.261491686105728 
2381	 0.261008501052856 
2382	 0.260505229234695 
2383	 0.259980916976929 
2384	 0.259468525648117 
2385	 0.2589271068573 
2386	 0.258455634117126 
2387	 0.258002817630768 
2388	 0.257532358169556 
2389	 0.257096618413925 
2390	 0.256638437509537 
2391	 0.256217420101166 
2392	 0.255752682685852 
2393	 0.255219966173172 
2394	 0.25471818447113 
2395	 0.254179388284683 
2396	 0.253661602735519 
2397	 0.253243893384933 
2398	 0.252754598855972 
2399	 0.252182364463806 
2400	 0.251672327518463 
2401	 0.251145422458649 
2402	 0.250698536634445 
2403	 0.250271856784821 
2404	 0.249824061989784 
2405	 0.249392539262772 
2406	 0.248985216021538 
2407	 0.248623043298721 
2408	 0.248303398489952 
2409	 0.247953966259956 
2410	 0.247494980692863 
2411	 0.247017100453377 
2412	 0.246648460626602 
2413	 0.246341392397881 
2414	 0.246142894029617 
2415	 0.24601311981678 
2416	 0.245801791548729 
2417	 0.245517820119858 
2418	 0.245227694511414 
2419	 0.245049178600311 
2420	 0.244960561394691 
2421	 0.244877099990845 
2422	 0.244766294956207 
2423	 0.244559392333031 
2424	 0.244254618883133 
2425	 0.243948861956596 
2426	 0.243750765919685 
2427	 0.243705943226814 
2428	 0.243701696395874 
2429	 0.243674725294113 
2430	 0.243586823344231 
2431	 0.243347629904747 
2432	 0.243056997656822 
2433	 0.242808148264885 
2434	 0.24258391559124 
2435	 0.24233466386795 
2436	 0.242057368159294 
2437	 0.241818800568581 
2438	 0.241669282317162 
2439	 0.241530910134315 
2440	 0.24135784804821 
2441	 0.241224780678749 
2442	 0.241141110658646 
2443	 0.240903705358505 
2444	 0.240535736083984 
2445	 0.240393579006195 
2446	 0.240032285451889 
2447	 0.239505738019943 
2448	 0.239237397909164 
2449	 0.238696977496147 
2450	 0.238102838397026 
2451	 0.237708851695061 
2452	 0.237416177988052 
2453	 0.23711284995079 
2454	 0.236600786447525 
2455	 0.236080259084702 
2456	 0.235450267791748 
2457	 0.234779343008995 
2458	 0.234257951378822 
2459	 0.233626186847687 
2460	 0.23302598297596 
2461	 0.232441276311874 
2462	 0.231831014156342 
2463	 0.231634631752968 
2464	 0.231343507766724 
2465	 0.23090124130249 
2466	 0.230695948004723 
2467	 0.230386465787888 
2468	 0.230216413736343 
2469	 0.23025307059288 
2470	 0.230121567845345 
2471	 0.229918211698532 
2472	 0.229814469814301 
2473	 0.229732796549797 
2474	 0.22977814078331 
2475	 0.229929432272911 
2476	 0.229949578642845 
2477	 0.229810699820518 
2478	 0.229660376906395 
2479	 0.229623019695282 
2480	 0.229366958141327 
2481	 0.229479908943176 
2482	 0.229945093393326 
2483	 0.229797258973122 
2484	 0.230052500963211 
2485	 0.230406060814857 
2486	 0.230595275759697 
2487	 0.231194600462914 
2488	 0.231876373291016 
2489	 0.232202380895615 
2490	 0.232484593987465 
2491	 0.232971489429474 
2492	 0.233300864696503 
2493	 0.233706027269363 
2494	 0.234427899122238 
2495	 0.234809070825577 
2496	 0.235239148139954 
2497	 0.235709831118584 
2498	 0.23609533905983 
2499	 0.236748293042183 
2500	 0.237436816096306 
