Wavelength	1b.001
350	 0.855423092842102 
351	 0.861276030540466 
352	 0.870194494724274 
353	 0.881943821907043 
354	 0.892531335353851 
355	 0.895908951759338 
356	 0.894812822341919 
357	 0.895513772964478 
358	 0.90812760591507 
359	 0.922943592071533 
360	 0.930619955062866 
361	 0.926050364971161 
362	 0.92765998840332 
363	 0.932029366493225 
364	 0.936523139476776 
365	 0.942643344402313 
366	 0.942741334438324 
367	 0.94444477558136 
368	 0.952966332435608 
369	 0.952593266963959 
370	 0.95400995016098 
371	 0.95734316110611 
372	 0.957520723342896 
373	 0.963162362575531 
374	 0.965786457061768 
375	 0.964089155197144 
376	 0.969712018966675 
377	 0.970328867435455 
378	 0.972637176513672 
379	 0.982221126556396 
380	 0.982499063014984 
381	 0.982837855815887 
382	 0.985960006713867 
383	 0.989693462848663 
384	 0.989970684051514 
385	 0.98861300945282 
386	 0.98867267370224 
387	 0.993965983390808 
388	 0.998080730438232 
389	 0.999679803848267 
390	 1.00069606304169 
391	 1.00939357280731 
392	 1.01496911048889 
393	 1.01429569721222 
394	 1.01105904579163 
395	 1.01461124420166 
396	 1.017697930336 
397	 1.01690638065338 
398	 1.01878714561462 
399	 1.02482509613037 
400	 1.03071975708008 
401	 1.03214538097382 
402	 1.03358948230743 
403	 1.03401374816895 
404	 1.03527903556824 
405	 1.04083347320557 
406	 1.04330706596375 
407	 1.04581654071808 
408	 1.04941260814667 
409	 1.04716086387634 
410	 1.04942631721497 
411	 1.05404448509216 
412	 1.05582582950592 
413	 1.05751192569733 
414	 1.06026077270508 
415	 1.06312811374664 
416	 1.06351816654205 
417	 1.06418228149414 
418	 1.06579434871674 
419	 1.0682225227356 
420	 1.07056033611298 
421	 1.0728052854538 
422	 1.07406425476074 
423	 1.07376945018768 
424	 1.07546019554138 
425	 1.07727766036987 
426	 1.07848823070526 
427	 1.08014714717865 
428	 1.08187234401703 
429	 1.08237981796265 
430	 1.08177149295807 
431	 1.08511006832123 
432	 1.0867406129837 
433	 1.08656704425812 
434	 1.08750998973846 
435	 1.08786082267761 
436	 1.08873534202576 
437	 1.09031116962433 
438	 1.090864777565 
439	 1.09135949611664 
440	 1.09213268756866 
441	 1.09318602085114 
442	 1.09392428398132 
443	 1.0942565202713 
444	 1.09456968307495 
445	 1.09554815292358 
446	 1.0965975522995 
447	 1.09745037555695 
448	 1.09800815582275 
449	 1.09837412834167 
450	 1.09863984584808 
451	 1.09948575496674 
452	 1.10128247737885 
453	 1.10119235515594 
454	 1.10151124000549 
455	 1.10277009010315 
456	 1.10316848754883 
457	 1.1036251783371 
458	 1.10385191440582 
459	 1.10368919372559 
460	 1.10400235652924 
461	 1.10506558418274 
462	 1.10642647743225 
463	 1.10725879669189 
464	 1.10773932933807 
465	 1.10753273963928 
466	 1.10706436634064 
467	 1.10799098014832 
468	 1.10897660255432 
469	 1.10946035385132 
470	 1.10929489135742 
471	 1.10884130001068 
472	 1.10945856571198 
473	 1.11050987243652 
474	 1.10995495319366 
475	 1.11026358604431 
476	 1.11106836795807 
477	 1.11171174049377 
478	 1.11189520359039 
479	 1.1125431060791 
480	 1.11305499076843 
481	 1.11256790161133 
482	 1.11259078979492 
483	 1.11316788196564 
484	 1.11364674568176 
485	 1.11276388168335 
486	 1.1127792596817 
487	 1.11326718330383 
488	 1.11351454257965 
489	 1.11404132843018 
490	 1.11447584629059 
491	 1.11424779891968 
492	 1.11304795742035 
493	 1.11407887935638 
494	 1.11458313465118 
495	 1.11346650123596 
496	 1.11360371112823 
497	 1.11348927021027 
498	 1.11325466632843 
499	 1.11332964897156 
500	 1.11320471763611 
501	 1.11358070373535 
502	 1.11416602134705 
503	 1.1138322353363 
504	 1.11334145069122 
505	 1.11329126358032 
506	 1.1136087179184 
507	 1.11259961128235 
508	 1.11218297481537 
509	 1.11232304573059 
510	 1.1122145652771 
511	 1.1124449968338 
512	 1.11207234859467 
513	 1.11106383800507 
514	 1.110671043396 
515	 1.11083722114563 
516	 1.11087596416473 
517	 1.11047828197479 
518	 1.11151039600372 
519	 1.11143815517426 
520	 1.11030495166779 
521	 1.10990715026855 
522	 1.10940420627594 
523	 1.10943579673767 
524	 1.10993492603302 
525	 1.10898911952972 
526	 1.10844910144806 
527	 1.10841703414917 
528	 1.10833036899567 
529	 1.10761058330536 
530	 1.10733914375305 
531	 1.1072963476181 
532	 1.10586023330688 
533	 1.10548341274261 
534	 1.10553693771362 
535	 1.10513842105865 
536	 1.10477256774902 
537	 1.10396802425385 
538	 1.10301339626312 
539	 1.10252046585083 
540	 1.1019321680069 
541	 1.10116374492645 
542	 1.10021376609802 
543	 1.09910988807678 
544	 1.09800410270691 
545	 1.09701561927795 
546	 1.09614109992981 
547	 1.09492552280426 
548	 1.09373927116394 
549	 1.09266591072083 
550	 1.09151005744934 
551	 1.09032046794891 
552	 1.08865392208099 
553	 1.08640813827515 
554	 1.08448791503906 
555	 1.0827522277832 
556	 1.08073115348816 
557	 1.07794463634491 
558	 1.07524800300598 
559	 1.0722850561142 
560	 1.06898665428162 
561	 1.06580948829651 
562	 1.06249749660492 
563	 1.05880784988403 
564	 1.05463850498199 
565	 1.05032408237457 
566	 1.04580867290497 
567	 1.04113125801086 
568	 1.03635227680206 
569	 1.03080260753632 
570	 1.02487432956696 
571	 1.01887834072113 
572	 1.01267051696777 
573	 1.00589370727539 
574	 0.99873822927475 
575	 0.991474628448486 
576	 0.983590662479401 
577	 0.975505888462067 
578	 0.967090368270874 
579	 0.957625329494476 
580	 0.948046624660492 
581	 0.938046455383301 
582	 0.927259087562561 
583	 0.916065216064453 
584	 0.904255092144012 
585	 0.891786515712738 
586	 0.878686368465424 
587	 0.86469978094101 
588	 0.85025018453598 
589	 0.835453391075134 
590	 0.819981813430786 
591	 0.803993463516235 
592	 0.787717342376709 
593	 0.771350026130676 
594	 0.755035281181335 
595	 0.738564252853394 
596	 0.721876442432404 
597	 0.705098211765289 
598	 0.688295423984528 
599	 0.671376824378967 
600	 0.654277324676514 
601	 0.637142360210419 
602	 0.620194792747498 
603	 0.603471338748932 
604	 0.58698570728302 
605	 0.57092010974884 
606	 0.555468082427979 
607	 0.540627479553223 
608	 0.526244044303894 
609	 0.512528240680695 
610	 0.499496787786484 
611	 0.487074345350266 
612	 0.47520524263382 
613	 0.463990867137909 
614	 0.453468084335327 
615	 0.44360363483429 
616	 0.434329390525818 
617	 0.425636261701584 
618	 0.417506486177444 
619	 0.409869343042374 
620	 0.402837306261063 
621	 0.396364092826843 
622	 0.390353620052338 
623	 0.384748935699463 
624	 0.379511505365372 
625	 0.374637097120285 
626	 0.370140373706818 
627	 0.365943104028702 
628	 0.362070024013519 
629	 0.358537793159485 
630	 0.355320751667023 
631	 0.352193117141724 
632	 0.349258482456207 
633	 0.34671339392662 
634	 0.344215989112854 
635	 0.341869294643402 
636	 0.339722573757172 
637	 0.337720781564713 
638	 0.335820198059082 
639	 0.334060788154602 
640	 0.33245375752449 
641	 0.330845594406128 
642	 0.329371809959412 
643	 0.328013360500336 
644	 0.326658546924591 
645	 0.325308173894882 
646	 0.324115097522736 
647	 0.32306233048439 
648	 0.321821093559265 
649	 0.320730328559875 
650	 0.319785684347153 
651	 0.318884342908859 
652	 0.318000316619873 
653	 0.317098349332809 
654	 0.316231399774551 
655	 0.315502345561981 
656	 0.314676731824875 
657	 0.313844114542007 
658	 0.313087344169617 
659	 0.312361359596252 
660	 0.311667680740356 
661	 0.311024993658066 
662	 0.31043016910553 
663	 0.309724748134613 
664	 0.309029698371887 
665	 0.308429837226868 
666	 0.307945907115936 
667	 0.307375520467758 
668	 0.30678516626358 
669	 0.306245177984238 
670	 0.305679976940155 
671	 0.305146634578705 
672	 0.304622083902359 
673	 0.304063737392426 
674	 0.303557157516479 
675	 0.303110778331757 
676	 0.302699565887451 
677	 0.302268266677856 
678	 0.301864564418793 
679	 0.301393330097198 
680	 0.300826489925385 
681	 0.300435215234756 
682	 0.300040781497955 
683	 0.299623250961304 
684	 0.299240827560425 
685	 0.2988221347332 
686	 0.298439294099808 
687	 0.298103094100952 
688	 0.297719568014145 
689	 0.29730686545372 
690	 0.296901881694794 
691	 0.296530067920685 
692	 0.296149879693985 
693	 0.295823901891708 
694	 0.295496821403503 
695	 0.295068770647049 
696	 0.294754505157471 
697	 0.294503003358841 
698	 0.294245272874832 
699	 0.293940424919128 
700	 0.293558359146118 
701	 0.293193280696869 
702	 0.292920261621475 
703	 0.292595893144608 
704	 0.292318642139435 
705	 0.292069166898727 
706	 0.291756391525269 
707	 0.29147869348526 
708	 0.29111659526825 
709	 0.29071232676506 
710	 0.290628910064697 
711	 0.290417104959488 
712	 0.290121674537659 
713	 0.289886504411697 
714	 0.289612293243408 
715	 0.289336234331131 
716	 0.289040565490723 
717	 0.288679778575897 
718	 0.288350880146027 
719	 0.288130611181259 
720	 0.287990570068359 
721	 0.287742376327515 
722	 0.287400215864182 
723	 0.287107169628143 
724	 0.28695359826088 
725	 0.286634474992752 
726	 0.286428928375244 
727	 0.286298334598541 
728	 0.286001920700073 
729	 0.285769879817963 
730	 0.285579264163971 
731	 0.285370975732803 
732	 0.285080224275589 
733	 0.284825205802917 
734	 0.284625440835953 
735	 0.284454613924026 
736	 0.284249544143677 
737	 0.283997356891632 
738	 0.28372186422348 
739	 0.28347185254097 
740	 0.283270865678787 
741	 0.283106684684753 
742	 0.282951146364212 
743	 0.282763302326202 
744	 0.282489895820618 
745	 0.282232373952866 
746	 0.282057553529739 
747	 0.28175875544548 
748	 0.281524389982224 
749	 0.281409621238709 
750	 0.281360864639282 
751	 0.28118759393692 
752	 0.280903667211533 
753	 0.28059247136116 
754	 0.280387878417969 
755	 0.280244499444962 
756	 0.280107766389847 
757	 0.27993568778038 
758	 0.279738873243332 
759	 0.279483169317245 
760	 0.279226779937744 
761	 0.2790507376194 
762	 0.27886638045311 
763	 0.278780251741409 
764	 0.27872022986412 
765	 0.278434783220291 
766	 0.278245478868485 
767	 0.278090298175812 
768	 0.277883797883987 
769	 0.277652859687805 
770	 0.27751237154007 
771	 0.277388423681259 
772	 0.27716913819313 
773	 0.276940196752548 
774	 0.276736736297607 
775	 0.276574373245239 
776	 0.276450455188751 
777	 0.276358395814896 
778	 0.276239603757858 
779	 0.276068240404129 
780	 0.27588415145874 
781	 0.275659173727036 
782	 0.27550196647644 
783	 0.275458514690399 
784	 0.27522999048233 
785	 0.274993270635605 
786	 0.274821490049362 
787	 0.274708151817322 
788	 0.274565517902374 
789	 0.274398803710938 
790	 0.274230152368546 
791	 0.274083763360977 
792	 0.273786038160324 
793	 0.273590356111526 
794	 0.273614943027496 
795	 0.273443877696991 
796	 0.273224085569382 
797	 0.273060202598572 
798	 0.272997379302979 
799	 0.272834569215775 
800	 0.272687047719955 
801	 0.272561132907867 
802	 0.272380203008652 
803	 0.272232562303543 
804	 0.272039026021957 
805	 0.271792024374008 
806	 0.271618813276291 
807	 0.271504908800125 
808	 0.271405667066574 
809	 0.27127742767334 
810	 0.271110087633133 
811	 0.270944863557816 
812	 0.270792126655579 
813	 0.270660310983658 
814	 0.270646929740906 
815	 0.27055823802948 
816	 0.270374029874802 
817	 0.270236372947693 
818	 0.270094066858292 
819	 0.269909888505936 
820	 0.269691109657288 
821	 0.269513010978699 
822	 0.269357115030289 
823	 0.26924866437912 
824	 0.269192636013031 
825	 0.269117057323456 
826	 0.268940091133118 
827	 0.268769949674606 
828	 0.268735438585281 
829	 0.268527776002884 
830	 0.268361419439316 
831	 0.268288910388947 
832	 0.268195539712906 
833	 0.268085896968842 
834	 0.267986834049225 
835	 0.26788654923439 
836	 0.267708420753479 
837	 0.267519026994705 
838	 0.267446845769882 
839	 0.267489284276962 
840	 0.267232894897461 
841	 0.267104834318161 
842	 0.267070472240448 
843	 0.266944408416748 
844	 0.266816318035126 
845	 0.266659826040268 
846	 0.266504317522049 
847	 0.266407519578934 
848	 0.266289889812469 
849	 0.26614835858345 
850	 0.266014039516449 
851	 0.265942186117172 
852	 0.265816867351532 
853	 0.265674114227295 
854	 0.265554279088974 
855	 0.265435636043549 
856	 0.265342563390732 
857	 0.265188485383987 
858	 0.264955639839172 
859	 0.264994561672211 
860	 0.264985620975494 
861	 0.264828115701675 
862	 0.264594733715057 
863	 0.264579653739929 
864	 0.264506280422211 
865	 0.264308154582977 
866	 0.264145880937576 
867	 0.264184713363647 
868	 0.264162808656693 
869	 0.263973325490952 
870	 0.263804048299789 
871	 0.263657480478287 
872	 0.263494223356247 
873	 0.26331627368927 
874	 0.263243496417999 
875	 0.263193219900131 
876	 0.263194799423218 
877	 0.263220369815826 
878	 0.262907385826111 
879	 0.262760996818542 
880	 0.262769401073456 
881	 0.262692451477051 
882	 0.262624233961105 
883	 0.262476980686188 
884	 0.262290060520172 
885	 0.26218456029892 
886	 0.262054294347763 
887	 0.261930584907532 
888	 0.261871367692947 
889	 0.261927098035812 
890	 0.261821925640106 
891	 0.261651813983917 
892	 0.261548340320587 
893	 0.261572450399399 
894	 0.261538505554199 
895	 0.261447191238403 
896	 0.261322021484375 
897	 0.261091589927673 
898	 0.260982125997543 
899	 0.26095712184906 
900	 0.260901391506195 
901	 0.260802119970322 
902	 0.260679364204407 
903	 0.260542720556259 
904	 0.260402083396912 
905	 0.260296016931534 
906	 0.260223716497421 
907	 0.260091125965118 
908	 0.259812504053116 
909	 0.259844273328781 
910	 0.259894162416458 
911	 0.259808540344238 
912	 0.259663313627243 
913	 0.259517401456833 
914	 0.25941988825798 
915	 0.259375840425491 
916	 0.259335786104202 
917	 0.259251534938812 
918	 0.259096294641495 
919	 0.258863776922226 
920	 0.258564502000809 
921	 0.258501589298248 
922	 0.258545398712158 
923	 0.258512496948242 
924	 0.2584068775177 
925	 0.258314847946167 
926	 0.258200526237488 
927	 0.258036881685257 
928	 0.257967621088028 
929	 0.257924735546112 
930	 0.257810771465302 
931	 0.257598400115967 
932	 0.257594645023346 
933	 0.257563322782516 
934	 0.257399946451187 
935	 0.257155537605286 
936	 0.257207453250885 
937	 0.257151573896408 
938	 0.256963193416595 
939	 0.256874322891235 
940	 0.256697028875351 
941	 0.256554007530212 
942	 0.256490051746368 
943	 0.256451457738876 
944	 0.256364762783051 
945	 0.256258904933929 
946	 0.256139725446701 
947	 0.255980104207993 
948	 0.255808681249619 
949	 0.255713909864426 
950	 0.255692780017853 
951	 0.255627244710922 
952	 0.255559384822845 
953	 0.255493402481079 
954	 0.255385339260101 
955	 0.255145013332367 
956	 0.255064845085144 
957	 0.25500875711441 
958	 0.254883170127869 
959	 0.254825681447983 
960	 0.254794925451279 
961	 0.25481104850769 
962	 0.25481453537941 
963	 0.254579454660416 
964	 0.254444986581802 
965	 0.254388719797134 
966	 0.254312694072723 
967	 0.254183888435364 
968	 0.25407013297081 
969	 0.253940403461456 
970	 0.253794342279434 
971	 0.253776758909225 
972	 0.253769099712372 
973	 0.253708124160767 
974	 0.253564447164536 
975	 0.253340303897858 
976	 0.253181219100952 
977	 0.253083050251007 
978	 0.253006994724274 
979	 0.252990484237671 
980	 0.252943456172943 
981	 0.252876102924347 
982	 0.252795994281769 
983	 0.252574741840363 
984	 0.252405345439911 
985	 0.252279311418533 
986	 0.252122223377228 
987	 0.251898735761642 
988	 0.251783639192581 
989	 0.251767069101334 
990	 0.251743853092194 
991	 0.251563757658005 
992	 0.251369327306747 
993	 0.251308977603912 
994	 0.251397639513016 
995	 0.251252770423889 
996	 0.250976979732513 
997	 0.250799477100372 
998	 0.250843673944473 
999	 0.250738948583603 
1000	 0.250662058591843 
1001	 0.25068935751915 
1002	 0.250559061765671 
1003	 0.250419080257416 
1004	 0.250322103500366 
1005	 0.250254273414612 
1006	 0.250162869691849 
1007	 0.250083208084106 
1008	 0.249995499849319 
1009	 0.249889314174652 
1010	 0.249793514609337 
1011	 0.249698579311371 
1012	 0.249625042080879 
1013	 0.249582603573799 
1014	 0.249502345919609 
1015	 0.249441087245941 
1016	 0.249332472681999 
1017	 0.249164819717407 
1018	 0.249013662338257 
1019	 0.248903080821037 
1020	 0.248802796006203 
1021	 0.248699620366096 
1022	 0.248622253537178 
1023	 0.248537018895149 
1024	 0.248444736003876 
1025	 0.248344674706459 
1026	 0.248246029019356 
1027	 0.248158305883408 
1028	 0.248066976666451 
1029	 0.247969463467598 
1030	 0.247882038354874 
1031	 0.247787624597549 
1032	 0.247649118304253 
1033	 0.247517481446266 
1034	 0.247415870428085 
1035	 0.247317358851433 
1036	 0.247225478291512 
1037	 0.247147917747498 
1038	 0.247064843773842 
1039	 0.246990412473679 
1040	 0.246909394860268 
1041	 0.246825411915779 
1042	 0.246745482087135 
1043	 0.246673405170441 
1044	 0.246575072407722 
1045	 0.246469601988792 
1046	 0.246367126703262 
1047	 0.246286973357201 
1048	 0.246208667755127 
1049	 0.246159613132477 
1050	 0.24613331258297 
1051	 0.246068447828293 
1052	 0.246006265282631 
1053	 0.245927423238754 
1054	 0.245804473757744 
1055	 0.245723754167557 
1056	 0.245661452412605 
1057	 0.245589345693588 
1058	 0.245531648397446 
1059	 0.245480686426163 
1060	 0.24538891017437 
1061	 0.245277836918831 
1062	 0.245192497968674 
1063	 0.245145499706268 
1064	 0.245100811123848 
1065	 0.245053753256798 
1066	 0.245004028081894 
1067	 0.244942933320999 
1068	 0.244865134358406 
1069	 0.244790822267532 
1070	 0.244707241654396 
1071	 0.244616761803627 
1072	 0.244494885206223 
1073	 0.24439412355423 
1074	 0.244287997484207 
1075	 0.244171321392059 
1076	 0.244053244590759 
1077	 0.243935659527779 
1078	 0.243854135274887 
1079	 0.243754550814629 
1080	 0.243673026561737 
1081	 0.243597701191902 
1082	 0.243459492921829 
1083	 0.243348926305771 
1084	 0.243254914879799 
1085	 0.243127331137657 
1086	 0.2430230230093 
1087	 0.242944702506065 
1088	 0.242861106991768 
1089	 0.242742955684662 
1090	 0.242635995149612 
1091	 0.242542117834091 
1092	 0.242469474673271 
1093	 0.242400005459785 
1094	 0.242339074611664 
1095	 0.242288142442703 
1096	 0.242207705974579 
1097	 0.242116883397102 
1098	 0.242030784487724 
1099	 0.241928949952126 
1100	 0.241829171776772 
1101	 0.241738945245743 
1102	 0.241634175181389 
1103	 0.241526573896408 
1104	 0.241414487361908 
1105	 0.241292640566826 
1106	 0.241178974509239 
1107	 0.241088554263115 
1108	 0.240996360778809 
1109	 0.240917295217514 
1110	 0.240858674049377 
1111	 0.240788102149963 
1112	 0.240694209933281 
1113	 0.240594819188118 
1114	 0.240476980805397 
1115	 0.240353778004646 
1116	 0.24027968943119 
1117	 0.240231409668922 
1118	 0.240154102444649 
1119	 0.240074530243874 
1120	 0.239982113242149 
1121	 0.239873573184013 
1122	 0.239752173423767 
1123	 0.239644303917885 
1124	 0.239572644233704 
1125	 0.239515408873558 
1126	 0.239451840519905 
1127	 0.239388465881348 
1128	 0.239321127533913 
1129	 0.23925194144249 
1130	 0.239188000559807 
1131	 0.239139825105667 
1132	 0.23909404873848 
1133	 0.239032164216042 
1134	 0.23896986246109 
1135	 0.238906562328339 
1136	 0.238839700818062 
1137	 0.238764822483063 
1138	 0.238679066300392 
1139	 0.238608121871948 
1140	 0.238531231880188 
1141	 0.238469079136848 
1142	 0.238425180315971 
1143	 0.238380163908005 
1144	 0.23833404481411 
1145	 0.238285973668098 
1146	 0.238239049911499 
1147	 0.238197982311249 
1148	 0.238169074058533 
1149	 0.238151848316193 
1150	 0.238146215677261 
1151	 0.238150656223297 
1152	 0.23814731836319 
1153	 0.238136738538742 
1154	 0.238141641020775 
1155	 0.238151639699936 
1156	 0.238165110349655 
1157	 0.238195359706879 
1158	 0.238216236233711 
1159	 0.238233953714371 
1160	 0.238246485590935 
1161	 0.238268554210663 
1162	 0.238283544778824 
1163	 0.238290160894394 
1164	 0.238278463482857 
1165	 0.238229021430016 
1166	 0.238174870610237 
1167	 0.238093614578247 
1168	 0.237974300980568 
1169	 0.237842917442322 
1170	 0.237679272890091 
1171	 0.237520769238472 
1172	 0.237337082624435 
1173	 0.237174808979034 
1174	 0.237012922763824 
1175	 0.236866772174835 
1176	 0.236727461218834 
1177	 0.236604139208794 
1178	 0.236499667167664 
1179	 0.23639152944088 
1180	 0.236298397183418 
1181	 0.236210763454437 
1182	 0.236134305596352 
1183	 0.23606364428997 
1184	 0.235978469252586 
1185	 0.235906735062599 
1186	 0.235838979482651 
1187	 0.235770463943481 
1188	 0.235700979828835 
1189	 0.235645174980164 
1190	 0.23557722568512 
1191	 0.235486567020416 
1192	 0.235422775149345 
1193	 0.235379606485367 
1194	 0.235322877764702 
1195	 0.23527866601944 
1196	 0.235217824578285 
1197	 0.235140457749367 
1198	 0.235058009624481 
1199	 0.234997972846031 
1200	 0.234942421317101 
1201	 0.234885275363922 
1202	 0.234823539853096 
1203	 0.234738290309906 
1204	 0.234654814004898 
1205	 0.234559029340744 
1206	 0.234456539154053 
1207	 0.234347820281982 
1208	 0.234227225184441 
1209	 0.234103426337242 
1210	 0.233986407518387 
1211	 0.233843103051186 
1212	 0.233678415417671 
1213	 0.233515202999115 
1214	 0.233320385217667 
1215	 0.233154341578484 
1216	 0.233014076948166 
1217	 0.232853651046753 
1218	 0.232690706849098 
1219	 0.232533186674118 
1220	 0.232371270656586 
1221	 0.232185289263725 
1222	 0.232012718915939 
1223	 0.231854721903801 
1224	 0.231678351759911 
1225	 0.231485992670059 
1226	 0.231311306357384 
1227	 0.231132328510284 
1228	 0.230969592928886 
1229	 0.23082047700882 
1230	 0.230671837925911 
1231	 0.230532824993134 
1232	 0.230390414595604 
1233	 0.230251908302307 
1234	 0.230114758014679 
1235	 0.229977428913116 
1236	 0.229844301939011 
1237	 0.229710355401039 
1238	 0.229581326246262 
1239	 0.229472160339355 
1240	 0.229332208633423 
1241	 0.229202225804329 
1242	 0.229100584983826 
1243	 0.228985875844955 
1244	 0.228862956166267 
1245	 0.228775665163994 
1246	 0.228707477450371 
1247	 0.228625848889351 
1248	 0.228577941656113 
1249	 0.22848442196846 
1250	 0.228357166051865 
1251	 0.228240698575974 
1252	 0.22811371088028 
1253	 0.227985948324203 
1254	 0.227849066257477 
1255	 0.227723777294159 
1256	 0.227597549557686 
1257	 0.227474868297577 
1258	 0.227368131279945 
1259	 0.227253183722496 
1260	 0.227121472358704 
1261	 0.227008894085884 
1262	 0.226909682154655 
1263	 0.226802140474319 
1264	 0.226707503199577 
1265	 0.226627767086029 
1266	 0.226543128490448 
1267	 0.226460590958595 
1268	 0.226375713944435 
1269	 0.226295381784439 
1270	 0.226210430264473 
1271	 0.22610904276371 
1272	 0.226035177707672 
1273	 0.225973263382912 
1274	 0.225913852453232 
1275	 0.225878790020943 
1276	 0.225826904177666 
1277	 0.225772127509117 
1278	 0.22571074962616 
1279	 0.225637093186378 
1280	 0.225571274757385 
1281	 0.225510135293007 
1282	 0.225439161062241 
1283	 0.225360721349716 
1284	 0.225291386246681 
1285	 0.22522284090519 
1286	 0.225150540471077 
1287	 0.225075379014015 
1288	 0.225007355213165 
1289	 0.224931821227074 
1290	 0.224839329719543 
1291	 0.224766507744789 
1292	 0.22470586001873 
1293	 0.224640756845474 
1294	 0.224585935473442 
1295	 0.224515378475189 
1296	 0.224431052803993 
1297	 0.224360778927803 
1298	 0.224296763539314 
1299	 0.224219799041748 
1300	 0.224150702357292 
1301	 0.224068433046341 
1302	 0.223954245448112 
1303	 0.223864644765854 
1304	 0.223791182041168 
1305	 0.22370819747448 
1306	 0.223632842302322 
1307	 0.223552122712135 
1308	 0.223458588123322 
1309	 0.223369836807251 
1310	 0.223284885287285 
1311	 0.22320793569088 
1312	 0.223116353154182 
1313	 0.223019018769264 
1314	 0.222928211092949 
1315	 0.222830012440681 
1316	 0.22274062037468 
1317	 0.222657352685928 
1318	 0.22257973253727 
1319	 0.222503140568733 
1320	 0.22243344783783 
1321	 0.222371190786362 
1322	 0.222315266728401 
1323	 0.222258120775223 
1324	 0.222217127680779 
1325	 0.222188219428062 
1326	 0.222166806459427 
1327	 0.22216109931469 
1328	 0.222152829170227 
1329	 0.222149446606636 
1330	 0.22214937210083 
1331	 0.22214537858963 
1332	 0.222153261303902 
1333	 0.222176715731621 
1334	 0.222193688154221 
1335	 0.222212180495262 
1336	 0.22224135696888 
1337	 0.22224934399128 
1338	 0.222252637147903 
1339	 0.222239017486572 
1340	 0.222215533256531 
1341	 0.22217670083046 
1342	 0.222120136022568 
1343	 0.222062394022942 
1344	 0.221998363733292 
1345	 0.221918806433678 
1346	 0.22183008491993 
1347	 0.221733778715134 
1348	 0.221614301204681 
1349	 0.221508473157883 
1350	 0.221398636698723 
1351	 0.221298322081566 
1352	 0.221209973096848 
1353	 0.221112608909607 
1354	 0.221013411879539 
1355	 0.220919966697693 
1356	 0.220815390348434 
1357	 0.22072771191597 
1358	 0.22065731883049 
1359	 0.220583319664001 
1360	 0.220508769154549 
1361	 0.220448061823845 
1362	 0.220392420887947 
1363	 0.220328390598297 
1364	 0.220265910029411 
1365	 0.220207154750824 
1366	 0.220148324966431 
1367	 0.220079064369202 
1368	 0.220032006502151 
1369	 0.219985693693161 
1370	 0.219971671700478 
1371	 0.219972610473633 
1372	 0.219996199011803 
1373	 0.220048323273659 
1374	 0.220106273889542 
1375	 0.220186352729797 
1376	 0.220262825489044 
1377	 0.220338195562363 
1378	 0.220439895987511 
1379	 0.220539286732674 
1380	 0.220676317811012 
1381	 0.220846980810165 
1382	 0.22103151679039 
1383	 0.221251964569092 
1384	 0.221465423703194 
1385	 0.221704035997391 
1386	 0.221921920776367 
1387	 0.222136661410332 
1388	 0.222336992621422 
1389	 0.222535192966461 
1390	 0.222706496715546 
1391	 0.22286368906498 
1392	 0.223003745079041 
1393	 0.223107740283012 
1394	 0.223177328705788 
1395	 0.223230168223381 
1396	 0.22324526309967 
1397	 0.223274514079094 
1398	 0.223283365368843 
1399	 0.223314061760902 
1400	 0.223331391811371 
1401	 0.223403334617615 
1402	 0.22349089384079 
1403	 0.223621115088463 
1404	 0.223802581429482 
1405	 0.223985210061073 
1406	 0.224183708429337 
1407	 0.224410757422447 
1408	 0.224664881825447 
1409	 0.224929884076118 
1410	 0.225222304463387 
1411	 0.225521981716156 
1412	 0.225836873054504 
1413	 0.226152002811432 
1414	 0.226495563983917 
1415	 0.226813122630119 
1416	 0.227139547467232 
1417	 0.227427929639816 
1418	 0.227696970105171 
1419	 0.227940633893013 
1420	 0.228162571787834 
1421	 0.228347986936569 
1422	 0.228515133261681 
1423	 0.228639781475067 
1424	 0.228726357221603 
1425	 0.228777050971985 
1426	 0.228790536522865 
1427	 0.228751718997955 
1428	 0.228666484355927 
1429	 0.228542894124985 
1430	 0.228374242782593 
1431	 0.228163510560989 
1432	 0.227904692292213 
1433	 0.227599233388901 
1434	 0.227253675460815 
1435	 0.22686368227005 
1436	 0.226429104804993 
1437	 0.225937321782112 
1438	 0.225447490811348 
1439	 0.224907502532005 
1440	 0.224388942122459 
1441	 0.223857879638672 
1442	 0.223347246646881 
1443	 0.22283311188221 
1444	 0.22234120965004 
1445	 0.221863493323326 
1446	 0.221408560872078 
1447	 0.220961466431618 
1448	 0.220547214150429 
1449	 0.22015568614006 
1450	 0.219792827963829 
1451	 0.219469323754311 
1452	 0.219145357608795 
1453	 0.218841329216957 
1454	 0.218551874160767 
1455	 0.218261435627937 
1456	 0.218002378940582 
1457	 0.217769578099251 
1458	 0.217553824186325 
1459	 0.217349290847778 
1460	 0.217180192470551 
1461	 0.217039078474045 
1462	 0.216922238469124 
1463	 0.216837152838707 
1464	 0.216775223612785 
1465	 0.216744899749756 
1466	 0.216722100973129 
1467	 0.216723874211311 
1468	 0.216749936342239 
1469	 0.216787621378899 
1470	 0.21682545542717 
1471	 0.216849356889725 
1472	 0.216886326670647 
1473	 0.216876938939095 
1474	 0.216860547661781 
1475	 0.216771170496941 
1476	 0.216657817363739 
1477	 0.216453164815903 
1478	 0.216165825724602 
1479	 0.215863302350044 
1480	 0.215486526489258 
1481	 0.215123072266579 
1482	 0.214724868535995 
1483	 0.214347928762436 
1484	 0.213949516415596 
1485	 0.213591143488884 
1486	 0.213246315717697 
1487	 0.212932765483856 
1488	 0.21264374256134 
1489	 0.212377369403839 
1490	 0.212139561772346 
1491	 0.21191543340683 
1492	 0.211724787950516 
1493	 0.211523368954659 
1494	 0.211331784725189 
1495	 0.211145609617233 
1496	 0.210966467857361 
1497	 0.210779756307602 
1498	 0.210599362850189 
1499	 0.210413828492165 
1500	 0.210214644670486 
1501	 0.210023522377014 
1502	 0.209833726286888 
1503	 0.209653452038765 
1504	 0.209476366639137 
1505	 0.209305837750435 
1506	 0.209141209721565 
1507	 0.208986476063728 
1508	 0.208839103579521 
1509	 0.208698377013206 
1510	 0.208582639694214 
1511	 0.208448678255081 
1512	 0.208313062787056 
1513	 0.208168432116508 
1514	 0.207999274134636 
1515	 0.207845732569695 
1516	 0.207689315080643 
1517	 0.207545354962349 
1518	 0.20742230117321 
1519	 0.207292258739471 
1520	 0.207160085439682 
1521	 0.207040295004845 
1522	 0.206914007663727 
1523	 0.206777632236481 
1524	 0.206637844443321 
1525	 0.206493750214577 
1526	 0.20635136961937 
1527	 0.206202387809753 
1528	 0.206058323383331 
1529	 0.205920994281769 
1530	 0.205772832036018 
1531	 0.205616101622581 
1532	 0.205469653010368 
1533	 0.205321773886681 
1534	 0.205179810523987 
1535	 0.205047115683556 
1536	 0.204908266663551 
1537	 0.204768300056458 
1538	 0.204628437757492 
1539	 0.204485908150673 
1540	 0.204349711537361 
1541	 0.204210713505745 
1542	 0.20408670604229 
1543	 0.20397524535656 
1544	 0.2038584202528 
1545	 0.203752502799034 
1546	 0.203633829951286 
1547	 0.203499957919121 
1548	 0.203386768698692 
1549	 0.203279808163643 
1550	 0.203172370791435 
1551	 0.203075036406517 
1552	 0.202976748347282 
1553	 0.202876254916191 
1554	 0.202777430415154 
1555	 0.202683985233307 
1556	 0.202590778470039 
1557	 0.202502101659775 
1558	 0.202399492263794 
1559	 0.20229959487915 
1560	 0.202184617519379 
1561	 0.202050596475601 
1562	 0.201918497681618 
1563	 0.201770529150963 
1564	 0.201644226908684 
1565	 0.201520636677742 
1566	 0.201406031847 
1567	 0.201325535774231 
1568	 0.201207906007767 
1569	 0.201072305440903 
1570	 0.200940817594528 
1571	 0.200797021389008 
1572	 0.200648605823517 
1573	 0.200497940182686 
1574	 0.200349658727646 
1575	 0.20017808675766 
1576	 0.200036704540253 
1577	 0.199930682778358 
1578	 0.199796557426453 
1579	 0.199660688638687 
1580	 0.199523955583572 
1581	 0.19936890900135 
1582	 0.199222251772881 
1583	 0.199083000421524 
1584	 0.198945164680481 
1585	 0.198804959654808 
1586	 0.198668032884598 
1587	 0.198542341589928 
1588	 0.198408097028732 
1589	 0.198268964886665 
1590	 0.19812947511673 
1591	 0.197980344295502 
1592	 0.197843328118324 
1593	 0.197715640068054 
1594	 0.197581961750984 
1595	 0.197456195950508 
1596	 0.197322487831116 
1597	 0.197177857160568 
1598	 0.197037354111671 
1599	 0.196900337934494 
1600	 0.196756452322006 
1601	 0.196600764989853 
1602	 0.196458160877228 
1603	 0.196305185556412 
1604	 0.196179687976837 
1605	 0.196095034480095 
1606	 0.195982724428177 
1607	 0.195875197649002 
1608	 0.19575659930706 
1609	 0.195614859461784 
1610	 0.195476233959198 
1611	 0.195332571864128 
1612	 0.195198103785515 
1613	 0.195058882236481 
1614	 0.19493080675602 
1615	 0.194812715053558 
1616	 0.194700360298157 
1617	 0.194597482681274 
1618	 0.194492980837822 
1619	 0.194400385022163 
1620	 0.194302335381508 
1621	 0.194193318486214 
1622	 0.194095268845558 
1623	 0.194001644849777 
1624	 0.193908110260963 
1625	 0.193825349211693 
1626	 0.193736135959625 
1627	 0.193637624382973 
1628	 0.193551450967789 
1629	 0.193468630313873 
1630	 0.193389311432838 
1631	 0.193340241909027 
1632	 0.19325065612793 
1633	 0.193123906850815 
1634	 0.19302374124527 
1635	 0.192911431193352 
1636	 0.19280906021595 
1637	 0.192736208438873 
1638	 0.192651107907295 
1639	 0.192546799778938 
1640	 0.192458555102348 
1641	 0.192375123500824 
1642	 0.192304134368896 
1643	 0.192261442542076 
1644	 0.192196577787399 
1645	 0.192131355404854 
1646	 0.192059531807899 
1647	 0.191974207758904 
1648	 0.191878989338875 
1649	 0.191769897937775 
1650	 0.191673830151558 
1651	 0.191568240523338 
1652	 0.191473141312599 
1653	 0.1913842856884 
1654	 0.191315144300461 
1655	 0.191245883703232 
1656	 0.191203758120537 
1657	 0.191203653812408 
1658	 0.191189885139465 
1659	 0.191186010837555 
1660	 0.191179260611534 
1661	 0.191156253218651 
1662	 0.19116199016571 
1663	 0.191176980733871 
1664	 0.191209733486176 
1665	 0.191266164183617 
1666	 0.191331535577774 
1667	 0.191400781273842 
1668	 0.191499218344688 
1669	 0.191626265645027 
1670	 0.19175773859024 
1671	 0.191913098096848 
1672	 0.192070513963699 
1673	 0.192224740982056 
1674	 0.192399933934212 
1675	 0.192592784762383 
1676	 0.192790389060974 
1677	 0.193000584840775 
1678	 0.193221047520638 
1679	 0.193452373147011 
1680	 0.193694353103638 
1681	 0.193948060274124 
1682	 0.194209113717079 
1683	 0.19447448849678 
1684	 0.194752842187881 
1685	 0.19504015147686 
1686	 0.19534994661808 
1687	 0.195682257413864 
1688	 0.19601845741272 
1689	 0.196383163332939 
1690	 0.196720376610756 
1691	 0.197039619088173 
1692	 0.197376534342766 
1693	 0.197696685791016 
1694	 0.198058694601059 
1695	 0.198448285460472 
1696	 0.1988615244627 
1697	 0.19930711388588 
1698	 0.199754074215889 
1699	 0.200229167938232 
1700	 0.200674220919609 
1701	 0.201122835278511 
1702	 0.20153820514679 
1703	 0.201940461993217 
1704	 0.202318668365479 
1705	 0.202671974897385 
1706	 0.203019633889198 
1707	 0.203324407339096 
1708	 0.203591004014015 
1709	 0.203819304704666 
1710	 0.203993126749992 
1711	 0.204160630702972 
1712	 0.204326897859573 
1713	 0.204487651586533 
1714	 0.204652711749077 
1715	 0.204798012971878 
1716	 0.204940602183342 
1717	 0.205072551965714 
1718	 0.205182522535324 
1719	 0.205285593867302 
1720	 0.205360561609268 
1721	 0.205431014299393 
1722	 0.20551435649395 
1723	 0.205567240715027 
1724	 0.205593675374985 
1725	 0.205572679638863 
1726	 0.205481916666031 
1727	 0.205359503626823 
1728	 0.205209359526634 
1729	 0.205009087920189 
1730	 0.204790651798248 
1731	 0.204571381211281 
1732	 0.204304650425911 
1733	 0.204050645232201 
1734	 0.203793585300446 
1735	 0.203511014580727 
1736	 0.203282579779625 
1737	 0.203088134527206 
1738	 0.202929794788361 
1739	 0.202803835272789 
1740	 0.202694237232208 
1741	 0.202634781599045 
1742	 0.202630519866943 
1743	 0.202647686004639 
1744	 0.202709496021271 
1745	 0.202782154083252 
1746	 0.202896192669868 
1747	 0.202975556254387 
1748	 0.203065320849419 
1749	 0.203131958842278 
1750	 0.203179687261581 
1751	 0.203209951519966 
1752	 0.203228265047073 
1753	 0.203228875994682 
1754	 0.203207418322563 
1755	 0.203169286251068 
1756	 0.20311826467514 
1757	 0.203061074018478 
1758	 0.202966958284378 
1759	 0.202840998768806 
1760	 0.202681869268417 
1761	 0.202475547790527 
1762	 0.20225465297699 
1763	 0.202011421322823 
1764	 0.201739028096199 
1765	 0.201450631022453 
1766	 0.201136142015457 
1767	 0.200831085443497 
1768	 0.200523406267166 
1769	 0.200189977884293 
1770	 0.199868246912956 
1771	 0.199528619647026 
1772	 0.199202314019203 
1773	 0.198920831084251 
1774	 0.19862887263298 
1775	 0.198352456092834 
1776	 0.198086068034172 
1777	 0.197829708456993 
1778	 0.197620540857315 
1779	 0.197420537471771 
1780	 0.197224542498589 
1781	 0.197027176618576 
1782	 0.196789279580116 
1783	 0.196551918983459 
1784	 0.196325808763504 
1785	 0.196094527840614 
1786	 0.195885092020035 
1787	 0.195685744285583 
1788	 0.195489808917046 
1789	 0.1953115016222 
1790	 0.195132166147232 
1791	 0.194949671626091 
1792	 0.194765791296959 
1793	 0.194602936506271 
1794	 0.194391191005707 
1795	 0.194187745451927 
1796	 0.193991333246231 
1797	 0.19378000497818 
1798	 0.193616718053818 
1799	 0.193475067615509 
1800	 0.193319872021675 
1801	 0.192731589078903 
1802	 0.192552894353867 
1803	 0.192358270287514 
1804	 0.192155554890633 
1805	 0.191924765706062 
1806	 0.191700488328934 
1807	 0.191460907459259 
1808	 0.191233351826668 
1809	 0.190992414951324 
1810	 0.190781101584435 
1811	 0.190578311681747 
1812	 0.190385654568672 
1813	 0.190217882394791 
1814	 0.190041869878769 
1815	 0.189867258071899 
1816	 0.189722970128059 
1817	 0.18955771625042 
1818	 0.18937860429287 
1819	 0.189224109053612 
1820	 0.189085185527802 
1821	 0.188927337527275 
1822	 0.188757851719856 
1823	 0.188620671629906 
1824	 0.188491329550743 
1825	 0.188337221741676 
1826	 0.18820433318615 
1827	 0.18810698390007 
1828	 0.187977731227875 
1829	 0.187826335430145 
1830	 0.187701553106308 
1831	 0.187579035758972 
1832	 0.187457725405693 
1833	 0.187372967600822 
1834	 0.187289133667946 
1835	 0.187221303582191 
1836	 0.18715912103653 
1837	 0.187099128961563 
1838	 0.187048330903053 
1839	 0.186988413333893 
1840	 0.186927497386932 
1841	 0.186875060200691 
1842	 0.186829254031181 
1843	 0.186772510409355 
1844	 0.186709105968475 
1845	 0.186647087335587 
1846	 0.186570599675179 
1847	 0.186493664979935 
1848	 0.186438485980034 
1849	 0.186400234699249 
1850	 0.186359226703644 
1851	 0.186320185661316 
1852	 0.186299949884415 
1853	 0.186301931738853 
1854	 0.186294198036194 
1855	 0.186305463314056 
1856	 0.186340674757957 
1857	 0.186364397406578 
1858	 0.18640623986721 
1859	 0.186459392309189 
1860	 0.18653915822506 
1861	 0.186597540974617 
1862	 0.186644554138184 
1863	 0.18671977519989 
1864	 0.186793252825737 
1865	 0.186873763799667 
1866	 0.187002792954445 
1867	 0.187154248356819 
1868	 0.187319204211235 
1869	 0.187519118189812 
1870	 0.187731459736824 
1871	 0.187969595193863 
1872	 0.188194170594215 
1873	 0.188417658209801 
1874	 0.188673794269562 
1875	 0.188915744423866 
1876	 0.189193427562714 
1877	 0.18951515853405 
1878	 0.189876690506935 
1879	 0.190293624997139 
1880	 0.190723791718483 
1881	 0.191188797354698 
1882	 0.191702589392662 
1883	 0.192211419343948 
1884	 0.192731991410255 
1885	 0.19334177672863 
1886	 0.193943545222282 
1887	 0.194590881466866 
1888	 0.195307701826096 
1889	 0.196003243327141 
1890	 0.196761563420296 
1891	 0.19753785431385 
1892	 0.198348164558411 
1893	 0.199226677417755 
1894	 0.200178936123848 
1895	 0.201117560267448 
1896	 0.202120497822762 
1897	 0.20316818356514 
1898	 0.204167991876602 
1899	 0.205244541168213 
1900	 0.206330806016922 
1901	 0.207424372434616 
1902	 0.208614662289619 
1903	 0.209763690829277 
1904	 0.210951685905457 
1905	 0.21218653023243 
1906	 0.213457480072975 
1907	 0.21462494134903 
1908	 0.215864658355713 
1909	 0.217067003250122 
1910	 0.218190386891365 
1911	 0.219361513853073 
1912	 0.220454379916191 
1913	 0.221448913216591 
1914	 0.222355917096138 
1915	 0.223092198371887 
1916	 0.22367987036705 
1917	 0.224126517772675 
1918	 0.224434226751328 
1919	 0.224549651145935 
1920	 0.224485799670219 
1921	 0.224223926663399 
1922	 0.22377236187458 
1923	 0.223127499222755 
1924	 0.222386926412582 
1925	 0.221486121416092 
1926	 0.220530793070793 
1927	 0.219456166028976 
1928	 0.218358889222145 
1929	 0.217140331864357 
1930	 0.215993002057076 
1931	 0.214835062623024 
1932	 0.213730975985527 
1933	 0.212765365839005 
1934	 0.211832568049431 
1935	 0.210937857627869 
1936	 0.210127502679825 
1937	 0.209327265620232 
1938	 0.208542957901955 
1939	 0.207815811038017 
1940	 0.207131907343864 
1941	 0.206480100750923 
1942	 0.2058946788311 
1943	 0.205324962735176 
1944	 0.204794734716415 
1945	 0.204303085803986 
1946	 0.203791156411171 
1947	 0.203306034207344 
1948	 0.202828302979469 
1949	 0.202341586351395 
1950	 0.201908066868782 
1951	 0.201516076922417 
1952	 0.201129481196404 
1953	 0.200770050287247 
1954	 0.200447544455528 
1955	 0.200084760785103 
1956	 0.19973723590374 
1957	 0.199405208230019 
1958	 0.199056223034859 
1959	 0.198734775185585 
1960	 0.198421448469162 
1961	 0.198111221194267 
1962	 0.197804003953934 
1963	 0.197493329644203 
1964	 0.197181046009064 
1965	 0.196894839406013 
1966	 0.19660373032093 
1967	 0.196340754628181 
1968	 0.196131139993668 
1969	 0.195893973112106 
1970	 0.195649817585945 
1971	 0.195429861545563 
1972	 0.195196881890297 
1973	 0.194964453577995 
1974	 0.194729417562485 
1975	 0.194495365023613 
1976	 0.19425767660141 
1977	 0.194005399942398 
1978	 0.193769708275795 
1979	 0.193533629179001 
1980	 0.193329066038132 
1981	 0.193117618560791 
1982	 0.192898109555244 
1983	 0.192681208252907 
1984	 0.192449510097504 
1985	 0.19222354888916 
1986	 0.192022249102592 
1987	 0.191821426153183 
1988	 0.191641271114349 
1989	 0.19144044816494 
1990	 0.191232338547707 
1991	 0.191027402877808 
1992	 0.190810918807983 
1993	 0.190598353743553 
1994	 0.190419346094131 
1995	 0.190254837274551 
1996	 0.190080538392067 
1997	 0.189925909042358 
1998	 0.189765453338623 
1999	 0.189584881067276 
2000	 0.189438149333 
2001	 0.189319238066673 
2002	 0.189190298318863 
2003	 0.189065679907799 
2004	 0.188955396413803 
2005	 0.188861399888992 
2006	 0.188749089837074 
2007	 0.188631817698479 
2008	 0.188533127307892 
2009	 0.18841952085495 
2010	 0.188297986984253 
2011	 0.188223406672478 
2012	 0.188150554895401 
2013	 0.188090577721596 
2014	 0.188052207231522 
2015	 0.188016429543495 
2016	 0.187984868884087 
2017	 0.187960669398308 
2018	 0.187937006354332 
2019	 0.187928542494774 
2020	 0.187912240624428 
2021	 0.187948659062386 
2022	 0.188002467155457 
2023	 0.188069000840187 
2024	 0.188155323266983 
2025	 0.188247665762901 
2026	 0.188341587781906 
2027	 0.188451007008553 
2028	 0.18854458630085 
2029	 0.188633322715759 
2030	 0.188718810677528 
2031	 0.188795313239098 
2032	 0.18887260556221 
2033	 0.188954815268517 
2034	 0.189031198620796 
2035	 0.189114391803741 
2036	 0.189169555902481 
2037	 0.189210131764412 
2038	 0.189274504780769 
2039	 0.189310416579247 
2040	 0.189323857426643 
2041	 0.189346566796303 
2042	 0.189357489347458 
2043	 0.189373657107353 
2044	 0.189397737383842 
2045	 0.189418375492096 
2046	 0.189431086182594 
2047	 0.189453527331352 
2048	 0.18948033452034 
2049	 0.189504787325859 
2050	 0.189531415700912 
2051	 0.189568787813187 
2052	 0.189587995409966 
2053	 0.189601674675941 
2054	 0.189608156681061 
2055	 0.189603716135025 
2056	 0.189596995711327 
2057	 0.189584404230118 
2058	 0.189566448330879 
2059	 0.189531937241554 
2060	 0.18951989710331 
2061	 0.189512461423874 
2062	 0.189510405063629 
2063	 0.189528807997704 
2064	 0.189535334706306 
2065	 0.189536765217781 
2066	 0.189534902572632 
2067	 0.189542293548584 
2068	 0.189553439617157 
2069	 0.189567893743515 
2070	 0.18958792090416 
2071	 0.189612209796906 
2072	 0.189641252160072 
2073	 0.189670130610466 
2074	 0.189702793955803 
2075	 0.189738556742668 
2076	 0.189779654145241 
2077	 0.189811691641808 
2078	 0.189850553870201 
2079	 0.189878582954407 
2080	 0.189878225326538 
2081	 0.189904645085335 
2082	 0.189937025308609 
2083	 0.189970329403877 
2084	 0.19004014134407 
2085	 0.190127059817314 
2086	 0.190217614173889 
2087	 0.190329357981682 
2088	 0.190431907773018 
2089	 0.190543085336685 
2090	 0.190645307302475 
2091	 0.190733179450035 
2092	 0.190841749310493 
2093	 0.190972864627838 
2094	 0.191073477268219 
2095	 0.191175282001495 
2096	 0.191268995404243 
2097	 0.191344305872917 
2098	 0.191404759883881 
2099	 0.191459089517593 
2100	 0.191528603434563 
2101	 0.191593706607819 
2102	 0.191650226712227 
2103	 0.191702708601952 
2104	 0.191776886582375 
2105	 0.191808745265007 
2106	 0.191814184188843 
2107	 0.191811203956604 
2108	 0.191788375377655 
2109	 0.1917534917593 
2110	 0.191692396998405 
2111	 0.191646546125412 
2112	 0.191578835248947 
2113	 0.191538691520691 
2114	 0.19151896238327 
2115	 0.191500872373581 
2116	 0.191489920020103 
2117	 0.191495999693871 
2118	 0.191502645611763 
2119	 0.191511869430542 
2120	 0.191529229283333 
2121	 0.191557914018631 
2122	 0.191587850451469 
2123	 0.191611155867577 
2124	 0.191667437553406 
2125	 0.191749304533005 
2126	 0.191817998886108 
2127	 0.191923096776009 
2128	 0.191987246274948 
2129	 0.192013964056969 
2130	 0.192057460546494 
2131	 0.192087352275848 
2132	 0.19212518632412 
2133	 0.192154034972191 
2134	 0.192220374941826 
2135	 0.192282646894455 
2136	 0.192351937294006 
2137	 0.192448765039444 
2138	 0.192579314112663 
2139	 0.192688569426537 
2140	 0.192809119820595 
2141	 0.192923754453659 
2142	 0.193028196692467 
2143	 0.193140760064125 
2144	 0.19326463341713 
2145	 0.193377032876015 
2146	 0.193481653928757 
2147	 0.193590447306633 
2148	 0.193690791726112 
2149	 0.193803459405899 
2150	 0.193905547261238 
2151	 0.194041416049004 
2152	 0.194195851683617 
2153	 0.194369047880173 
2154	 0.194553047418594 
2155	 0.194761961698532 
2156	 0.194957390427589 
2157	 0.195149675011635 
2158	 0.195350661873817 
2159	 0.195548057556152 
2160	 0.195770010352135 
2161	 0.196007817983627 
2162	 0.196246832609177 
2163	 0.196506485342979 
2164	 0.196760728955269 
2165	 0.197022199630737 
2166	 0.197268858551979 
2167	 0.197509497404099 
2168	 0.197752267122269 
2169	 0.197988376021385 
2170	 0.198218777775764 
2171	 0.198474049568176 
2172	 0.198690325021744 
2173	 0.198877483606339 
2174	 0.199052393436432 
2175	 0.1992257386446 
2176	 0.199378356337547 
2177	 0.199520751833916 
2178	 0.199654206633568 
2179	 0.199784308671951 
2180	 0.199890241026878 
2181	 0.20001432299614 
2182	 0.200139418244362 
2183	 0.200285762548447 
2184	 0.200442299246788 
2185	 0.200598329305649 
2186	 0.200781136751175 
2187	 0.200940847396851 
2188	 0.201101422309875 
2189	 0.201238542795181 
2190	 0.201349124312401 
2191	 0.201469898223877 
2192	 0.201574102044106 
2193	 0.20168437063694 
2194	 0.201809853315353 
2195	 0.201923936605453 
2196	 0.202040806412697 
2197	 0.202142000198364 
2198	 0.202204495668411 
2199	 0.202262133359909 
2200	 0.202326133847237 
2201	 0.202358528971672 
2202	 0.202434808015823 
2203	 0.202547803521156 
2204	 0.202636539936066 
2205	 0.202731594443321 
2206	 0.202812984585762 
2207	 0.20288610458374 
2208	 0.202949270606041 
2209	 0.202993616461754 
2210	 0.203055143356323 
2211	 0.203109353780746 
2212	 0.203180715441704 
2213	 0.203261211514473 
2214	 0.203362122178078 
2215	 0.203475296497345 
2216	 0.203596889972687 
2217	 0.203761994838715 
2218	 0.20389150083065 
2219	 0.204004302620888 
2220	 0.204122766852379 
2221	 0.204231202602386 
2222	 0.204331681132317 
2223	 0.204438045620918 
2224	 0.204552039504051 
2225	 0.204669177532196 
2226	 0.204784274101257 
2227	 0.204916670918465 
2228	 0.205051481723785 
2229	 0.205232113599777 
2230	 0.205433517694473 
2231	 0.205661922693253 
2232	 0.205929130315781 
2233	 0.206215590238571 
2234	 0.20651787519455 
2235	 0.206846177577972 
2236	 0.207195818424225 
2237	 0.207589849829674 
2238	 0.208024650812149 
2239	 0.208473443984985 
2240	 0.208964735269547 
2241	 0.209477171301842 
2242	 0.209994032979012 
2243	 0.210542365908623 
2244	 0.211133316159248 
2245	 0.211737334728241 
2246	 0.212376415729523 
2247	 0.213020965456963 
2248	 0.21366985142231 
2249	 0.214355781674385 
2250	 0.215050533413887 
2251	 0.215777426958084 
2252	 0.216600611805916 
2253	 0.217387840151787 
2254	 0.218183577060699 
2255	 0.218971714377403 
2256	 0.219679772853851 
2257	 0.220387041568756 
2258	 0.2210733294487 
2259	 0.221726715564728 
2260	 0.222388312220573 
2261	 0.223035901784897 
2262	 0.223687320947647 
2263	 0.224354341626167 
2264	 0.224976733326912 
2265	 0.225570008158684 
2266	 0.226176619529724 
2267	 0.226764097809792 
2268	 0.227349102497101 
2269	 0.227935791015625 
2270	 0.228519931435585 
2271	 0.229088619351387 
2272	 0.229661211371422 
2273	 0.230231046676636 
2274	 0.230826690793037 
2275	 0.231413498520851 
2276	 0.232028618454933 
2277	 0.232679456472397 
2278	 0.233333304524422 
2279	 0.234004780650139 
2280	 0.23468479514122 
2281	 0.235368490219116 
2282	 0.236082375049591 
2283	 0.236828088760376 
2284	 0.237552851438522 
2285	 0.238333448767662 
2286	 0.239098682999611 
2287	 0.239907398819923 
2288	 0.240762799978256 
2289	 0.241557911038399 
2290	 0.242412373423576 
2291	 0.243243545293808 
2292	 0.244030237197876 
2293	 0.244895413517952 
2294	 0.245699167251587 
2295	 0.246390223503113 
2296	 0.246992602944374 
2297	 0.247456818819046 
2298	 0.247770339250565 
2299	 0.248009085655212 
2300	 0.248142510652542 
2301	 0.248149007558823 
2302	 0.24805361032486 
2303	 0.247806876897812 
2304	 0.247398227453232 
2305	 0.246914699673653 
2306	 0.246272206306458 
2307	 0.245589002966881 
2308	 0.24482224881649 
2309	 0.243987381458282 
2310	 0.24304087460041 
2311	 0.242102757096291 
2312	 0.24102745950222 
2313	 0.24008971452713 
2314	 0.239172086119652 
2315	 0.238332122564316 
2316	 0.237585544586182 
2317	 0.236878246068954 
2318	 0.236191257834435 
2319	 0.235611483454704 
2320	 0.235106095671654 
2321	 0.234677255153656 
2322	 0.234365671873093 
2323	 0.234089836478233 
2324	 0.233884498476982 
2325	 0.233722671866417 
2326	 0.23359403014183 
2327	 0.233552560210228 
2328	 0.233603164553642 
2329	 0.233692064881325 
2330	 0.233841925859451 
2331	 0.234075114130974 
2332	 0.234343871474266 
2333	 0.234639555215836 
2334	 0.23502454161644 
2335	 0.23542982339859 
2336	 0.235864639282227 
2337	 0.236321672797203 
2338	 0.236764818429947 
2339	 0.237214893102646 
2340	 0.237638562917709 
2341	 0.238079532980919 
2342	 0.238517761230469 
2343	 0.238861411809921 
2344	 0.239105552434921 
2345	 0.239207461476326 
2346	 0.23918779194355 
2347	 0.239036425948143 
2348	 0.238771721720695 
2349	 0.238381668925285 
2350	 0.237843707203865 
2351	 0.237304419279099 
2352	 0.236813843250275 
2353	 0.236297473311424 
2354	 0.235852509737015 
2355	 0.235444873571396 
2356	 0.23499658703804 
2357	 0.234610512852669 
2358	 0.234229862689972 
2359	 0.233906477689743 
2360	 0.233696609735489 
2361	 0.233479633927345 
2362	 0.233359605073929 
2363	 0.233305439352989 
2364	 0.233226463198662 
2365	 0.233230784535408 
2366	 0.23323267698288 
2367	 0.233226656913757 
2368	 0.233247697353363 
2369	 0.233302474021912 
2370	 0.233346402645111 
2371	 0.233318984508514 
2372	 0.233321994543076 
2373	 0.233272045850754 
2374	 0.233193352818489 
2375	 0.233198001980782 
2376	 0.233131691813469 
2377	 0.233019858598709 
2378	 0.232932910323143 
2379	 0.232830330729485 
2380	 0.232808262109756 
2381	 0.232810378074646 
2382	 0.232745558023453 
2383	 0.232671841979027 
2384	 0.232591405510902 
2385	 0.232420399785042 
2386	 0.232339292764664 
2387	 0.232339441776276 
2388	 0.232289284467697 
2389	 0.232194378972054 
2390	 0.232218965888023 
2391	 0.232326239347458 
2392	 0.23233588039875 
2393	 0.232399731874466 
2394	 0.232349142432213 
2395	 0.232149675488472 
2396	 0.232077062129974 
2397	 0.232005476951599 
2398	 0.232027634978294 
2399	 0.232140570878983 
2400	 0.232167288661003 
2401	 0.232241973280907 
2402	 0.23220282793045 
2403	 0.232139423489571 
2404	 0.232124149799347 
2405	 0.232189059257507 
2406	 0.232263848185539 
2407	 0.232357084751129 
2408	 0.232459500432014 
2409	 0.232453435659409 
2410	 0.232533484697342 
2411	 0.232678264379501 
2412	 0.232729092240334 
2413	 0.232798278331757 
2414	 0.23287296295166 
2415	 0.232927232980728 
2416	 0.233088701963425 
2417	 0.233264207839966 
2418	 0.233321279287338 
2419	 0.233371898531914 
2420	 0.233365550637245 
2421	 0.233336821198463 
2422	 0.233429953455925 
2423	 0.23359015583992 
2424	 0.233727172017097 
2425	 0.23384927213192 
2426	 0.233941629528999 
2427	 0.233979970216751 
2428	 0.234072163701057 
2429	 0.234231248497963 
2430	 0.234371498227119 
2431	 0.234418883919716 
2432	 0.23443591594696 
2433	 0.23446187376976 
2434	 0.234494060277939 
2435	 0.234639704227448 
2436	 0.234802007675171 
2437	 0.234978541731834 
2438	 0.235302373766899 
2439	 0.235558047890663 
2440	 0.235766589641571 
2441	 0.235944136977196 
2442	 0.235995844006538 
2443	 0.236170753836632 
2444	 0.236382409930229 
2445	 0.236648723483086 
2446	 0.236930027604103 
2447	 0.237119868397713 
2448	 0.237424150109291 
2449	 0.23769798874855 
2450	 0.237999618053436 
2451	 0.238424032926559 
2452	 0.238753661513329 
2453	 0.238943204283714 
2454	 0.239061549305916 
2455	 0.239155650138855 
2456	 0.239227548241615 
2457	 0.239505350589752 
2458	 0.239919945597649 
2459	 0.240177944302559 
2460	 0.240449711680412 
2461	 0.240670323371887 
2462	 0.240910097956657 
2463	 0.24134136736393 
2464	 0.24163644015789 
2465	 0.241770640015602 
2466	 0.241782024502754 
2467	 0.241681650280952 
2468	 0.241709008812904 
2469	 0.241772294044495 
2470	 0.241901725530624 
2471	 0.242081359028816 
2472	 0.242153242230415 
2473	 0.24230769276619 
2474	 0.242431327700615 
2475	 0.242600291967392 
2476	 0.242850586771965 
2477	 0.243005707859993 
2478	 0.243205383419991 
2479	 0.243264630436897 
2480	 0.243037402629852 
2481	 0.242914482951164 
2482	 0.24270336329937 
2483	 0.242518201470375 
2484	 0.242645561695099 
2485	 0.242681950330734 
2486	 0.242591589689255 
2487	 0.242434650659561 
2488	 0.242305368185043 
2489	 0.242228269577026 
2490	 0.242056369781494 
2491	 0.242017969489098 
2492	 0.241680428385735 
2493	 0.241248533129692 
2494	 0.24135909974575 
2495	 0.241253361105919 
2496	 0.240934491157532 
2497	 0.240793123841286 
2498	 0.240252152085304 
2499	 0.239594832062721 
2500	 0.239461526274681 
