Wavelength	1c.001
350	 0.997178375720978 
351	 1.00557565689087 
352	 1.02353858947754 
353	 1.03809666633606 
354	 1.04173946380615 
355	 1.0449606180191 
356	 1.04954123497009 
357	 1.0581282377243 
358	 1.08621263504028 
359	 1.10458171367645 
360	 1.10396611690521 
361	 1.09333348274231 
362	 1.09671676158905 
363	 1.11258137226105 
364	 1.13116347789764 
365	 1.13408946990967 
366	 1.13012897968292 
367	 1.13375544548035 
368	 1.14895069599152 
369	 1.13937830924988 
370	 1.14002013206482 
371	 1.14646255970001 
372	 1.13610696792603 
373	 1.14079082012177 
374	 1.14573991298676 
375	 1.14629626274109 
376	 1.16023147106171 
377	 1.15677464008331 
378	 1.14680886268616 
379	 1.14702570438385 
380	 1.1561027765274 
381	 1.1575722694397 
382	 1.15677094459534 
383	 1.16920733451843 
384	 1.16366147994995 
385	 1.16140222549438 
386	 1.1725081205368 
387	 1.18191611766815 
388	 1.1849457025528 
389	 1.18351745605469 
390	 1.18166959285736 
391	 1.17968189716339 
392	 1.1882598400116 
393	 1.19822084903717 
394	 1.18970656394958 
395	 1.18768155574799 
396	 1.18853902816772 
397	 1.18847012519836 
398	 1.1891086101532 
399	 1.19670224189758 
400	 1.20301258563995 
401	 1.20013117790222 
402	 1.20199072360992 
403	 1.20075142383575 
404	 1.2002854347229 
405	 1.21187591552734 
406	 1.21659123897552 
407	 1.21885085105896 
408	 1.22209894657135 
409	 1.21941542625427 
410	 1.22161757946014 
411	 1.22486925125122 
412	 1.22269761562347 
413	 1.22119438648224 
414	 1.22515618801117 
415	 1.23118364810944 
416	 1.22919499874115 
417	 1.2309707403183 
418	 1.23313009738922 
419	 1.23266816139221 
420	 1.23386263847351 
421	 1.23565626144409 
422	 1.23571145534515 
423	 1.23263454437256 
424	 1.23429930210114 
425	 1.23682582378387 
426	 1.23830282688141 
427	 1.24017763137817 
428	 1.2429393529892 
429	 1.24312627315521 
430	 1.23980700969696 
431	 1.24221789836884 
432	 1.24306797981262 
433	 1.24267375469208 
434	 1.24498903751373 
435	 1.24433958530426 
436	 1.24382746219635 
437	 1.24480855464935 
438	 1.24442195892334 
439	 1.24433958530426 
440	 1.24416828155518 
441	 1.24344897270203 
442	 1.24374067783356 
443	 1.24509239196777 
444	 1.24649822711945 
445	 1.24633383750916 
446	 1.24646031856537 
447	 1.24610459804535 
448	 1.24510216712952 
449	 1.24564051628113 
450	 1.24573338031769 
451	 1.24552130699158 
452	 1.24579799175262 
453	 1.24610948562622 
454	 1.2458313703537 
455	 1.245476603508 
456	 1.24672091007233 
457	 1.24527788162231 
458	 1.24412977695465 
459	 1.24546384811401 
460	 1.2439740896225 
461	 1.24400043487549 
462	 1.24530839920044 
463	 1.24525916576385 
464	 1.24448239803314 
465	 1.24404954910278 
466	 1.24415481090546 
467	 1.24354004859924 
468	 1.24320006370544 
469	 1.24353623390198 
470	 1.24430453777313 
471	 1.24327039718628 
472	 1.2434378862381 
473	 1.24459719657898 
474	 1.24406099319458 
475	 1.24437642097473 
476	 1.24477171897888 
477	 1.2446391582489 
478	 1.24494314193726 
479	 1.24515533447266 
480	 1.24502599239349 
481	 1.24450373649597 
482	 1.24406158924103 
483	 1.24363887310028 
484	 1.24318420886993 
485	 1.24270582199097 
486	 1.24196624755859 
487	 1.24179840087891 
488	 1.24256908893585 
489	 1.24254560470581 
490	 1.24233317375183 
491	 1.24179923534393 
492	 1.24060666561127 
493	 1.24073529243469 
494	 1.2405788898468 
495	 1.23964810371399 
496	 1.24003005027771 
497	 1.24054646492004 
498	 1.24057614803314 
499	 1.23976218700409 
500	 1.23791658878326 
501	 1.23757743835449 
502	 1.23863041400909 
503	 1.23858261108398 
504	 1.23686790466309 
505	 1.23586177825928 
506	 1.23671925067902 
507	 1.23645222187042 
508	 1.23582077026367 
509	 1.23535108566284 
510	 1.23527944087982 
511	 1.23421013355255 
512	 1.23276877403259 
513	 1.23150885105133 
514	 1.2306205034256 
515	 1.23104679584503 
516	 1.23094856739044 
517	 1.22910821437836 
518	 1.22913014888763 
519	 1.22854590415955 
520	 1.22698533535004 
521	 1.22560846805573 
522	 1.22456502914429 
523	 1.22391963005066 
524	 1.22349464893341 
525	 1.22274005413055 
526	 1.22173118591309 
527	 1.22048127651215 
528	 1.21909070014954 
529	 1.21807014942169 
530	 1.21728122234344 
531	 1.21634185314178 
532	 1.21470642089844 
533	 1.21373724937439 
534	 1.21273040771484 
535	 1.21105432510376 
536	 1.2096254825592 
537	 1.20801544189453 
538	 1.20632994174957 
539	 1.20492470264435 
540	 1.20372772216797 
541	 1.20196783542633 
542	 1.19965136051178 
543	 1.19814944267273 
544	 1.19597041606903 
545	 1.19386720657349 
546	 1.19262874126434 
547	 1.19010400772095 
548	 1.18746113777161 
549	 1.18515074253082 
550	 1.18287992477417 
551	 1.18062305450439 
552	 1.17794382572174 
553	 1.17470145225525 
554	 1.17163228988647 
555	 1.16835904121399 
556	 1.16478276252747 
557	 1.16090571880341 
558	 1.15656566619873 
559	 1.15178453922272 
560	 1.14672005176544 
561	 1.14165782928467 
562	 1.13675796985626 
563	 1.13145744800568 
564	 1.12532293796539 
565	 1.1190093755722 
566	 1.11259591579437 
567	 1.10593032836914 
568	 1.09871387481689 
569	 1.09081077575684 
570	 1.08246743679047 
571	 1.0739107131958 
572	 1.0652437210083 
573	 1.05606341362 
574	 1.04665219783783 
575	 1.03730690479279 
576	 1.02709400653839 
577	 1.01637375354767 
578	 1.00525057315826 
579	 0.993498027324677 
580	 0.981168985366821 
581	 0.968268632888794 
582	 0.954822301864624 
583	 0.941081047058105 
584	 0.926954627037048 
585	 0.912114322185516 
586	 0.89622551202774 
587	 0.879902601242065 
588	 0.862974464893341 
589	 0.845389127731323 
590	 0.827467441558838 
591	 0.809373736381531 
592	 0.791051805019379 
593	 0.772443830966949 
594	 0.753868699073792 
595	 0.735409677028656 
596	 0.717024981975555 
597	 0.69865220785141 
598	 0.680096566677094 
599	 0.661344707012177 
600	 0.642495036125183 
601	 0.623941957950592 
602	 0.605572640895844 
603	 0.587380170822144 
604	 0.569455683231354 
605	 0.552037298679352 
606	 0.535326242446899 
607	 0.519286513328552 
608	 0.503700494766235 
609	 0.488862901926041 
610	 0.474768221378326 
611	 0.461342573165894 
612	 0.44871124625206 
613	 0.436637133359909 
614	 0.42522868514061 
615	 0.414724916219711 
616	 0.404806762933731 
617	 0.395496487617493 
618	 0.386831313371658 
619	 0.378787130117416 
620	 0.371287703514099 
621	 0.364367008209229 
622	 0.358050882816315 
623	 0.35217010974884 
624	 0.3467156291008 
625	 0.341677129268646 
626	 0.337030380964279 
627	 0.332741886377335 
628	 0.328817665576935 
629	 0.325230687856674 
630	 0.321863800287247 
631	 0.318683236837387 
632	 0.315786957740784 
633	 0.313270330429077 
634	 0.310707241296768 
635	 0.308322697877884 
636	 0.30619865655899 
637	 0.30418336391449 
638	 0.302295356988907 
639	 0.300569981336594 
640	 0.298985809087753 
641	 0.297306209802628 
642	 0.29584413766861 
643	 0.294565260410309 
644	 0.293230175971985 
645	 0.291878968477249 
646	 0.290663927793503 
647	 0.289609521627426 
648	 0.288512349128723 
649	 0.28739070892334 
650	 0.286394059658051 
651	 0.285610347986221 
652	 0.28469517827034 
653	 0.28380012512207 
654	 0.282953023910522 
655	 0.282081514596939 
656	 0.281316310167313 
657	 0.280594229698181 
658	 0.279853492975235 
659	 0.279102474451065 
660	 0.278312116861343 
661	 0.277606457471848 
662	 0.277089178562164 
663	 0.276446521282196 
664	 0.275732725858688 
665	 0.27504700422287 
666	 0.274499028921127 
667	 0.273908525705338 
668	 0.273319810628891 
669	 0.272781491279602 
670	 0.272233635187149 
671	 0.271670311689377 
672	 0.2711121737957 
673	 0.270588010549545 
674	 0.270092159509659 
675	 0.269552648067474 
676	 0.268997251987457 
677	 0.268573790788651 
678	 0.26820233464241 
679	 0.267766535282135 
680	 0.267230153083801 
681	 0.266830086708069 
682	 0.266343861818314 
683	 0.265836775302887 
684	 0.265489965677261 
685	 0.26503786444664 
686	 0.264622718095779 
687	 0.264271587133408 
688	 0.263791769742966 
689	 0.263368964195251 
690	 0.26302644610405 
691	 0.262715578079224 
692	 0.262307614088058 
693	 0.261873811483383 
694	 0.261455118656158 
695	 0.261070907115936 
696	 0.260743349790573 
697	 0.26039269566536 
698	 0.260012924671173 
699	 0.259732961654663 
700	 0.259366661310196 
701	 0.258930414915085 
702	 0.258520036935806 
703	 0.258293658494949 
704	 0.258041441440582 
705	 0.257704704999924 
706	 0.257344961166382 
707	 0.257033675909042 
708	 0.256704598665237 
709	 0.256340950727463 
710	 0.256039768457413 
711	 0.255772799253464 
712	 0.255470484495163 
713	 0.255107372999191 
714	 0.254894435405731 
715	 0.254586964845657 
716	 0.254186570644379 
717	 0.253868460655212 
718	 0.253541558980942 
719	 0.253341883420944 
720	 0.253243148326874 
721	 0.252903699874878 
722	 0.252533942461014 
723	 0.252223938703537 
724	 0.251992285251617 
725	 0.251714438199997 
726	 0.251470178365707 
727	 0.251230418682098 
728	 0.250901818275452 
729	 0.250586986541748 
730	 0.250309586524963 
731	 0.250068008899689 
732	 0.249840900301933 
733	 0.249572440981865 
734	 0.249291896820068 
735	 0.249046191573143 
736	 0.248852789402008 
737	 0.248577788472176 
738	 0.248271018266678 
739	 0.248085498809814 
740	 0.247899115085602 
741	 0.247669339179993 
742	 0.247413456439972 
743	 0.24722059071064 
744	 0.247017487883568 
745	 0.246778026223183 
746	 0.246515244245529 
747	 0.246323570609093 
748	 0.246149212121964 
749	 0.245975092053413 
750	 0.245795920491219 
751	 0.245514199137688 
752	 0.245271265506744 
753	 0.245078340172768 
754	 0.244753703474998 
755	 0.244477152824402 
756	 0.244280889630318 
757	 0.244121536612511 
758	 0.243843331933022 
759	 0.243625670671463 
760	 0.243439108133316 
761	 0.243178591132164 
762	 0.242934331297874 
763	 0.242753461003304 
764	 0.242592662572861 
765	 0.242330178618431 
766	 0.242200180888176 
767	 0.242034584283829 
768	 0.241731762886047 
769	 0.241518497467041 
770	 0.241324707865715 
771	 0.241130948066711 
772	 0.240933418273926 
773	 0.24074624478817 
774	 0.240509197115898 
775	 0.240263059735298 
776	 0.240118905901909 
777	 0.23998299241066 
778	 0.239857345819473 
779	 0.239711806178093 
780	 0.239439710974693 
781	 0.2391497194767 
782	 0.238960489630699 
783	 0.238900065422058 
784	 0.238686516880989 
785	 0.238507762551308 
786	 0.238369464874268 
787	 0.238187819719315 
788	 0.238064810633659 
789	 0.237947031855583 
790	 0.237797006964684 
791	 0.237613394856453 
792	 0.237337917089462 
793	 0.237108379602432 
794	 0.237002775073051 
795	 0.23686172068119 
796	 0.236726015806198 
797	 0.236588314175606 
798	 0.236427366733551 
799	 0.236225754022598 
800	 0.235993340611458 
801	 0.235768884420395 
802	 0.235602974891663 
803	 0.235455483198166 
804	 0.235267281532288 
805	 0.235028475522995 
806	 0.234803155064583 
807	 0.234696179628372 
808	 0.234651908278465 
809	 0.234567299485207 
810	 0.234332740306854 
811	 0.234150290489197 
812	 0.23399318754673 
813	 0.2337716370821 
814	 0.233683571219444 
815	 0.233602434396744 
816	 0.233460426330566 
817	 0.233266398310661 
818	 0.233047261834145 
819	 0.232871726155281 
820	 0.232750505208969 
821	 0.232594147324562 
822	 0.232464879751205 
823	 0.232335343956947 
824	 0.232185214757919 
825	 0.232093006372452 
826	 0.231956124305725 
827	 0.23179429769516 
828	 0.231673359870911 
829	 0.231559544801712 
830	 0.231455266475677 
831	 0.231346502900124 
832	 0.231208026409149 
833	 0.231067433953285 
834	 0.23091059923172 
835	 0.230763524770737 
836	 0.230718433856964 
837	 0.23060417175293 
838	 0.230445295572281 
839	 0.230279535055161 
840	 0.230012089014053 
841	 0.22987399995327 
842	 0.229863986372948 
843	 0.2298593968153 
844	 0.229701563715935 
845	 0.229530602693558 
846	 0.229416325688362 
847	 0.229351282119751 
848	 0.229268193244934 
849	 0.229100808501244 
850	 0.228876024484634 
851	 0.228725880384445 
852	 0.228569522500038 
853	 0.228429645299911 
854	 0.228316426277161 
855	 0.228174641728401 
856	 0.227999895811081 
857	 0.227796018123627 
858	 0.227606311440468 
859	 0.227597236633301 
860	 0.227552264928818 
861	 0.2273850440979 
862	 0.227128624916077 
863	 0.227015048265457 
864	 0.226900428533554 
865	 0.226756364107132 
866	 0.22667384147644 
867	 0.226669445633888 
868	 0.226607397198677 
869	 0.226437613368034 
870	 0.226256892085075 
871	 0.22612951695919 
872	 0.226006045937538 
873	 0.225855007767677 
874	 0.225746512413025 
875	 0.225644826889038 
876	 0.225638777017593 
877	 0.225725591182709 
878	 0.225450962781906 
879	 0.225278794765472 
880	 0.225228771567345 
881	 0.225125417113304 
882	 0.225067868828773 
883	 0.225011721253395 
884	 0.224918514490128 
885	 0.224770963191986 
886	 0.224625214934349 
887	 0.224491983652115 
888	 0.224397256970406 
889	 0.224381893873215 
890	 0.224363312125206 
891	 0.2242781072855 
892	 0.224126189947128 
893	 0.224000155925751 
894	 0.223920255899429 
895	 0.223873794078827 
896	 0.223820418119431 
897	 0.22367849946022 
898	 0.223566144704819 
899	 0.223493561148643 
900	 0.223431080579758 
901	 0.22336246073246 
902	 0.223279148340225 
903	 0.223137333989143 
904	 0.222913578152657 
905	 0.222761452198029 
906	 0.222653180360794 
907	 0.222529366612434 
908	 0.222344353795052 
909	 0.222260192036629 
910	 0.222256630659103 
911	 0.222228601574898 
912	 0.222035020589828 
913	 0.221835315227509 
914	 0.221726074814796 
915	 0.2216916680336 
916	 0.221587985754013 
917	 0.221507012844086 
918	 0.221408516168594 
919	 0.221264839172363 
920	 0.221115708351135 
921	 0.221044734120369 
922	 0.220982357859612 
923	 0.220871835947037 
924	 0.220799744129181 
925	 0.220729887485504 
926	 0.220616936683655 
927	 0.220448046922684 
928	 0.220324739813805 
929	 0.220200046896935 
930	 0.220069542527199 
931	 0.21995148062706 
932	 0.21988445520401 
933	 0.219781935214996 
934	 0.219614192843437 
935	 0.219426795840263 
936	 0.219463154673576 
937	 0.219348087906837 
938	 0.21911658346653 
939	 0.219057321548462 
940	 0.218934938311577 
941	 0.218786835670471 
942	 0.218655779957771 
943	 0.218566074967384 
944	 0.218525364995003 
945	 0.218435853719711 
946	 0.218266382813454 
947	 0.218078568577766 
948	 0.21799324452877 
949	 0.217920064926147 
950	 0.217819660902023 
951	 0.217757448554039 
952	 0.217737063765526 
953	 0.217678859829903 
954	 0.217541977763176 
955	 0.217371463775635 
956	 0.217362880706787 
957	 0.217329621315002 
958	 0.217174589633942 
959	 0.217092648148537 
960	 0.217033430933952 
961	 0.216934233903885 
962	 0.216784358024597 
963	 0.216677814722061 
964	 0.216808095574379 
965	 0.216902121901512 
966	 0.216771706938744 
967	 0.216710641980171 
968	 0.216503351926804 
969	 0.216239482164383 
970	 0.216065317392349 
971	 0.216038659214973 
972	 0.216070532798767 
973	 0.21603761613369 
974	 0.215880528092384 
975	 0.215728014707565 
976	 0.215594127774239 
977	 0.215418517589569 
978	 0.215183347463608 
979	 0.215082347393036 
980	 0.214933544397354 
981	 0.214773610234261 
982	 0.214645072817802 
983	 0.214359506964684 
984	 0.214110627770424 
985	 0.213945373892784 
986	 0.213828518986702 
987	 0.213656425476074 
988	 0.213502034544945 
989	 0.213409394025803 
990	 0.213360711932182 
991	 0.213187783956528 
992	 0.212964132428169 
993	 0.212778747081757 
994	 0.212670266628265 
995	 0.212496683001518 
996	 0.212334543466568 
997	 0.212267518043518 
998	 0.212285473942757 
999	 0.212076395750046 
1000	 0.211968079209328 
1001	 0.215495437383652 
1002	 0.215359151363373 
1003	 0.215224906802177 
1004	 0.215132281184196 
1005	 0.215087726712227 
1006	 0.214988723397255 
1007	 0.214889332652092 
1008	 0.214783549308777 
1009	 0.214608326554298 
1010	 0.214523300528526 
1011	 0.214500263333321 
1012	 0.214452818036079 
1013	 0.214478388428688 
1014	 0.214426279067993 
1015	 0.21432814002037 
1016	 0.214199408888817 
1017	 0.21409185230732 
1018	 0.214001893997192 
1019	 0.213906109333038 
1020	 0.213825657963753 
1021	 0.213731780648232 
1022	 0.21360445022583 
1023	 0.213494807481766 
1024	 0.213417187333107 
1025	 0.213303208351135 
1026	 0.213164746761322 
1027	 0.213040485978127 
1028	 0.212916061282158 
1029	 0.212775215506554 
1030	 0.212634637951851 
1031	 0.212486416101456 
1032	 0.212334617972374 
1033	 0.212187349796295 
1034	 0.212045669555664 
1035	 0.211930021643639 
1036	 0.211806386709213 
1037	 0.211679905653 
1038	 0.211556449532509 
1039	 0.211443200707436 
1040	 0.211314216256142 
1041	 0.21117040514946 
1042	 0.211045056581497 
1043	 0.210913598537445 
1044	 0.210806742310524 
1045	 0.210698872804642 
1046	 0.2105902582407 
1047	 0.210507810115814 
1048	 0.210410892963409 
1049	 0.210340946912766 
1050	 0.210280910134315 
1051	 0.210182934999466 
1052	 0.210114359855652 
1053	 0.210039973258972 
1054	 0.20994721353054 
1055	 0.209885030984879 
1056	 0.209842756390572 
1057	 0.209784030914307 
1058	 0.209729790687561 
1059	 0.20969270169735 
1060	 0.209615901112556 
1061	 0.209574177861214 
1062	 0.209516361355782 
1063	 0.209425017237663 
1064	 0.20937816798687 
1065	 0.209325835108757 
1066	 0.209262505173683 
1067	 0.209218859672546 
1068	 0.209144577383995 
1069	 0.20904566347599 
1070	 0.208978444337845 
1071	 0.208920136094093 
1072	 0.208874940872192 
1073	 0.208846837282181 
1074	 0.208815395832062 
1075	 0.208745613694191 
1076	 0.208650454878807 
1077	 0.20854988694191 
1078	 0.208482429385185 
1079	 0.208436325192451 
1080	 0.208403319120407 
1081	 0.208357825875282 
1082	 0.208275392651558 
1083	 0.208193585276604 
1084	 0.208101704716682 
1085	 0.208037093281746 
1086	 0.207987084984779 
1087	 0.207963138818741 
1088	 0.207913160324097 
1089	 0.207860872149467 
1090	 0.207785919308662 
1091	 0.207684561610222 
1092	 0.20759941637516 
1093	 0.20752777159214 
1094	 0.207464322447777 
1095	 0.207409143447876 
1096	 0.20734903216362 
1097	 0.207280084490776 
1098	 0.207210853695869 
1099	 0.207128867506981 
1100	 0.207050442695618 
1101	 0.20697458088398 
1102	 0.206887349486351 
1103	 0.206812858581543 
1104	 0.206750079989433 
1105	 0.206675887107849 
1106	 0.206596568226814 
1107	 0.206528335809708 
1108	 0.206454187631607 
1109	 0.206399083137512 
1110	 0.206345677375793 
1111	 0.206276208162308 
1112	 0.206204161047935 
1113	 0.206129059195518 
1114	 0.206049397587776 
1115	 0.205975577235222 
1116	 0.205893576145172 
1117	 0.205788522958755 
1118	 0.20569010078907 
1119	 0.205585464835167 
1120	 0.205479010939598 
1121	 0.205366104841232 
1122	 0.20527358353138 
1123	 0.205180183053017 
1124	 0.205095589160919 
1125	 0.205041751265526 
1126	 0.204989522695541 
1127	 0.204926833510399 
1128	 0.204887241125107 
1129	 0.204838991165161 
1130	 0.204786956310272 
1131	 0.204769939184189 
1132	 0.204746007919312 
1133	 0.204724073410034 
1134	 0.20472452044487 
1135	 0.20472776889801 
1136	 0.20472951233387 
1137	 0.204743400216103 
1138	 0.20477257668972 
1139	 0.204798102378845 
1140	 0.204819068312645 
1141	 0.20486107468605 
1142	 0.204907923936844 
1143	 0.204960331320763 
1144	 0.205016538500786 
1145	 0.205070927739143 
1146	 0.205135151743889 
1147	 0.205221205949783 
1148	 0.205327615141869 
1149	 0.205441489815712 
1150	 0.205577075481415 
1151	 0.205732345581055 
1152	 0.205902189016342 
1153	 0.206084236502647 
1154	 0.206300988793373 
1155	 0.206547394394875 
1156	 0.206799387931824 
1157	 0.207085892558098 
1158	 0.207359686493874 
1159	 0.20764371752739 
1160	 0.207910016179085 
1161	 0.208175510168076 
1162	 0.208457037806511 
1163	 0.208687528967857 
1164	 0.208849340677261 
1165	 0.20895192027092 
1166	 0.208988711237907 
1167	 0.208957567811012 
1168	 0.208884432911873 
1169	 0.208765298128128 
1170	 0.208572775125504 
1171	 0.208382233977318 
1172	 0.208139926195145 
1173	 0.207923159003258 
1174	 0.207675695419312 
1175	 0.207483813166618 
1176	 0.207294300198555 
1177	 0.207158535718918 
1178	 0.207064524292946 
1179	 0.207006856799126 
1180	 0.206999927759171 
1181	 0.20699605345726 
1182	 0.206999227404594 
1183	 0.207025900483131 
1184	 0.207041412591934 
1185	 0.207081466913223 
1186	 0.207128196954727 
1187	 0.20720474421978 
1188	 0.207249402999878 
1189	 0.207289978861809 
1190	 0.207326650619507 
1191	 0.207341194152832 
1192	 0.207374557852745 
1193	 0.207429066300392 
1194	 0.207458272576332 
1195	 0.207488566637039 
1196	 0.207502990961075 
1197	 0.20749469101429 
1198	 0.207481786608696 
1199	 0.207485228776932 
1200	 0.207487240433693 
1201	 0.207486405968666 
1202	 0.207476675510406 
1203	 0.207436829805374 
1204	 0.20738972723484 
1205	 0.207326650619507 
1206	 0.207257553935051 
1207	 0.207151308655739 
1208	 0.207032784819603 
1209	 0.206872135400772 
1210	 0.206677690148354 
1211	 0.206455111503601 
1212	 0.206188529729843 
1213	 0.205915987491608 
1214	 0.205613791942596 
1215	 0.205303952097893 
1216	 0.204984933137894 
1217	 0.204653635621071 
1218	 0.204305872321129 
1219	 0.203945606946945 
1220	 0.20358981192112 
1221	 0.203187271952629 
1222	 0.202784582972527 
1223	 0.202394604682922 
1224	 0.202012121677399 
1225	 0.20162233710289 
1226	 0.201273143291473 
1227	 0.200947687029839 
1228	 0.200628787279129 
1229	 0.200334906578064 
1230	 0.200041875243187 
1231	 0.199745342135429 
1232	 0.19947324693203 
1233	 0.199224293231964 
1234	 0.198981627821922 
1235	 0.198748230934143 
1236	 0.198533937335014 
1237	 0.198338627815247 
1238	 0.198143154382706 
1239	 0.197963833808899 
1240	 0.197789579629898 
1241	 0.197599858045578 
1242	 0.197428092360497 
1243	 0.197267219424248 
1244	 0.197110205888748 
1245	 0.196975111961365 
1246	 0.196862891316414 
1247	 0.196747124195099 
1248	 0.196654349565506 
1249	 0.196538373827934 
1250	 0.196418300271034 
1251	 0.196288704872131 
1252	 0.196147188544273 
1253	 0.196003600955009 
1254	 0.19584447145462 
1255	 0.19570180773735 
1256	 0.195564672350883 
1257	 0.195422753691673 
1258	 0.195283725857735 
1259	 0.195151105523109 
1260	 0.195012167096138 
1261	 0.19488263130188 
1262	 0.194769114255905 
1263	 0.19465135037899 
1264	 0.194538548588753 
1265	 0.194422841072083 
1266	 0.194325685501099 
1267	 0.194240808486938 
1268	 0.194153219461441 
1269	 0.194075748324394 
1270	 0.193997859954834 
1271	 0.193908885121346 
1272	 0.193845793604851 
1273	 0.193802505731583 
1274	 0.193755134940147 
1275	 0.193717420101166 
1276	 0.193683832883835 
1277	 0.193653225898743 
1278	 0.193623960018158 
1279	 0.193603426218033 
1280	 0.193582788109779 
1281	 0.193565115332603 
1282	 0.193542078137398 
1283	 0.19351065158844 
1284	 0.193492844700813 
1285	 0.19347970187664 
1286	 0.193465322256088 
1287	 0.193457692861557 
1288	 0.193466424942017 
1289	 0.193461805582047 
1290	 0.19345311820507 
1291	 0.193440988659859 
1292	 0.19341741502285 
1293	 0.193416386842728 
1294	 0.193426549434662 
1295	 0.193425536155701 
1296	 0.19343426823616 
1297	 0.193438455462456 
1298	 0.193432152271271 
1299	 0.19342577457428 
1300	 0.19342452287674 
1301	 0.193420946598053 
1302	 0.193410381674767 
1303	 0.193398639559746 
1304	 0.193389266729355 
1305	 0.193378955125809 
1306	 0.193357691168785 
1307	 0.193345338106155 
1308	 0.193336099386215 
1309	 0.193336680531502 
1310	 0.193331941962242 
1311	 0.193326234817505 
1312	 0.19333128631115 
1313	 0.193337753415108 
1314	 0.19335150718689 
1315	 0.193384811282158 
1316	 0.193393692374229 
1317	 0.193389445543289 
1318	 0.193398922681808 
1319	 0.193390816450119 
1320	 0.193415522575378 
1321	 0.193465188145638 
1322	 0.193512484431267 
1323	 0.193553850054741 
1324	 0.193633869290352 
1325	 0.193735495209694 
1326	 0.193843826651573 
1327	 0.1939896941185 
1328	 0.19412536919117 
1329	 0.19424706697464 
1330	 0.194390684366226 
1331	 0.194543153047562 
1332	 0.194710075855255 
1333	 0.194894254207611 
1334	 0.195091381669044 
1335	 0.195278465747833 
1336	 0.19548299908638 
1337	 0.195646852254868 
1338	 0.195800706744194 
1339	 0.19592610001564 
1340	 0.196024239063263 
1341	 0.196114778518677 
1342	 0.196193814277649 
1343	 0.196246191859245 
1344	 0.196283981204033 
1345	 0.19629679620266 
1346	 0.196282178163528 
1347	 0.19625461101532 
1348	 0.196197167038918 
1349	 0.196150451898575 
1350	 0.196084812283516 
1351	 0.196034476161003 
1352	 0.195989191532135 
1353	 0.195950567722321 
1354	 0.195917293429375 
1355	 0.195889934897423 
1356	 0.195863246917725 
1357	 0.195852845907211 
1358	 0.195843353867531 
1359	 0.195856049656868 
1360	 0.195884868502617 
1361	 0.195933237671852 
1362	 0.19600373506546 
1363	 0.196077108383179 
1364	 0.196143701672554 
1365	 0.196206003427505 
1366	 0.196299150586128 
1367	 0.196387782692909 
1368	 0.196516424417496 
1369	 0.196674525737762 
1370	 0.196856543421745 
1371	 0.197057768702507 
1372	 0.197285711765289 
1373	 0.197535574436188 
1374	 0.197823688387871 
1375	 0.198134645819664 
1376	 0.198485895991325 
1377	 0.198864907026291 
1378	 0.199304476380348 
1379	 0.199783012270927 
1380	 0.200309753417969 
1381	 0.200889512896538 
1382	 0.201517641544342 
1383	 0.202216848731041 
1384	 0.202914327383041 
1385	 0.203679457306862 
1386	 0.204409390687943 
1387	 0.205161243677139 
1388	 0.20584774017334 
1389	 0.206545636057854 
1390	 0.207144752144814 
1391	 0.207657843828201 
1392	 0.208145439624786 
1393	 0.208527207374573 
1394	 0.208832368254662 
1395	 0.209092855453491 
1396	 0.209259256720543 
1397	 0.209466099739075 
1398	 0.209604501724243 
1399	 0.209851309657097 
1400	 0.210107073187828 
1401	 0.21046507358551 
1402	 0.210872143507004 
1403	 0.211391568183899 
1404	 0.212004899978638 
1405	 0.212676391005516 
1406	 0.213445112109184 
1407	 0.214255318045616 
1408	 0.215151742100716 
1409	 0.216047868132591 
1410	 0.217006593942642 
1411	 0.217960357666016 
1412	 0.218940034508705 
1413	 0.219894006848335 
1414	 0.220874384045601 
1415	 0.221812576055527 
1416	 0.2227493673563 
1417	 0.223621562123299 
1418	 0.22448442876339 
1419	 0.225259676575661 
1420	 0.225978374481201 
1421	 0.226606816053391 
1422	 0.227174192667007 
1423	 0.227640464901924 
1424	 0.228018775582314 
1425	 0.228312194347382 
1426	 0.2284816801548 
1427	 0.22852985560894 
1428	 0.228455320000648 
1429	 0.228277251124382 
1430	 0.22798615694046 
1431	 0.227590590715408 
1432	 0.2270777374506 
1433	 0.226430177688599 
1434	 0.225726321339607 
1435	 0.22491043806076 
1436	 0.22405344247818 
1437	 0.22310970723629 
1438	 0.222166076302528 
1439	 0.221152305603027 
1440	 0.220161274075508 
1441	 0.219136908650398 
1442	 0.218152552843094 
1443	 0.217160105705261 
1444	 0.216211557388306 
1445	 0.21528197824955 
1446	 0.214410737156868 
1447	 0.213563367724419 
1448	 0.212776765227318 
1449	 0.212043553590775 
1450	 0.211356267333031 
1451	 0.210721030831337 
1452	 0.210121676325798 
1453	 0.209570288658142 
1454	 0.209060996770859 
1455	 0.208585649728775 
1456	 0.208159685134888 
1457	 0.207776740193367 
1458	 0.207442939281464 
1459	 0.207154050469398 
1460	 0.206914827227592 
1461	 0.206724762916565 
1462	 0.206587716937065 
1463	 0.206491053104401 
1464	 0.206459626555443 
1465	 0.20649042725563 
1466	 0.206574335694313 
1467	 0.206720009446144 
1468	 0.206913724541664 
1469	 0.207153186202049 
1470	 0.207396671175957 
1471	 0.207624584436417 
1472	 0.207895502448082 
1473	 0.208049133419991 
1474	 0.208193451166153 
1475	 0.208179846405983 
1476	 0.208094015717506 
1477	 0.207840487360954 
1478	 0.207433059811592 
1479	 0.206974774599075 
1480	 0.206356644630432 
1481	 0.205771654844284 
1482	 0.205096036195755 
1483	 0.204507037997246 
1484	 0.203895285725594 
1485	 0.20336839556694 
1486	 0.202898621559143 
1487	 0.202476397156715 
1488	 0.202110752463341 
1489	 0.201768472790718 
1490	 0.201484873890877 
1491	 0.201203316450119 
1492	 0.200942873954773 
1493	 0.200701504945755 
1494	 0.200486779212952 
1495	 0.200280755758286 
1496	 0.200098752975464 
1497	 0.199913442134857 
1498	 0.199743539094925 
1499	 0.199563786387444 
1500	 0.199377089738846 
1501	 0.199200168251991 
1502	 0.199020400643349 
1503	 0.198852360248566 
1504	 0.198710396885872 
1505	 0.198545143008232 
1506	 0.198365524411201 
1507	 0.198197737336159 
1508	 0.198011323809624 
1509	 0.197848796844482 
1510	 0.197719916701317 
1511	 0.197575896978378 
1512	 0.197446450591087 
1513	 0.197295323014259 
1514	 0.197117954492569 
1515	 0.19694995880127 
1516	 0.196776032447815 
1517	 0.196601241827011 
1518	 0.196433961391449 
1519	 0.1962621062994 
1520	 0.196088388562202 
1521	 0.195901453495026 
1522	 0.195728033781052 
1523	 0.195550665259361 
1524	 0.195366159081459 
1525	 0.195177555084229 
1526	 0.194991573691368 
1527	 0.194802075624466 
1528	 0.194607824087143 
1529	 0.194415271282196 
1530	 0.194217950105667 
1531	 0.1940066665411 
1532	 0.193813309073448 
1533	 0.193625524640083 
1534	 0.193444103002548 
1535	 0.193275183439255 
1536	 0.193094447255135 
1537	 0.192918315529823 
1538	 0.192728757858276 
1539	 0.192517399787903 
1540	 0.192338466644287 
1541	 0.19216114282608 
1542	 0.192003935575485 
1543	 0.191879540681839 
1544	 0.191734045743942 
1545	 0.191594675183296 
1546	 0.191439360380173 
1547	 0.19126583635807 
1548	 0.191110640764236 
1549	 0.190951570868492 
1550	 0.190804690122604 
1551	 0.190674245357513 
1552	 0.190538212656975 
1553	 0.190400451421738 
1554	 0.190270841121674 
1555	 0.19014884531498 
1556	 0.190023243427277 
1557	 0.189900159835815 
1558	 0.189778402447701 
1559	 0.189654320478439 
1560	 0.189534589648247 
1561	 0.189417898654938 
1562	 0.189305454492569 
1563	 0.189196869730949 
1564	 0.189087957143784 
1565	 0.188973620533943 
1566	 0.188880383968353 
1567	 0.188801124691963 
1568	 0.188716113567352 
1569	 0.188645929098129 
1570	 0.188569098711014 
1571	 0.188493132591248 
1572	 0.188399747014046 
1573	 0.18829508125782 
1574	 0.188198953866959 
1575	 0.188086673617363 
1576	 0.187986701726913 
1577	 0.187918111681938 
1578	 0.187814831733704 
1579	 0.187691241502762 
1580	 0.187570005655289 
1581	 0.187425822019577 
1582	 0.187298357486725 
1583	 0.18717759847641 
1584	 0.187060207128525 
1585	 0.186961755156517 
1586	 0.186839923262596 
1587	 0.186715662479401 
1588	 0.186577573418617 
1589	 0.186410203576088 
1590	 0.186256721615791 
1591	 0.186098083853722 
1592	 0.185949370265007 
1593	 0.1858089864254 
1594	 0.185669720172882 
1595	 0.185530126094818 
1596	 0.18540370464325 
1597	 0.185294523835182 
1598	 0.185172572731972 
1599	 0.185053005814552 
1600	 0.184932634234428 
1601	 0.184805646538734 
1602	 0.184675112366676 
1603	 0.184543058276176 
1604	 0.184416621923447 
1605	 0.184277221560478 
1606	 0.184155762195587 
1607	 0.184053421020508 
1608	 0.18394823372364 
1609	 0.183855503797531 
1610	 0.183752492070198 
1611	 0.183643147349358 
1612	 0.183535873889923 
1613	 0.183417081832886 
1614	 0.183314114809036 
1615	 0.183216884732246 
1616	 0.183130189776421 
1617	 0.18305692076683 
1618	 0.182986035943031 
1619	 0.182921797037125 
1620	 0.182864487171173 
1621	 0.182822480797768 
1622	 0.182768389582634 
1623	 0.182704478502274 
1624	 0.182656839489937 
1625	 0.182615041732788 
1626	 0.182569086551666 
1627	 0.182533040642738 
1628	 0.182498827576637 
1629	 0.18245741724968 
1630	 0.182419493794441 
1631	 0.182394534349442 
1632	 0.182361662387848 
1633	 0.182312592864037 
1634	 0.182282254099846 
1635	 0.182263314723969 
1636	 0.182243257761002 
1637	 0.182238698005676 
1638	 0.182222545146942 
1639	 0.182189762592316 
1640	 0.182173997163773 
1641	 0.182158231735229 
1642	 0.182154268026352 
1643	 0.182163745164871 
1644	 0.182182163000107 
1645	 0.182214364409447 
1646	 0.182244151830673 
1647	 0.182283699512482 
1648	 0.182319581508636 
1649	 0.182346925139427 
1650	 0.182387366890907 
1651	 0.182431995868683 
1652	 0.182485178112984 
1653	 0.182526454329491 
1654	 0.182613477110863 
1655	 0.182716518640518 
1656	 0.182859718799591 
1657	 0.183060482144356 
1658	 0.183261781930923 
1659	 0.183487489819527 
1660	 0.183718338608742 
1661	 0.183957040309906 
1662	 0.184212073683739 
1663	 0.184485256671906 
1664	 0.18476639688015 
1665	 0.185042396187782 
1666	 0.185371980071068 
1667	 0.185715243220329 
1668	 0.186105281114578 
1669	 0.186558231711388 
1670	 0.187015384435654 
1671	 0.187501430511475 
1672	 0.188012138009071 
1673	 0.188541889190674 
1674	 0.189099490642548 
1675	 0.1896733045578 
1676	 0.190283492207527 
1677	 0.190914154052734 
1678	 0.191597908735275 
1679	 0.192341417074203 
1680	 0.193102300167084 
1681	 0.193913027644157 
1682	 0.194727972149849 
1683	 0.195555657148361 
1684	 0.196391761302948 
1685	 0.19724115729332 
1686	 0.198116719722748 
1687	 0.199027255177498 
1688	 0.199932992458344 
1689	 0.200853005051613 
1690	 0.201784029603004 
1691	 0.202709868550301 
1692	 0.20363849401474 
1693	 0.204585045576096 
1694	 0.205533534288406 
1695	 0.20647594332695 
1696	 0.20745550096035 
1697	 0.208455994725227 
1698	 0.209479287266731 
1699	 0.210535630583763 
1700	 0.211550489068031 
1701	 0.212587535381317 
1702	 0.213564649224281 
1703	 0.214525535702705 
1704	 0.215416610240936 
1705	 0.216254651546478 
1706	 0.217107445001602 
1707	 0.21783858537674 
1708	 0.218556508421898 
1709	 0.219226360321045 
1710	 0.219798922538757 
1711	 0.220385000109673 
1712	 0.220929369330406 
1713	 0.22145289182663 
1714	 0.22196851670742 
1715	 0.22243794798851 
1716	 0.222930774092674 
1717	 0.223421409726143 
1718	 0.223922610282898 
1719	 0.224416345357895 
1720	 0.224852651357651 
1721	 0.225255727767944 
1722	 0.2255869358778 
1723	 0.225846514105797 
1724	 0.226056143641472 
1725	 0.226195245981216 
1726	 0.226244449615479 
1727	 0.226184740662575 
1728	 0.226024866104126 
1729	 0.225730612874031 
1730	 0.225316479802132 
1731	 0.224858164787292 
1732	 0.224324434995651 
1733	 0.223779678344727 
1734	 0.223211407661438 
1735	 0.222602337598801 
1736	 0.222030818462372 
1737	 0.22148297727108 
1738	 0.221016272902489 
1739	 0.220641806721687 
1740	 0.220319822430611 
1741	 0.220104575157166 
1742	 0.219994619488716 
1743	 0.219940096139908 
1744	 0.220005929470062 
1745	 0.220073103904724 
1746	 0.220222070813179 
1747	 0.220330983400345 
1748	 0.220440998673439 
1749	 0.220547720789909 
1750	 0.220647156238556 
1751	 0.220730364322662 
1752	 0.220828101038933 
1753	 0.220875725150108 
1754	 0.220899164676666 
1755	 0.220883890986443 
1756	 0.22084379196167 
1757	 0.220767259597778 
1758	 0.220615833997726 
1759	 0.220387920737267 
1760	 0.220081001520157 
1761	 0.219669654965401 
1762	 0.219208374619484 
1763	 0.218689858913422 
1764	 0.218136683106422 
1765	 0.217557027935982 
1766	 0.216918095946312 
1767	 0.216278851032257 
1768	 0.215596586465836 
1769	 0.214881390333176 
1770	 0.214202135801315 
1771	 0.21349610388279 
1772	 0.212826743721962 
1773	 0.212221831083298 
1774	 0.211609944701195 
1775	 0.211074635386467 
1776	 0.210564747452736 
1777	 0.210074827075005 
1778	 0.20968334376812 
1779	 0.209297657012939 
1780	 0.208933651447296 
1781	 0.208601862192154 
1782	 0.208246842026711 
1783	 0.207915678620338 
1784	 0.207605496048927 
1785	 0.207339331507683 
1786	 0.207076638936996 
1787	 0.206850633025169 
1788	 0.206602081656456 
1789	 0.206330195069313 
1790	 0.206085458397865 
1791	 0.205842614173889 
1792	 0.205605879426003 
1793	 0.205410704016685 
1794	 0.205166324973106 
1795	 0.204905778169632 
1796	 0.204637929797173 
1797	 0.204373612999916 
1798	 0.20416983962059 
1799	 0.203993663191795 
1800	 0.203803315758705 
1801	 0.202279180288315 
1802	 0.201992079615593 
1803	 0.20170646905899 
1804	 0.20141975581646 
1805	 0.201123625040054 
1806	 0.200845122337341 
1807	 0.200572311878204 
1808	 0.200293555855751 
1809	 0.200011983513832 
1810	 0.19975021481514 
1811	 0.199475407600403 
1812	 0.199226543307304 
1813	 0.19901604950428 
1814	 0.198794469237328 
1815	 0.198562577366829 
1816	 0.198340967297554 
1817	 0.198112681508064 
1818	 0.1978619992733 
1819	 0.197648108005524 
1820	 0.197457075119019 
1821	 0.197255671024323 
1822	 0.197065085172653 
1823	 0.196871027350426 
1824	 0.196680679917336 
1825	 0.19649413228035 
1826	 0.196323871612549 
1827	 0.196177825331688 
1828	 0.196018308401108 
1829	 0.195852309465408 
1830	 0.195707321166992 
1831	 0.195563971996307 
1832	 0.195433288812637 
1833	 0.195333704352379 
1834	 0.195228740572929 
1835	 0.195124000310898 
1836	 0.19501157104969 
1837	 0.194900870323181 
1838	 0.19478552043438 
1839	 0.194680064916611 
1840	 0.194577232003212 
1841	 0.194475650787354 
1842	 0.194379404187202 
1843	 0.19427715241909 
1844	 0.194177746772766 
1845	 0.194111526012421 
1846	 0.19404761493206 
1847	 0.193977147340775 
1848	 0.193932697176933 
1849	 0.193903267383575 
1850	 0.193879306316376 
1851	 0.193864420056343 
1852	 0.193872600793839 
1853	 0.193896666169167 
1854	 0.193912237882614 
1855	 0.193960890173912 
1856	 0.194043040275574 
1857	 0.194120898842812 
1858	 0.194216474890709 
1859	 0.194328859448433 
1860	 0.194459035992622 
1861	 0.194599017500877 
1862	 0.194747313857079 
1863	 0.194919154047966 
1864	 0.195123434066772 
1865	 0.195321038365364 
1866	 0.195573717355728 
1867	 0.195888072252274 
1868	 0.196199879050255 
1869	 0.196564599871635 
1870	 0.196951478719711 
1871	 0.197365909814835 
1872	 0.197775557637215 
1873	 0.198197275400162 
1874	 0.198661342263222 
1875	 0.199113100767136 
1876	 0.199622333049774 
1877	 0.20017172396183 
1878	 0.200763285160065 
1879	 0.201425313949585 
1880	 0.202107459306717 
1881	 0.202864453196526 
1882	 0.203696608543396 
1883	 0.20456175506115 
1884	 0.205481022596359 
1885	 0.20654122531414 
1886	 0.207614541053772 
1887	 0.208775043487549 
1888	 0.210050418972969 
1889	 0.211301222443581 
1890	 0.212673425674438 
1891	 0.214096188545227 
1892	 0.21553336083889 
1893	 0.217101618647575 
1894	 0.218792393803596 
1895	 0.220494136214256 
1896	 0.222309932112694 
1897	 0.224238231778145 
1898	 0.226090803742409 
1899	 0.228073179721832 
1900	 0.230078607797623 
1901	 0.232124984264374 
1902	 0.234383642673492 
1903	 0.236582711338997 
1904	 0.238821297883987 
1905	 0.241140246391296 
1906	 0.243489816784859 
1907	 0.245632439851761 
1908	 0.247870579361916 
1909	 0.250040501356125 
1910	 0.252089351415634 
1911	 0.254220008850098 
1912	 0.256207525730133 
1913	 0.258021891117096 
1914	 0.259702920913696 
1915	 0.261049926280975 
1916	 0.262121856212616 
1917	 0.262926042079926 
1918	 0.263476073741913 
1919	 0.263637661933899 
1920	 0.263499706983566 
1921	 0.263008415699005 
1922	 0.262172669172287 
1923	 0.261019051074982 
1924	 0.259700089693069 
1925	 0.258146554231644 
1926	 0.256542980670929 
1927	 0.254791885614395 
1928	 0.253004491329193 
1929	 0.251043081283569 
1930	 0.24921503663063 
1931	 0.247374221682549 
1932	 0.245595350861549 
1933	 0.244062751531601 
1934	 0.242593169212341 
1935	 0.241189822554588 
1936	 0.23993706703186 
1937	 0.238717079162598 
1938	 0.237561777234077 
1939	 0.23646505177021 
1940	 0.2354366928339 
1941	 0.234452724456787 
1942	 0.233566030859947 
1943	 0.232666775584221 
1944	 0.231846779584885 
1945	 0.231103092432022 
1946	 0.230318814516068 
1947	 0.229590728878975 
1948	 0.228902444243431 
1949	 0.228216677904129 
1950	 0.227585360407829 
1951	 0.227014526724815 
1952	 0.226448714733124 
1953	 0.225912466645241 
1954	 0.225402697920799 
1955	 0.224885001778603 
1956	 0.224392607808113 
1957	 0.223909482359886 
1958	 0.223443597555161 
1959	 0.223032340407372 
1960	 0.222627565264702 
1961	 0.222241535782814 
1962	 0.221887484192848 
1963	 0.22153727710247 
1964	 0.221186295151711 
1965	 0.220873400568962 
1966	 0.220586448907852 
1967	 0.220305278897285 
1968	 0.220065325498581 
1969	 0.219837933778763 
1970	 0.219614088535309 
1971	 0.219398111104965 
1972	 0.219160586595535 
1973	 0.218909621238708 
1974	 0.218643113970757 
1975	 0.218337446451187 
1976	 0.218060895800591 
1977	 0.217789962887764 
1978	 0.217510774731636 
1979	 0.217231646180153 
1980	 0.21697898209095 
1981	 0.216687560081482 
1982	 0.21638810634613 
1983	 0.216095894575119 
1984	 0.215772613883018 
1985	 0.215449422597885 
1986	 0.215130284428596 
1987	 0.214817985892296 
1988	 0.214510336518288 
1989	 0.214204132556915 
1990	 0.213900297880173 
1991	 0.213602259755135 
1992	 0.213299348950386 
1993	 0.21300795674324 
1994	 0.212746977806091 
1995	 0.212507963180542 
1996	 0.21228601038456 
1997	 0.212082132697105 
1998	 0.211873516440392 
1999	 0.211651101708412 
2000	 0.211474776268005 
2001	 0.211329638957977 
2002	 0.211178451776505 
2003	 0.211049526929855 
2004	 0.210927724838257 
2005	 0.21080356836319 
2006	 0.210689842700958 
2007	 0.210594907402992 
2008	 0.210506856441498 
2009	 0.210428327322006 
2010	 0.210333734750748 
2011	 0.210244715213776 
2012	 0.210209369659424 
2013	 0.210204571485519 
2014	 0.210228443145752 
2015	 0.210280954837799 
2016	 0.210384324193001 
2017	 0.210484430193901 
2018	 0.210594326257706 
2019	 0.210728377103806 
2020	 0.210872799158096 
2021	 0.21105894446373 
2022	 0.211257562041283 
2023	 0.21148793399334 
2024	 0.211774870753288 
2025	 0.212083280086517 
2026	 0.212423786520958 
2027	 0.212822034955025 
2028	 0.213214322924614 
2029	 0.213619783520699 
2030	 0.214047148823738 
2031	 0.214491054415703 
2032	 0.214953720569611 
2033	 0.21545372903347 
2034	 0.215941160917282 
2035	 0.216448083519936 
2036	 0.216944456100464 
2037	 0.217409387230873 
2038	 0.217915371060371 
2039	 0.218395218253136 
2040	 0.218861982226372 
2041	 0.219338715076447 
2042	 0.219808205962181 
2043	 0.22027799487114 
2044	 0.220778822898865 
2045	 0.221232518553734 
2046	 0.22167494893074 
2047	 0.222094178199768 
2048	 0.222479492425919 
2049	 0.222846329212189 
2050	 0.223214998841286 
2051	 0.22353358566761 
2052	 0.223809003829956 
2053	 0.224022582173347 
2054	 0.224192202091217 
2055	 0.224301621317863 
2056	 0.224376976490021 
2057	 0.224420815706253 
2058	 0.224395528435707 
2059	 0.224309101700783 
2060	 0.224180266261101 
2061	 0.223968490958214 
2062	 0.223759382963181 
2063	 0.223506018519402 
2064	 0.223249286413193 
2065	 0.222979947924614 
2066	 0.222703740000725 
2067	 0.222372174263 
2068	 0.222032636404037 
2069	 0.22170378267765 
2070	 0.221339106559753 
2071	 0.221018061041832 
2072	 0.220719113945961 
2073	 0.220436707139015 
2074	 0.220171511173248 
2075	 0.219913020730019 
2076	 0.219673901796341 
2077	 0.219445452094078 
2078	 0.21920782327652 
2079	 0.219007670879364 
2080	 0.218833968043327 
2081	 0.218677893280983 
2082	 0.218529298901558 
2083	 0.218435555696487 
2084	 0.218355923891068 
2085	 0.218307107686996 
2086	 0.218287035822868 
2087	 0.218308225274086 
2088	 0.218332558870316 
2089	 0.218384385108948 
2090	 0.21844308078289 
2091	 0.218531042337418 
2092	 0.218599140644073 
2093	 0.218664437532425 
2094	 0.218739524483681 
2095	 0.218804478645325 
2096	 0.218886137008667 
2097	 0.218992084264755 
2098	 0.219093725085258 
2099	 0.219188660383224 
2100	 0.21926748752594 
2101	 0.219358220696449 
2102	 0.219446912407875 
2103	 0.219531774520874 
2104	 0.219626262784004 
2105	 0.219707459211349 
2106	 0.219767302274704 
2107	 0.21984438598156 
2108	 0.219928458333015 
2109	 0.220008820295334 
2110	 0.220087364315987 
2111	 0.220174640417099 
2112	 0.220261380076408 
2113	 0.220355495810509 
2114	 0.220450967550278 
2115	 0.220567345619202 
2116	 0.220702037215233 
2117	 0.220829889178276 
2118	 0.220976278185844 
2119	 0.221140190958977 
2120	 0.221309244632721 
2121	 0.221483647823334 
2122	 0.221671670675278 
2123	 0.221875071525574 
2124	 0.222085922956467 
2125	 0.222307071089745 
2126	 0.222534596920013 
2127	 0.222766757011414 
2128	 0.22301521897316 
2129	 0.223298907279968 
2130	 0.223548874258995 
2131	 0.223781555891037 
2132	 0.224038049578667 
2133	 0.224284112453461 
2134	 0.224522575736046 
2135	 0.224838212132454 
2136	 0.22516368329525 
2137	 0.225497886538506 
2138	 0.225860893726349 
2139	 0.226210400462151 
2140	 0.226565629243851 
2141	 0.226914167404175 
2142	 0.227246791124344 
2143	 0.227613553404808 
2144	 0.227999895811081 
2145	 0.228375151753426 
2146	 0.228771969676018 
2147	 0.229155421257019 
2148	 0.229502990841866 
2149	 0.229891732335091 
2150	 0.230299487709999 
2151	 0.230715572834015 
2152	 0.231165051460266 
2153	 0.231597349047661 
2154	 0.232040077447891 
2155	 0.232511386275291 
2156	 0.232945740222931 
2157	 0.233367219567299 
2158	 0.233811154961586 
2159	 0.234231874346733 
2160	 0.234693109989166 
2161	 0.235205307602882 
2162	 0.235676810145378 
2163	 0.236164271831512 
2164	 0.23660609126091 
2165	 0.237026169896126 
2166	 0.2374177724123 
2167	 0.237776130437851 
2168	 0.238117575645447 
2169	 0.23843739926815 
2170	 0.238727688789368 
2171	 0.239004522562027 
2172	 0.239239245653152 
2173	 0.239426791667938 
2174	 0.239600673317909 
2175	 0.239755779504776 
2176	 0.239870369434357 
2177	 0.239999517798424 
2178	 0.240117385983467 
2179	 0.2402463555336 
2180	 0.240374863147736 
2181	 0.240502581000328 
2182	 0.240635305643082 
2183	 0.240763545036316 
2184	 0.240896984934807 
2185	 0.241006821393967 
2186	 0.241105526685715 
2187	 0.241201758384705 
2188	 0.241282433271408 
2189	 0.241360276937485 
2190	 0.241439759731293 
2191	 0.241507813334465 
2192	 0.241541728377342 
2193	 0.241608172655106 
2194	 0.241700977087021 
2195	 0.241773784160614 
2196	 0.241857662796974 
2197	 0.241929724812508 
2198	 0.241974949836731 
2199	 0.242019236087799 
2200	 0.242089956998825 
2201	 0.242171406745911 
2202	 0.242260426282883 
2203	 0.242363780736923 
2204	 0.242479771375656 
2205	 0.242614060640335 
2206	 0.242735683917999 
2207	 0.242866665124893 
2208	 0.242991402745247 
2209	 0.243124663829803 
2210	 0.243216574192047 
2211	 0.243281498551369 
2212	 0.243366032838821 
2213	 0.243423759937286 
2214	 0.243494004011154 
2215	 0.243586927652359 
2216	 0.243675634264946 
2217	 0.243752270936966 
2218	 0.243834584951401 
2219	 0.24391695857048 
2220	 0.244018420577049 
2221	 0.244108185172081 
2222	 0.244237184524536 
2223	 0.244378462433815 
2224	 0.244564577937126 
2225	 0.244787648320198 
2226	 0.245037257671356 
2227	 0.245364502072334 
2228	 0.245750188827515 
2229	 0.246192574501038 
2230	 0.246712282299995 
2231	 0.247249752283096 
2232	 0.247834041714668 
2233	 0.248465076088905 
2234	 0.249115139245987 
2235	 0.24985808134079 
2236	 0.250683039426804 
2237	 0.25153186917305 
2238	 0.252474844455719 
2239	 0.253403812646866 
2240	 0.254337638616562 
2241	 0.25533264875412 
2242	 0.256312221288681 
2243	 0.257415413856506 
2244	 0.258627682924271 
2245	 0.259859144687653 
2246	 0.261239290237427 
2247	 0.2625532746315 
2248	 0.263811439275742 
2249	 0.265157282352448 
2250	 0.266533136367798 
2251	 0.267908364534378 
2252	 0.269432842731476 
2253	 0.270908743143082 
2254	 0.272392719984055 
2255	 0.273875862360001 
2256	 0.27525994181633 
2257	 0.276695281267166 
2258	 0.278084516525269 
2259	 0.27942556142807 
2260	 0.280798763036728 
2261	 0.282175809144974 
2262	 0.283527791500092 
2263	 0.2849061191082 
2264	 0.286198049783707 
2265	 0.287436366081238 
2266	 0.288671880960464 
2267	 0.289837151765823 
2268	 0.291044175624847 
2269	 0.292284905910492 
2270	 0.293453097343445 
2271	 0.294599413871765 
2272	 0.295721143484116 
2273	 0.296783059835434 
2274	 0.297858744859695 
2275	 0.298899322748184 
2276	 0.299984097480774 
2277	 0.301044672727585 
2278	 0.302164316177368 
2279	 0.303365975618362 
2280	 0.304554790258408 
2281	 0.305741459131241 
2282	 0.30698299407959 
2283	 0.308237046003342 
2284	 0.309527426958084 
2285	 0.310947716236115 
2286	 0.312390148639679 
2287	 0.313944101333618 
2288	 0.315557837486267 
2289	 0.317107945680618 
2290	 0.318747282028198 
2291	 0.320331007242203 
2292	 0.321888744831085 
2293	 0.323568016290665 
2294	 0.325132489204407 
2295	 0.326607942581177 
2296	 0.328064948320389 
2297	 0.32932236790657 
2298	 0.330434679985046 
2299	 0.33136573433876 
2300	 0.332184433937073 
2301	 0.332694411277771 
2302	 0.332946926355362 
2303	 0.33300769329071 
2304	 0.332814991474152 
2305	 0.33243054151535 
2306	 0.331847637891769 
2307	 0.331011593341827 
2308	 0.329908788204193 
2309	 0.328629970550537 
2310	 0.327084064483643 
2311	 0.325429111719131 
2312	 0.32343789935112 
2313	 0.321621805429459 
2314	 0.319674640893936 
2315	 0.317881226539612 
2316	 0.316210895776749 
2317	 0.314582943916321 
2318	 0.312880426645279 
2319	 0.311510026454926 
2320	 0.310288816690445 
2321	 0.309263527393341 
2322	 0.308545380830765 
2323	 0.307891339063644 
2324	 0.307377696037292 
2325	 0.306983321905136 
2326	 0.306723058223724 
2327	 0.306605696678162 
2328	 0.306638360023499 
2329	 0.306789070367813 
2330	 0.307076841592789 
2331	 0.307531297206879 
2332	 0.308102011680603 
2333	 0.30877685546875 
2334	 0.309667110443115 
2335	 0.310625851154327 
2336	 0.311660200357437 
2337	 0.31279668211937 
2338	 0.313892692327499 
2339	 0.315025478601456 
2340	 0.316103607416153 
2341	 0.317177683115005 
2342	 0.318260878324509 
2343	 0.319155365228653 
2344	 0.319864988327026 
2345	 0.320309430360794 
2346	 0.320458590984344 
2347	 0.320304185152054 
2348	 0.319911897182465 
2349	 0.319199353456497 
2350	 0.318183243274689 
2351	 0.316988617181778 
2352	 0.315679371356964 
2353	 0.314338117837906 
2354	 0.313103973865509 
2355	 0.311903834342957 
2356	 0.310761958360672 
2357	 0.309831976890564 
2358	 0.308925777673721 
2359	 0.308157175779343 
2360	 0.30756863951683 
2361	 0.307045966386795 
2362	 0.306735843420029 
2363	 0.306529760360718 
2364	 0.306321054697037 
2365	 0.306202828884125 
2366	 0.306022763252258 
2367	 0.305808395147324 
2368	 0.305627048015594 
2369	 0.305402249097824 
2370	 0.30521285533905 
2371	 0.30505695939064 
2372	 0.30490306019783 
2373	 0.304750859737396 
2374	 0.304516702890396 
2375	 0.304293364286423 
2376	 0.304179519414902 
2377	 0.304036855697632 
2378	 0.303981125354767 
2379	 0.303960233926773 
2380	 0.303779572248459 
2381	 0.303651839494705 
2382	 0.303489863872528 
2383	 0.303239703178406 
2384	 0.303065180778503 
2385	 0.302926659584045 
2386	 0.302779495716095 
2387	 0.3026382625103 
2388	 0.302572429180145 
2389	 0.302562832832336 
2390	 0.302511513233185 
2391	 0.302537977695465 
2392	 0.302477300167084 
2393	 0.302290409803391 
2394	 0.302213937044144 
2395	 0.302172303199768 
2396	 0.302095949649811 
2397	 0.302065670490265 
2398	 0.302040159702301 
2399	 0.302005499601364 
2400	 0.301916539669037 
2401	 0.301809728145599 
2402	 0.301623791456223 
2403	 0.30149033665657 
2404	 0.30139896273613 
2405	 0.301417618989944 
2406	 0.301437944173813 
2407	 0.301360726356506 
2408	 0.301286786794662 
2409	 0.301252663135529 
2410	 0.301293730735779 
2411	 0.301340728998184 
2412	 0.301367998123169 
2413	 0.301439464092255 
2414	 0.301496803760529 
2415	 0.301535397768021 
2416	 0.301584959030151 
2417	 0.301601856946945 
2418	 0.301591485738754 
2419	 0.301605701446533 
2420	 0.301660418510437 
2421	 0.301832795143127 
2422	 0.302044779062271 
2423	 0.302149921655655 
2424	 0.302277058362961 
2425	 0.302422910928726 
2426	 0.30254790186882 
2427	 0.302771836519241 
2428	 0.3029765188694 
2429	 0.303116679191589 
2430	 0.303272724151611 
2431	 0.303404182195663 
2432	 0.303526759147644 
2433	 0.303619116544724 
2434	 0.303803235292435 
2435	 0.304094791412354 
2436	 0.304330766201019 
2437	 0.304670870304108 
2438	 0.305013626813889 
2439	 0.305246531963348 
2440	 0.305631071329117 
2441	 0.306091994047165 
2442	 0.306426912546158 
2443	 0.306610822677612 
2444	 0.30687353014946 
2445	 0.307355850934982 
2446	 0.307885050773621 
2447	 0.308452188968658 
2448	 0.308996260166168 
2449	 0.309321403503418 
2450	 0.309627860784531 
2451	 0.31012350320816 
2452	 0.310488551855087 
2453	 0.310804843902588 
2454	 0.31118169426918 
2455	 0.311475664377213 
2456	 0.311995595693588 
2457	 0.312664568424225 
2458	 0.313222140073776 
2459	 0.313719242811203 
2460	 0.314083904027939 
2461	 0.314257621765137 
2462	 0.314443647861481 
2463	 0.314738899469376 
2464	 0.315078943967819 
2465	 0.315560877323151 
2466	 0.315838932991028 
2467	 0.315723925828934 
2468	 0.315641731023788 
2469	 0.315447509288788 
2470	 0.31518617272377 
2471	 0.315258741378784 
2472	 0.315436363220215 
2473	 0.315560072660446 
2474	 0.315754413604736 
2475	 0.316043108701706 
2476	 0.316317796707153 
2477	 0.316461443901062 
2478	 0.316599547863007 
2479	 0.316677153110504 
2480	 0.316187560558319 
2481	 0.315918892621994 
2482	 0.315713852643967 
2483	 0.315384477376938 
2484	 0.315187782049179 
2485	 0.314831137657166 
2486	 0.314372599124908 
2487	 0.314297556877136 
2488	 0.314239203929901 
2489	 0.314021766185761 
2490	 0.31404983997345 
2491	 0.314003109931946 
2492	 0.313607931137085 
2493	 0.313149839639664 
2494	 0.312826752662659 
2495	 0.312556266784668 
2496	 0.312131822109222 
2497	 0.311979115009308 
2498	 0.311742305755615 
2499	 0.310931235551834 
2500	 0.310456186532974 
