Wavelength	3c.001
350	 0.944351255893707 
351	 0.966550350189209 
352	 0.980074822902679 
353	 0.979521334171295 
354	 0.991234481334686 
355	 0.990346550941467 
356	 0.991464376449585 
357	 1.00715398788452 
358	 1.01766765117645 
359	 1.03113067150116 
360	 1.04121482372284 
361	 1.03656256198883 
362	 1.02967178821564 
363	 1.03404784202576 
364	 1.04796755313873 
365	 1.04980885982513 
366	 1.04336333274841 
367	 1.04545593261719 
368	 1.0630441904068 
369	 1.0597470998764 
370	 1.05658757686615 
371	 1.05839884281158 
372	 1.06037712097168 
373	 1.06334245204926 
374	 1.06267249584198 
375	 1.05834186077118 
376	 1.05716621875763 
377	 1.05691528320313 
378	 1.05852651596069 
379	 1.06176233291626 
380	 1.06022477149963 
381	 1.05642437934875 
382	 1.05746054649353 
383	 1.06950187683105 
384	 1.06317794322968 
385	 1.05521011352539 
386	 1.056401014328 
387	 1.06154215335846 
388	 1.06478214263916 
389	 1.06610596179962 
390	 1.06629168987274 
391	 1.06057155132294 
392	 1.05858337879181 
393	 1.0603609085083 
394	 1.05989015102386 
395	 1.06005716323853 
396	 1.05899798870087 
397	 1.05595469474792 
398	 1.0524195432663 
399	 1.05318093299866 
400	 1.05489861965179 
401	 1.05440521240234 
402	 1.06137573719025 
403	 1.0609724521637 
404	 1.05531775951385 
405	 1.05825483798981 
406	 1.05519592761993 
407	 1.05458092689514 
408	 1.05956041812897 
409	 1.05639088153839 
410	 1.05814349651337 
411	 1.0600882768631 
412	 1.05489313602448 
413	 1.05193781852722 
414	 1.05345606803894 
415	 1.05616199970245 
416	 1.05275273323059 
417	 1.05090570449829 
418	 1.05021774768829 
419	 1.04935908317566 
420	 1.04819667339325 
421	 1.04807829856873 
422	 1.04739212989807 
423	 1.04434680938721 
424	 1.04426193237305 
425	 1.0431969165802 
426	 1.04035496711731 
427	 1.03917896747589 
428	 1.03840243816376 
429	 1.03721451759338 
430	 1.03548526763916 
431	 1.03493690490723 
432	 1.03371465206146 
433	 1.03190016746521 
434	 1.03059923648834 
435	 1.02957701683044 
436	 1.02819919586182 
437	 1.02648627758026 
438	 1.02551090717316 
439	 1.02492833137512 
440	 1.02390253543854 
441	 1.02199423313141 
442	 1.02111566066742 
443	 1.01912271976471 
444	 1.01651310920715 
445	 1.0157378911972 
446	 1.01506674289703 
447	 1.01371467113495 
448	 1.01175105571747 
449	 1.01072323322296 
450	 1.00992262363434 
451	 1.00878632068634 
452	 1.00703287124634 
453	 1.00587689876556 
454	 1.00453233718872 
455	 1.00292098522186 
456	 1.00185000896454 
457	 0.9998699426651 
458	 0.998461961746216 
459	 0.998519122600555 
460	 0.997432708740234 
461	 0.995508968830109 
462	 0.99376779794693 
463	 0.993322134017944 
464	 0.992203116416931 
465	 0.990729570388794 
466	 0.989479720592499 
467	 0.989055573940277 
468	 0.98779684305191 
469	 0.986430048942566 
470	 0.985776364803314 
471	 0.983882188796997 
472	 0.98243647813797 
473	 0.981818437576294 
474	 0.981277048587799 
475	 0.980725944042206 
476	 0.979568481445313 
477	 0.977883636951447 
478	 0.977394819259644 
479	 0.976574897766113 
480	 0.975297212600708 
481	 0.974005818367004 
482	 0.973025560379028 
483	 0.972184181213379 
484	 0.971393346786499 
485	 0.970707654953003 
486	 0.969455659389496 
487	 0.968413114547729 
488	 0.968087017536163 
489	 0.967108309268951 
490	 0.966282546520233 
491	 0.965630233287811 
492	 0.964776456356049 
493	 0.964375555515289 
494	 0.963612020015717 
495	 0.96225380897522 
496	 0.961283147335052 
497	 0.96045184135437 
498	 0.959713816642761 
499	 0.95896327495575 
500	 0.95757657289505 
501	 0.956774771213531 
502	 0.956522583961487 
503	 0.955661475658417 
504	 0.954397022724152 
505	 0.953083992004395 
506	 0.951903641223907 
507	 0.950493633747101 
508	 0.949365794658661 
509	 0.94826865196228 
510	 0.946743786334991 
511	 0.945474803447723 
512	 0.943962812423706 
513	 0.942093014717102 
514	 0.940343201160431 
515	 0.939152240753174 
516	 0.937808752059937 
517	 0.935701966285706 
518	 0.933665871620178 
519	 0.931396782398224 
520	 0.928904891014099 
521	 0.926407217979431 
522	 0.923708021640778 
523	 0.921213448047638 
524	 0.918839633464813 
525	 0.915345430374146 
526	 0.911934614181519 
527	 0.908589363098145 
528	 0.904938220977783 
529	 0.90119206905365 
530	 0.897145926952362 
531	 0.892655372619629 
532	 0.887679040431976 
533	 0.882664740085602 
534	 0.877342283725739 
535	 0.87139356136322 
536	 0.864810228347778 
537	 0.85757178068161 
538	 0.849797070026398 
539	 0.841617524623871 
540	 0.832754850387573 
541	 0.823140621185303 
542	 0.812871992588043 
543	 0.802263736724854 
544	 0.790937066078186 
545	 0.77886950969696 
546	 0.766158819198608 
547	 0.752862155437469 
548	 0.739100873470306 
549	 0.724936008453369 
550	 0.710386335849762 
551	 0.695134103298187 
552	 0.679298996925354 
553	 0.66301155090332 
554	 0.646309792995453 
555	 0.629121124744415 
556	 0.611526489257813 
557	 0.593701481819153 
558	 0.57589054107666 
559	 0.55807501077652 
560	 0.540485441684723 
561	 0.523621141910553 
562	 0.507180154323578 
563	 0.49113193154335 
564	 0.475584983825684 
565	 0.460748136043549 
566	 0.446526914834976 
567	 0.432873070240021 
568	 0.419801503419876 
569	 0.407359004020691 
570	 0.395622044801712 
571	 0.384613275527954 
572	 0.374271214008331 
573	 0.364446550607681 
574	 0.355217516422272 
575	 0.346692740917206 
576	 0.338757336139679 
577	 0.331346243619919 
578	 0.324411779642105 
579	 0.317934423685074 
580	 0.312037706375122 
581	 0.306610882282257 
582	 0.30151692032814 
583	 0.296775817871094 
584	 0.292344003915787 
585	 0.288194060325623 
586	 0.284328609704971 
587	 0.280903667211533 
588	 0.277790009975433 
589	 0.274874031543732 
590	 0.272145569324493 
591	 0.269630134105682 
592	 0.267268985509872 
593	 0.26502001285553 
594	 0.263044655323029 
595	 0.261188864707947 
596	 0.259397566318512 
597	 0.257723540067673 
598	 0.256265044212341 
599	 0.254892528057098 
600	 0.253511101007462 
601	 0.252218931913376 
602	 0.250968962907791 
603	 0.249766185879707 
604	 0.248639926314354 
605	 0.247614458203316 
606	 0.246642842888832 
607	 0.24570070207119 
608	 0.244802638888359 
609	 0.243982419371605 
610	 0.243226170539856 
611	 0.242494404315948 
612	 0.241727158427238 
613	 0.240905910730362 
614	 0.240142464637756 
615	 0.239591091871262 
616	 0.238942101597786 
617	 0.238333567976952 
618	 0.237840175628662 
619	 0.237329468131065 
620	 0.236661672592163 
621	 0.235993459820747 
622	 0.23551045358181 
623	 0.234995409846306 
624	 0.23446998000145 
625	 0.233989536762238 
626	 0.233613759279251 
627	 0.233023345470428 
628	 0.232465699315071 
629	 0.232114478945732 
630	 0.231703147292137 
631	 0.231203317642212 
632	 0.230713620781898 
633	 0.230361148715019 
634	 0.229968920350075 
635	 0.229558974504471 
636	 0.229136437177658 
637	 0.228666573762894 
638	 0.228271439671516 
639	 0.227945059537888 
640	 0.227637782692909 
641	 0.22728057205677 
642	 0.226926654577255 
643	 0.226572781801224 
644	 0.226183652877808 
645	 0.225769773125648 
646	 0.225423827767372 
647	 0.225150913000107 
648	 0.224799871444702 
649	 0.224442571401596 
650	 0.224109500646591 
651	 0.223811313509941 
652	 0.223530992865562 
653	 0.223204046487808 
654	 0.222862809896469 
655	 0.222606107592583 
656	 0.222293749451637 
657	 0.222002983093262 
658	 0.221766084432602 
659	 0.221450343728065 
660	 0.221072763204575 
661	 0.220733627676964 
662	 0.220522463321686 
663	 0.220277205109596 
664	 0.219991266727448 
665	 0.2196996062994 
666	 0.21946194767952 
667	 0.219094395637512 
668	 0.218818679451942 
669	 0.218741536140442 
670	 0.218474000692368 
671	 0.218167096376419 
672	 0.217870786786079 
673	 0.217593595385551 
674	 0.217340677976608 
675	 0.21714523434639 
676	 0.216949462890625 
677	 0.2165916711092 
678	 0.216492965817451 
679	 0.216310828924179 
680	 0.215804815292358 
681	 0.215588942170143 
682	 0.215454906225204 
683	 0.215302780270576 
684	 0.215093567967415 
685	 0.214799001812935 
686	 0.21458475291729 
687	 0.21447317302227 
688	 0.214265137910843 
689	 0.213866055011749 
690	 0.213567808270454 
691	 0.213576138019562 
692	 0.213452890515327 
693	 0.213209554553032 
694	 0.21287277340889 
695	 0.21251168847084 
696	 0.212442979216576 
697	 0.212392970919609 
698	 0.21220999956131 
699	 0.212052777409554 
700	 0.211783841252327 
701	 0.211473569273949 
702	 0.211232990026474 
703	 0.211096927523613 
704	 0.210936352610588 
705	 0.210745304822922 
706	 0.210601359605789 
707	 0.210476741194725 
708	 0.210303127765656 
709	 0.210093662142754 
710	 0.210014432668686 
711	 0.209706157445908 
712	 0.209407418966293 
713	 0.209378391504288 
714	 0.209211528301239 
715	 0.209051519632339 
716	 0.208904132246971 
717	 0.208681792020798 
718	 0.20847874879837 
719	 0.208402931690216 
720	 0.208416283130646 
721	 0.208236247301102 
722	 0.208104610443115 
723	 0.207979634404182 
724	 0.207779467105865 
725	 0.207598656415939 
726	 0.207491680979729 
727	 0.207388773560524 
728	 0.207159265875816 
729	 0.206990331411362 
730	 0.206928178668022 
731	 0.206901282072067 
732	 0.206677854061127 
733	 0.206588104367256 
734	 0.206516355276108 
735	 0.206314191222191 
736	 0.206227079033852 
737	 0.206125810742378 
738	 0.206020921468735 
739	 0.205993980169296 
740	 0.205836474895477 
741	 0.205723881721497 
742	 0.205691874027252 
743	 0.20549800992012 
744	 0.205456718802452 
745	 0.205383196473122 
746	 0.205126538872719 
747	 0.205119952559471 
748	 0.205051019787788 
749	 0.204894110560417 
750	 0.204794570803642 
751	 0.20480988919735 
752	 0.204755857586861 
753	 0.204597890377045 
754	 0.204522475600243 
755	 0.204398706555367 
756	 0.204307109117508 
757	 0.204292804002762 
758	 0.204170390963554 
759	 0.203983068466187 
760	 0.203844875097275 
761	 0.203853294253349 
762	 0.203765735030174 
763	 0.20369166135788 
764	 0.203653156757355 
765	 0.203554928302765 
766	 0.20342318713665 
767	 0.203337028622627 
768	 0.203316330909729 
769	 0.203223630785942 
770	 0.203121200203896 
771	 0.203022599220276 
772	 0.202923834323883 
773	 0.202802449464798 
774	 0.202774822711945 
775	 0.202754184603691 
776	 0.202523022890091 
777	 0.20238333940506 
778	 0.202377304434776 
779	 0.202438086271286 
780	 0.202393114566803 
781	 0.202255949378014 
782	 0.202178120613098 
783	 0.202235221862793 
784	 0.20208714902401 
785	 0.201940640807152 
786	 0.201880872249603 
787	 0.201899647712708 
788	 0.201898068189621 
789	 0.201876908540726 
790	 0.201828077435493 
791	 0.201721683144569 
792	 0.201519250869751 
793	 0.201371178030968 
794	 0.201364770531654 
795	 0.201341524720192 
796	 0.20139491558075 
797	 0.201453253626823 
798	 0.201418414711952 
799	 0.201366826891899 
800	 0.201313495635986 
801	 0.201230108737946 
802	 0.201081424951553 
803	 0.201099842786789 
804	 0.201151788234711 
805	 0.201112270355225 
806	 0.20095057785511 
807	 0.200882643461227 
808	 0.200867682695389 
809	 0.200823664665222 
810	 0.200763553380966 
811	 0.200688362121582 
812	 0.200657829642296 
813	 0.200727820396423 
814	 0.20080977678299 
815	 0.200722396373749 
816	 0.200537413358688 
817	 0.200534582138062 
818	 0.200634092092514 
819	 0.2006646245718 
820	 0.20055878162384 
821	 0.200442120432854 
822	 0.200337871909142 
823	 0.20031850039959 
824	 0.200391501188278 
825	 0.200347408652306 
826	 0.200335115194321 
827	 0.200358897447586 
828	 0.200347617268562 
829	 0.200209319591522 
830	 0.200152665376663 
831	 0.200212433934212 
832	 0.200248911976814 
833	 0.200164213776588 
834	 0.200096234679222 
835	 0.200115919113159 
836	 0.200133219361305 
837	 0.200135335326195 
838	 0.20016385614872 
839	 0.200225234031677 
840	 0.200184568762779 
841	 0.200116440653801 
842	 0.200118035078049 
843	 0.200237050652504 
844	 0.200256526470184 
845	 0.200193524360657 
846	 0.200123712420464 
847	 0.200138479471207 
848	 0.200132876634598 
849	 0.200176998972893 
850	 0.200218439102173 
851	 0.200047641992569 
852	 0.199901610612869 
853	 0.199847400188446 
854	 0.199887782335281 
855	 0.199982866644859 
856	 0.199972555041313 
857	 0.199858412146568 
858	 0.199744895100594 
859	 0.199884742498398 
860	 0.199868515133858 
861	 0.199758589267731 
862	 0.199807733297348 
863	 0.199793130159378 
864	 0.199614137411118 
865	 0.199391156435013 
866	 0.199405983090401 
867	 0.199671745300293 
868	 0.199795082211494 
869	 0.19967095553875 
870	 0.19965560734272 
871	 0.199540734291077 
872	 0.199464395642281 
873	 0.199505269527435 
874	 0.199458241462708 
875	 0.199412435293198 
876	 0.199420392513275 
877	 0.199498698115349 
878	 0.199592471122742 
879	 0.199574783444405 
880	 0.199453711509705 
881	 0.199332728981972 
882	 0.199382439255714 
883	 0.199486255645752 
884	 0.199523568153381 
885	 0.199425011873245 
886	 0.199422940611839 
887	 0.199356287717819 
888	 0.199242323637009 
889	 0.199328869581223 
890	 0.199372619390488 
891	 0.19945427775383 
892	 0.199585169553757 
893	 0.199569270014763 
894	 0.19947774708271 
895	 0.1994808614254 
896	 0.199616014957428 
897	 0.199513867497444 
898	 0.199457600712776 
899	 0.199487894773483 
900	 0.199549660086632 
901	 0.199563771486282 
902	 0.199604347348213 
903	 0.199668914079666 
904	 0.199714258313179 
905	 0.199712797999382 
906	 0.199730753898621 
907	 0.199699848890305 
908	 0.199502184987068 
909	 0.199395209550858 
910	 0.199478819966316 
911	 0.199670255184174 
912	 0.199739441275597 
913	 0.199691951274872 
914	 0.199769169092178 
915	 0.199961230158806 
916	 0.199891567230225 
917	 0.199811592698097 
918	 0.199709564447403 
919	 0.199568688869476 
920	 0.199451014399529 
921	 0.199511423707008 
922	 0.199647292494774 
923	 0.199738159775734 
924	 0.199821576476097 
925	 0.199800997972488 
926	 0.199707075953484 
927	 0.199622988700867 
928	 0.199644297361374 
929	 0.199636042118073 
930	 0.199642404913902 
931	 0.199738830327988 
932	 0.199800625443459 
933	 0.199753418564796 
934	 0.199642732739449 
935	 0.199557557702065 
936	 0.199404925107956 
937	 0.199400439858437 
938	 0.199462279677391 
939	 0.199346721172333 
940	 0.199275746941566 
941	 0.199233308434486 
942	 0.199135914444923 
943	 0.198900893330574 
944	 0.198783472180367 
945	 0.198745310306549 
946	 0.198728293180466 
947	 0.198701426386833 
948	 0.198723167181015 
949	 0.198774144053459 
950	 0.19881246984005 
951	 0.19879461824894 
952	 0.198824346065521 
953	 0.198906630277634 
954	 0.198964908719063 
955	 0.198856398463249 
956	 0.198962345719337 
957	 0.199144095182419 
958	 0.199246674776077 
959	 0.19929276406765 
960	 0.199461162090302 
961	 0.199617281556129 
962	 0.199682742357254 
963	 0.199839532375336 
964	 0.200053840875626 
965	 0.200277507305145 
966	 0.200461462140083 
967	 0.200581446290016 
968	 0.200525864958763 
969	 0.200404956936836 
970	 0.200353473424911 
971	 0.200376316905022 
972	 0.200610026717186 
973	 0.200806275010109 
974	 0.200715735554695 
975	 0.200420349836349 
976	 0.200192838907242 
977	 0.200014963746071 
978	 0.199819475412369 
979	 0.199738144874573 
980	 0.199569582939148 
981	 0.199437692761421 
982	 0.199456289410591 
983	 0.199351489543915 
984	 0.199175029993057 
985	 0.198979109525681 
986	 0.198801040649414 
987	 0.198610678315163 
988	 0.198394536972046 
989	 0.198205307126045 
990	 0.198080539703369 
991	 0.197934880852699 
992	 0.197716951370239 
993	 0.197469413280487 
994	 0.197261407971382 
995	 0.197113320231438 
996	 0.196943789720535 
997	 0.196808189153671 
998	 0.196767210960388 
999	 0.196729809045792 
1000	 0.196678921580315 
1001	 0.196497693657875 
1002	 0.196408718824387 
1003	 0.196287900209427 
1004	 0.196206197142601 
1005	 0.196166887879372 
1006	 0.196099072694778 
1007	 0.196018785238266 
1008	 0.195959091186523 
1009	 0.195884168148041 
1010	 0.195843353867531 
1011	 0.19584783911705 
1012	 0.195823013782501 
1013	 0.195823073387146 
1014	 0.195792943239212 
1015	 0.195743098855019 
1016	 0.195655003190041 
1017	 0.195598319172859 
1018	 0.195544600486755 
1019	 0.195501312613487 
1020	 0.195468544960022 
1021	 0.195420622825623 
1022	 0.195347860455513 
1023	 0.195317700505257 
1024	 0.195307999849319 
1025	 0.195288002490997 
1026	 0.195290714502335 
1027	 0.195276021957397 
1028	 0.195257768034935 
1029	 0.195212244987488 
1030	 0.195152118802071 
1031	 0.195125117897987 
1032	 0.19508758187294 
1033	 0.195047631859779 
1034	 0.195025965571404 
1035	 0.195024132728577 
1036	 0.195018783211708 
1037	 0.195020228624344 
1038	 0.195006564259529 
1039	 0.194995939731598 
1040	 0.194968864321709 
1041	 0.194913446903229 
1042	 0.194873839616776 
1043	 0.194844350218773 
1044	 0.194810196757317 
1045	 0.194741353392601 
1046	 0.194697126746178 
1047	 0.194652080535889 
1048	 0.194609016180038 
1049	 0.194576054811478 
1050	 0.194522485136986 
1051	 0.194471910595894 
1052	 0.194421485066414 
1053	 0.194370925426483 
1054	 0.19432820379734 
1055	 0.194288730621338 
1056	 0.194235250353813 
1057	 0.194198951125145 
1058	 0.194170787930489 
1059	 0.194167375564575 
1060	 0.194157481193542 
1061	 0.194166988134384 
1062	 0.194176942110062 
1063	 0.194140836596489 
1064	 0.194091573357582 
1065	 0.194049969315529 
1066	 0.194032117724419 
1067	 0.194026857614517 
1068	 0.194010078907013 
1069	 0.194003537297249 
1070	 0.193991333246231 
1071	 0.193963184952736 
1072	 0.193926155567169 
1073	 0.193910658359528 
1074	 0.193888410925865 
1075	 0.1938466578722 
1076	 0.193823933601379 
1077	 0.193824037909508 
1078	 0.193826019763947 
1079	 0.193806514143944 
1080	 0.193798422813416 
1081	 0.193807438015938 
1082	 0.193795442581177 
1083	 0.193790107965469 
1084	 0.193775728344917 
1085	 0.193750619888306 
1086	 0.193742856383324 
1087	 0.19374181330204 
1088	 0.193747326731682 
1089	 0.19374306499958 
1090	 0.193720802664757 
1091	 0.193696454167366 
1092	 0.193679586052895 
1093	 0.193671107292175 
1094	 0.193661317229271 
1095	 0.193645685911179 
1096	 0.193632528185844 
1097	 0.19362311065197 
1098	 0.193636238574982 
1099	 0.193671882152557 
1100	 0.193703472614288 
1101	 0.193719938397408 
1102	 0.193738326430321 
1103	 0.193755343556404 
1104	 0.193762078881264 
1105	 0.193764910101891 
1106	 0.193779498338699 
1107	 0.193796545267105 
1108	 0.193817436695099 
1109	 0.193824604153633 
1110	 0.19384378194809 
1111	 0.193861871957779 
1112	 0.193845197558403 
1113	 0.193832203745842 
1114	 0.193816408514977 
1115	 0.193805322051048 
1116	 0.193801656365395 
1117	 0.193786174058914 
1118	 0.193760246038437 
1119	 0.193704023957253 
1120	 0.19367153942585 
1121	 0.193638324737549 
1122	 0.193625554442406 
1123	 0.193608850240707 
1124	 0.193616360425949 
1125	 0.193622693419456 
1126	 0.193628817796707 
1127	 0.193677082657814 
1128	 0.193736612796783 
1129	 0.193797066807747 
1130	 0.193897247314453 
1131	 0.194007694721222 
1132	 0.19411513209343 
1133	 0.194275408983231 
1134	 0.194442048668861 
1135	 0.194638326764107 
1136	 0.194871708750725 
1137	 0.195123001933098 
1138	 0.195401266217232 
1139	 0.195682272315025 
1140	 0.195987865328789 
1141	 0.196273058652878 
1142	 0.196568623185158 
1143	 0.196861177682877 
1144	 0.197161093354225 
1145	 0.197498112916946 
1146	 0.197851702570915 
1147	 0.198269799351692 
1148	 0.198752328753471 
1149	 0.19926118850708 
1150	 0.199850171804428 
1151	 0.200480490922928 
1152	 0.201184898614883 
1153	 0.201964527368546 
1154	 0.202797308564186 
1155	 0.20370115339756 
1156	 0.204648092389107 
1157	 0.205679014325142 
1158	 0.206670105457306 
1159	 0.20772098004818 
1160	 0.2087232619524 
1161	 0.209656402468681 
1162	 0.210587576031685 
1163	 0.21136237680912 
1164	 0.212013974785805 
1165	 0.2125174254179 
1166	 0.212783440947533 
1167	 0.212853640317917 
1168	 0.212761804461479 
1169	 0.212511673569679 
1170	 0.212000533938408 
1171	 0.21152101457119 
1172	 0.210874751210213 
1173	 0.210306107997894 
1174	 0.209673091769218 
1175	 0.20915599167347 
1176	 0.208632558584213 
1177	 0.208244457840919 
1178	 0.207953080534935 
1179	 0.207729279994965 
1180	 0.207612484693527 
1181	 0.207571476697922 
1182	 0.207595691084862 
1183	 0.207673847675323 
1184	 0.207784339785576 
1185	 0.207918778061867 
1186	 0.208066165447235 
1187	 0.208246529102325 
1188	 0.208416700363159 
1189	 0.208607539534569 
1190	 0.208780243992805 
1191	 0.208935931324959 
1192	 0.20910607278347 
1193	 0.209277540445328 
1194	 0.209455579519272 
1195	 0.209650248289108 
1196	 0.209837555885315 
1197	 0.210022509098053 
1198	 0.21020995080471 
1199	 0.210400059819221 
1200	 0.210577443242073 
1201	 0.21074765920639 
1202	 0.210898771882057 
1203	 0.211014375090599 
1204	 0.211094051599503 
1205	 0.211109519004822 
1206	 0.21108216047287 
1207	 0.210987657308578 
1208	 0.210832566022873 
1209	 0.21062833070755 
1210	 0.210367113351822 
1211	 0.210054293274879 
1212	 0.20966562628746 
1213	 0.20926633477211 
1214	 0.208837851881981 
1215	 0.20835854113102 
1216	 0.207835853099823 
1217	 0.2072983533144 
1218	 0.20671609044075 
1219	 0.206101730465889 
1220	 0.205495685338974 
1221	 0.204836651682854 
1222	 0.20418518781662 
1223	 0.203533664345741 
1224	 0.202906548976898 
1225	 0.202291741967201 
1226	 0.201711013913155 
1227	 0.201137840747833 
1228	 0.200610086321831 
1229	 0.200116559863091 
1230	 0.199647143483162 
1231	 0.199208468198776 
1232	 0.198795810341835 
1233	 0.198412597179413 
1234	 0.198060527443886 
1235	 0.197746530175209 
1236	 0.19744136929512 
1237	 0.197159051895142 
1238	 0.196893751621246 
1239	 0.196645647287369 
1240	 0.196411147713661 
1241	 0.196195915341377 
1242	 0.196017742156982 
1243	 0.195843100547791 
1244	 0.195680916309357 
1245	 0.195544511079788 
1246	 0.195430979132652 
1247	 0.195322334766388 
1248	 0.195245683193207 
1249	 0.195146843791008 
1250	 0.195040792226791 
1251	 0.194947630167007 
1252	 0.194849833846092 
1253	 0.19476518034935 
1254	 0.194685235619545 
1255	 0.194626435637474 
1256	 0.194588512182236 
1257	 0.194546654820442 
1258	 0.194520801305771 
1259	 0.194494545459747 
1260	 0.194461435079575 
1261	 0.194436341524124 
1262	 0.194429978728294 
1263	 0.194414809346199 
1264	 0.194391638040543 
1265	 0.194361284375191 
1266	 0.194341331720352 
1267	 0.194323509931564 
1268	 0.194292768836021 
1269	 0.194268897175789 
1270	 0.19422759115696 
1271	 0.194153100252151 
1272	 0.194110453128815 
1273	 0.194074645638466 
1274	 0.194045692682266 
1275	 0.194043651223183 
1276	 0.194017663598061 
1277	 0.193987220525742 
1278	 0.19394962489605 
1279	 0.193893939256668 
1280	 0.193845674395561 
1281	 0.19378536939621 
1282	 0.193744674324989 
1283	 0.193705096840858 
1284	 0.193685114383698 
1285	 0.193681210279465 
1286	 0.193700477480888 
1287	 0.19371309876442 
1288	 0.193741843104362 
1289	 0.193755388259888 
1290	 0.193759202957153 
1291	 0.193779364228249 
1292	 0.193796083331108 
1293	 0.193831950426102 
1294	 0.193883046507835 
1295	 0.193939328193665 
1296	 0.194001287221909 
1297	 0.194077998399734 
1298	 0.194154694676399 
1299	 0.19426341354847 
1300	 0.194404259324074 
1301	 0.194539532065392 
1302	 0.194704487919807 
1303	 0.194851189851761 
1304	 0.194982811808586 
1305	 0.19512352347374 
1306	 0.195260688662529 
1307	 0.195405229926109 
1308	 0.195544838905334 
1309	 0.195708259940147 
1310	 0.195873647928238 
1311	 0.196048259735107 
1312	 0.196220532059669 
1313	 0.196403056383133 
1314	 0.196577608585358 
1315	 0.196735680103302 
1316	 0.196928009390831 
1317	 0.197124898433685 
1318	 0.197347775101662 
1319	 0.197588071227074 
1320	 0.197856053709984 
1321	 0.198129624128342 
1322	 0.198453471064568 
1323	 0.198804616928101 
1324	 0.19920215010643 
1325	 0.199640333652496 
1326	 0.200115159153938 
1327	 0.200611963868141 
1328	 0.201175659894943 
1329	 0.201800629496574 
1330	 0.202447116374969 
1331	 0.203152000904083 
1332	 0.203872516751289 
1333	 0.2046088129282 
1334	 0.205387488007545 
1335	 0.206140279769897 
1336	 0.206931799650192 
1337	 0.207644671201706 
1338	 0.208353653550148 
1339	 0.208950266242027 
1340	 0.209505066275597 
1341	 0.209954351186752 
1342	 0.21030181646347 
1343	 0.210612311959267 
1344	 0.210842907428741 
1345	 0.211047619581223 
1346	 0.211201563477516 
1347	 0.211323246359825 
1348	 0.211388781666756 
1349	 0.211454689502716 
1350	 0.211476847529411 
1351	 0.211516782641411 
1352	 0.211537718772888 
1353	 0.211588427424431 
1354	 0.211643472313881 
1355	 0.21172122657299 
1356	 0.211814448237419 
1357	 0.211933612823486 
1358	 0.212070062756538 
1359	 0.212230443954468 
1360	 0.212407350540161 
1361	 0.212622404098511 
1362	 0.212862953543663 
1363	 0.213116720318794 
1364	 0.21340848505497 
1365	 0.213722422719002 
1366	 0.214091420173645 
1367	 0.214484110474586 
1368	 0.214950248599052 
1369	 0.215456053614616 
1370	 0.216054454445839 
1371	 0.216709777712822 
1372	 0.217450648546219 
1373	 0.21825547516346 
1374	 0.219173267483711 
1375	 0.220167621970177 
1376	 0.221282944083214 
1377	 0.222476422786713 
1378	 0.22385561466217 
1379	 0.225346371531487 
1380	 0.227015793323517 
1381	 0.228856414556503 
1382	 0.230863347649574 
1383	 0.233088165521622 
1384	 0.235378623008728 
1385	 0.237886160612106 
1386	 0.240371495485306 
1387	 0.243041887879372 
1388	 0.245506942272186 
1389	 0.248055711388588 
1390	 0.250315457582474 
1391	 0.252338618040085 
1392	 0.254276841878891 
1393	 0.25586262345314 
1394	 0.257238537073135 
1395	 0.258432149887085 
1396	 0.259305477142334 
1397	 0.26026314496994 
1398	 0.260987818241119 
1399	 0.262016594409943 
1400	 0.263011246919632 
1401	 0.264355838298798 
1402	 0.265853673219681 
1403	 0.267696797847748 
1404	 0.269810646772385 
1405	 0.272159904241562 
1406	 0.27482396364212 
1407	 0.277676641941071 
1408	 0.280843406915665 
1409	 0.284078925848007 
1410	 0.287572830915451 
1411	 0.291101932525635 
1412	 0.294809192419052 
1413	 0.298433601856232 
1414	 0.302183955907822 
1415	 0.305819720029831 
1416	 0.309496343135834 
1417	 0.312956511974335 
1418	 0.316406965255737 
1419	 0.319564014673233 
1420	 0.322573453187943 
1421	 0.325190871953964 
1422	 0.327608376741409 
1423	 0.329569339752197 
1424	 0.331108063459396 
1425	 0.332310318946838 
1426	 0.333036631345749 
1427	 0.333245933055878 
1428	 0.332935243844986 
1429	 0.332153052091599 
1430	 0.330881118774414 
1431	 0.329120278358459 
1432	 0.326900660991669 
1433	 0.324139893054962 
1434	 0.32114639878273 
1435	 0.317678987979889 
1436	 0.314107805490494 
1437	 0.310204476118088 
1438	 0.306373834609985 
1439	 0.302305728197098 
1440	 0.298411667346954 
1441	 0.294432073831558 
1442	 0.290723145008087 
1443	 0.287059158086777 
1444	 0.283649504184723 
1445	 0.280426293611526 
1446	 0.27743798494339 
1447	 0.27463498711586 
1448	 0.272017359733582 
1449	 0.269618570804596 
1450	 0.267370343208313 
1451	 0.265273690223694 
1452	 0.26334810256958 
1453	 0.261602580547333 
1454	 0.260027348995209 
1455	 0.258613228797913 
1456	 0.257351607084274 
1457	 0.256248980760574 
1458	 0.255308419466019 
1459	 0.254501909017563 
1460	 0.253884822130203 
1461	 0.25344917178154 
1462	 0.253184467554092 
1463	 0.2530737221241 
1464	 0.253164798021317 
1465	 0.253440946340561 
1466	 0.253912568092346 
1467	 0.254573464393616 
1468	 0.255424946546555 
1469	 0.256465762853622 
1470	 0.257488906383514 
1471	 0.258473664522171 
1472	 0.259625852108002 
1473	 0.260335177183151 
1474	 0.261009961366653 
1475	 0.26109367609024 
1476	 0.260875910520554 
1477	 0.260117650032043 
1478	 0.258819460868835 
1479	 0.257336974143982 
1480	 0.255331546068192 
1481	 0.2534119784832 
1482	 0.251165390014648 
1483	 0.249196082353592 
1484	 0.247138515114784 
1485	 0.245370522141457 
1486	 0.243762135505676 
1487	 0.242333248257637 
1488	 0.241087347269058 
1489	 0.239958077669144 
1490	 0.239023000001907 
1491	 0.238138273358345 
1492	 0.237385451793671 
1493	 0.23667012155056 
1494	 0.236048504710197 
1495	 0.2354626506567 
1496	 0.234950691461563 
1497	 0.234446719288826 
1498	 0.233997255563736 
1499	 0.233545765280724 
1500	 0.233109533786774 
1501	 0.232684433460236 
1502	 0.232273295521736 
1503	 0.231878072023392 
1504	 0.231491684913635 
1505	 0.231125935912132 
1506	 0.230778470635414 
1507	 0.230446830391884 
1508	 0.230133607983589 
1509	 0.229835361242294 
1510	 0.229571402072906 
1511	 0.229293286800385 
1512	 0.229017958045006 
1513	 0.228747323155403 
1514	 0.228464022278786 
1515	 0.22819696366787 
1516	 0.227954998612404 
1517	 0.227701604366302 
1518	 0.22744283080101 
1519	 0.227194458246231 
1520	 0.226945281028748 
1521	 0.226699620485306 
1522	 0.22647550702095 
1523	 0.226246729493141 
1524	 0.22600856423378 
1525	 0.225768819451332 
1526	 0.225518867373466 
1527	 0.225254818797112 
1528	 0.225005909800529 
1529	 0.224752724170685 
1530	 0.224516421556473 
1531	 0.224293082952499 
1532	 0.224066495895386 
1533	 0.223847925662994 
1534	 0.223624855279922 
1535	 0.223395794630051 
1536	 0.223184064030647 
1537	 0.222977980971336 
1538	 0.222778558731079 
1539	 0.222591400146484 
1540	 0.222404628992081 
1541	 0.222215071320534 
1542	 0.222045138478279 
1543	 0.221884503960609 
1544	 0.221738263964653 
1545	 0.221607118844986 
1546	 0.22148397564888 
1547	 0.22136789560318 
1548	 0.22127178311348 
1549	 0.221196502447128 
1550	 0.221117630600929 
1551	 0.221056491136551 
1552	 0.220985397696495 
1553	 0.220906004309654 
1554	 0.220838397741318 
1555	 0.220780313014984 
1556	 0.220714330673218 
1557	 0.220650941133499 
1558	 0.220584437251091 
1559	 0.220508620142937 
1560	 0.220441937446594 
1561	 0.220390275120735 
1562	 0.220315560698509 
1563	 0.220231518149376 
1564	 0.220147550106049 
1565	 0.220040574669838 
1566	 0.21995621919632 
1567	 0.219896256923676 
1568	 0.219810798764229 
1569	 0.219715997576714 
1570	 0.219627976417542 
1571	 0.219526022672653 
1572	 0.219434589147568 
1573	 0.219360694289207 
1574	 0.219275012612343 
1575	 0.219174817204475 
1576	 0.219091415405273 
1577	 0.21901972591877 
1578	 0.218938872218132 
1579	 0.218866765499115 
1580	 0.218783855438232 
1581	 0.218692883849144 
1582	 0.218594714999199 
1583	 0.218495190143585 
1584	 0.218382567167282 
1585	 0.218246325850487 
1586	 0.218124613165855 
1587	 0.218007028102875 
1588	 0.217881754040718 
1589	 0.217754378914833 
1590	 0.217633038759232 
1591	 0.217504546046257 
1592	 0.217383429408073 
1593	 0.217278376221657 
1594	 0.217164114117622 
1595	 0.217042118310928 
1596	 0.216925784945488 
1597	 0.21680423617363 
1598	 0.216695919632912 
1599	 0.216595053672791 
1600	 0.216500237584114 
1601	 0.21642479300499 
1602	 0.216336414217949 
1603	 0.216235667467117 
1604	 0.216152653098106 
1605	 0.216075792908669 
1606	 0.215996444225311 
1607	 0.2159294039011 
1608	 0.215860918164253 
1609	 0.215791866183281 
1610	 0.215715169906616 
1611	 0.215628683567047 
1612	 0.215560108423233 
1613	 0.215482622385025 
1614	 0.215427175164223 
1615	 0.215396195650101 
1616	 0.215370878577232 
1617	 0.215351805090904 
1618	 0.215348422527313 
1619	 0.21536810696125 
1620	 0.215385496616364 
1621	 0.215411022305489 
1622	 0.215440779924393 
1623	 0.215468853712082 
1624	 0.215508788824081 
1625	 0.215565457940102 
1626	 0.215615764260292 
1627	 0.215671822428703 
1628	 0.215724647045135 
1629	 0.215765461325645 
1630	 0.215822219848633 
1631	 0.215890944004059 
1632	 0.215954199433327 
1633	 0.216033041477203 
1634	 0.216095805168152 
1635	 0.216139882802963 
1636	 0.216192930936813 
1637	 0.216238781809807 
1638	 0.216293528676033 
1639	 0.216347560286522 
1640	 0.216422408819199 
1641	 0.216501444578171 
1642	 0.216604426503181 
1643	 0.216736599802971 
1644	 0.216870903968811 
1645	 0.217022687196732 
1646	 0.21717444062233 
1647	 0.217340275645256 
1648	 0.217496648430824 
1649	 0.217642575502396 
1650	 0.217808052897453 
1651	 0.217952251434326 
1652	 0.218146920204163 
1653	 0.218369722366333 
1654	 0.218624264001846 
1655	 0.218916028738022 
1656	 0.219239696860313 
1657	 0.219595149159431 
1658	 0.219982817769051 
1659	 0.220416635274887 
1660	 0.220853015780449 
1661	 0.221296727657318 
1662	 0.221788883209229 
1663	 0.222298949956894 
1664	 0.222865149378777 
1665	 0.22347928583622 
1666	 0.224147394299507 
1667	 0.224851012229919 
1668	 0.225618347525597 
1669	 0.226447939872742 
1670	 0.227330401539803 
1671	 0.228281050920486 
1672	 0.229277238249779 
1673	 0.230326101183891 
1674	 0.231433019042015 
1675	 0.23258849978447 
1676	 0.233784675598145 
1677	 0.235026687383652 
1678	 0.236341565847397 
1679	 0.237731635570526 
1680	 0.239161491394043 
1681	 0.240662589669228 
1682	 0.242201298475266 
1683	 0.24377004802227 
1684	 0.245373591780663 
1685	 0.247038573026657 
1686	 0.248732820153236 
1687	 0.250478893518448 
1688	 0.252251535654068 
1689	 0.25406277179718 
1690	 0.255902945995331 
1691	 0.257770597934723 
1692	 0.259622603654861 
1693	 0.261484801769257 
1694	 0.263386905193329 
1695	 0.265289217233658 
1696	 0.267275512218475 
1697	 0.269326686859131 
1698	 0.271442651748657 
1699	 0.27361598610878 
1700	 0.275774389505386 
1701	 0.27801051735878 
1702	 0.280171245336533 
1703	 0.282363921403885 
1704	 0.284435957670212 
1705	 0.28645646572113 
1706	 0.288459122180939 
1707	 0.29022416472435 
1708	 0.291955262422562 
1709	 0.293604016304016 
1710	 0.295132964849472 
1711	 0.296705573797226 
1712	 0.298181563615799 
1713	 0.299658209085464 
1714	 0.301136702299118 
1715	 0.302453458309174 
1716	 0.303818672895432 
1717	 0.305152237415314 
1718	 0.306420624256134 
1719	 0.307725936174393 
1720	 0.308919459581375 
1721	 0.310055911540985 
1722	 0.311116755008698 
1723	 0.311999946832657 
1724	 0.312790513038635 
1725	 0.313406229019165 
1726	 0.313792049884796 
1727	 0.313995718955994 
1728	 0.313977181911469 
1729	 0.313697308301926 
1730	 0.313158363103867 
1731	 0.312429308891296 
1732	 0.311458855867386 
1733	 0.310385853052139 
1734	 0.309245854616165 
1735	 0.308016777038574 
1736	 0.306871682405472 
1737	 0.305839627981186 
1738	 0.304910987615585 
1739	 0.304237306118011 
1740	 0.303715497255325 
1741	 0.303438723087311 
1742	 0.303429305553436 
1743	 0.303562432527542 
1744	 0.303932517766953 
1745	 0.304410874843597 
1746	 0.305097043514252 
1747	 0.305781692266464 
1748	 0.306603729724884 
1749	 0.307399123907089 
1750	 0.308239161968231 
1751	 0.30907154083252 
1752	 0.309965878725052 
1753	 0.310748964548111 
1754	 0.311496168375015 
1755	 0.312139272689819 
1756	 0.312721759080887 
1757	 0.313195109367371 
1758	 0.313568472862244 
1759	 0.313768744468689 
1760	 0.313811480998993 
1761	 0.313702583312988 
1762	 0.313447535037994 
1763	 0.312998175621033 
1764	 0.31239527463913 
1765	 0.311639815568924 
1766	 0.310700953006744 
1767	 0.309722304344177 
1768	 0.308655858039856 
1769	 0.307496279478073 
1770	 0.306363582611084 
1771	 0.305200457572937 
1772	 0.304104298353195 
1773	 0.303106009960175 
1774	 0.30212277173996 
1775	 0.301240384578705 
1776	 0.300387322902679 
1777	 0.299576550722122 
1778	 0.298877775669098 
1779	 0.298184722661972 
1780	 0.297532111406326 
1781	 0.296902596950531 
1782	 0.296227395534515 
1783	 0.295598983764648 
1784	 0.294955968856812 
1785	 0.294318675994873 
1786	 0.293736040592194 
1787	 0.293199330568314 
1788	 0.292646557092667 
1789	 0.292118072509766 
1790	 0.291555941104889 
1791	 0.290950775146484 
1792	 0.290385246276855 
1793	 0.289844274520874 
1794	 0.28931924700737 
1795	 0.288802713155746 
1796	 0.288293898105621 
1797	 0.287735551595688 
1798	 0.287180840969086 
1799	 0.286597669124603 
1800	 0.28597304224968 
1801	 0.292108416557312 
1802	 0.29133552312851 
1803	 0.290581941604614 
1804	 0.289817035198212 
1805	 0.289016544818878 
1806	 0.288286775350571 
1807	 0.287553936243057 
1808	 0.286880612373352 
1809	 0.286254674196243 
1810	 0.285658270120621 
1811	 0.285088121891022 
1812	 0.284551560878754 
1813	 0.284068316221237 
1814	 0.28357195854187 
1815	 0.28311288356781 
1816	 0.282674014568329 
1817	 0.282235383987427 
1818	 0.281789660453796 
1819	 0.281392842531204 
1820	 0.281011760234833 
1821	 0.280664354562759 
1822	 0.280357420444489 
1823	 0.280060529708862 
1824	 0.279794812202454 
1825	 0.279520362615585 
1826	 0.279312908649445 
1827	 0.27914634346962 
1828	 0.279011368751526 
1829	 0.278927236795425 
1830	 0.278854519128799 
1831	 0.278797805309296 
1832	 0.278775900602341 
1833	 0.278794765472412 
1834	 0.278838843107224 
1835	 0.278954386711121 
1836	 0.279064297676086 
1837	 0.279158651828766 
1838	 0.279270261526108 
1839	 0.279364615678787 
1840	 0.279437571763992 
1841	 0.279519557952881 
1842	 0.279595166444778 
1843	 0.27967956662178 
1844	 0.279781490564346 
1845	 0.279883980751038 
1846	 0.27999609708786 
1847	 0.280112892389297 
1848	 0.280273914337158 
1849	 0.280431121587753 
1850	 0.280661463737488 
1851	 0.280931174755096 
1852	 0.281277000904083 
1853	 0.28165927529335 
1854	 0.282034873962402 
1855	 0.282475501298904 
1856	 0.282925367355347 
1857	 0.283421635627747 
1858	 0.284014791250229 
1859	 0.284604370594025 
1860	 0.285213857889175 
1861	 0.285896629095078 
1862	 0.286613941192627 
1863	 0.287350863218308 
1864	 0.288232922554016 
1865	 0.289149820804596 
1866	 0.290153682231903 
1867	 0.291316002607346 
1868	 0.292510986328125 
1869	 0.293856263160706 
1870	 0.295299202203751 
1871	 0.296848714351654 
1872	 0.298442095518112 
1873	 0.300133347511292 
1874	 0.301873624324799 
1875	 0.303655982017517 
1876	 0.305683165788651 
1877	 0.30775174498558 
1878	 0.310065984725952 
1879	 0.312659859657288 
1880	 0.31523260474205 
1881	 0.318091064691544 
1882	 0.321218997240067 
1883	 0.32448011636734 
1884	 0.327939331531525 
1885	 0.331948280334473 
1886	 0.336074233055115 
1887	 0.340620249509811 
1888	 0.345631927251816 
1889	 0.350602895021439 
1890	 0.356079995632172 
1891	 0.3618084192276 
1892	 0.36779260635376 
1893	 0.374458640813828 
1894	 0.381807267665863 
1895	 0.389348685741425 
1896	 0.39766600728035 
1897	 0.406714737415314 
1898	 0.415635287761688 
1899	 0.42554560303688 
1900	 0.435914069414139 
1901	 0.446740627288818 
1902	 0.459122121334076 
1903	 0.471802592277527 
1904	 0.485265463590622 
1905	 0.499787032604218 
1906	 0.515257894992828 
1907	 0.530178189277649 
1908	 0.546381652355194 
1909	 0.562719464302063 
1910	 0.579088866710663 
1911	 0.596746206283569 
1912	 0.613819360733032 
1913	 0.630199015140533 
1914	 0.64573860168457 
1915	 0.65842866897583 
1916	 0.668695569038391 
1917	 0.676495313644409 
1918	 0.681491911411285 
1919	 0.682103216648102 
1920	 0.679322361946106 
1921	 0.672874271869659 
1922	 0.662676155567169 
1923	 0.649130761623383 
1924	 0.634574294090271 
1925	 0.617981553077698 
1926	 0.601520836353302 
1927	 0.584209799766541 
1928	 0.567463755607605 
1929	 0.549883365631104 
1930	 0.534034311771393 
1931	 0.518846333026886 
1932	 0.504813253879547 
1933	 0.49299567937851 
1934	 0.482035130262375 
1935	 0.472105413675308 
1936	 0.463540881872177 
1937	 0.455322593450546 
1938	 0.447765618562698 
1939	 0.440888375043869 
1940	 0.434618443250656 
1941	 0.428729087114334 
1942	 0.423748672008514 
1943	 0.418857455253601 
1944	 0.414355903863907 
1945	 0.410226762294769 
1946	 0.406013637781143 
1947	 0.402178049087524 
1948	 0.398529201745987 
1949	 0.395009458065033 
1950	 0.391837775707245 
1951	 0.389041244983673 
1952	 0.386267691850662 
1953	 0.38369545340538 
1954	 0.381313860416412 
1955	 0.378846764564514 
1956	 0.376562774181366 
1957	 0.374343782663345 
1958	 0.372158348560333 
1959	 0.370222687721252 
1960	 0.368304848670959 
1961	 0.366475969552994 
1962	 0.364794999361038 
1963	 0.363087236881256 
1964	 0.361410886049271 
1965	 0.359811991453171 
1966	 0.358243197202683 
1967	 0.356702715158463 
1968	 0.355337530374527 
1969	 0.353921920061111 
1970	 0.35255640745163 
1971	 0.351284921169281 
1972	 0.349936276674271 
1973	 0.348631918430328 
1974	 0.347335129976273 
1975	 0.34600430727005 
1976	 0.344746261835098 
1977	 0.34354504942894 
1978	 0.342342883348465 
1979	 0.341170370578766 
1980	 0.340039640665054 
1981	 0.338858217000961 
1982	 0.337715446949005 
1983	 0.336567938327789 
1984	 0.335433602333069 
1985	 0.334397971630096 
1986	 0.33335280418396 
1987	 0.332337856292725 
1988	 0.331375241279602 
1989	 0.330405682325363 
1990	 0.329430341720581 
1991	 0.328500598669052 
1992	 0.327586680650711 
1993	 0.326692432165146 
1994	 0.325897693634033 
1995	 0.32511568069458 
1996	 0.324373632669449 
1997	 0.323693543672562 
1998	 0.322999209165573 
1999	 0.322294056415558 
2000	 0.321650624275208 
2001	 0.321028232574463 
2002	 0.320454627275467 
2003	 0.319919884204865 
2004	 0.319429486989975 
2005	 0.318991094827652 
2006	 0.318578451871872 
2007	 0.318189918994904 
2008	 0.317868888378143 
2009	 0.317596852779388 
2010	 0.317325085401535 
2011	 0.317096084356308 
2012	 0.316921293735504 
2013	 0.316812098026276 
2014	 0.316744863986969 
2015	 0.316742926836014 
2016	 0.316819608211517 
2017	 0.316934585571289 
2018	 0.317101657390594 
2019	 0.317306220531464 
2020	 0.317540138959885 
2021	 0.317868739366531 
2022	 0.318237721920013 
2023	 0.318660795688629 
2024	 0.319209754467011 
2025	 0.319794267416 
2026	 0.320417553186417 
2027	 0.321137249469757 
2028	 0.321814119815826 
2029	 0.32251700758934 
2030	 0.323209762573242 
2031	 0.323868423700333 
2032	 0.324578076601028 
2033	 0.325339704751968 
2034	 0.326060056686401 
2035	 0.326807856559753 
2036	 0.32754385471344 
2037	 0.328161418437958 
2038	 0.328790545463562 
2039	 0.329373866319656 
2040	 0.32988703250885 
2041	 0.330430597066879 
2042	 0.33098167181015 
2043	 0.331474244594574 
2044	 0.33196622133255 
2045	 0.332402855157852 
2046	 0.332771390676498 
2047	 0.333131939172745 
2048	 0.333466649055481 
2049	 0.333770304918289 
2050	 0.334031254053116 
2051	 0.334288597106934 
2052	 0.33453831076622 
2053	 0.334742337465286 
2054	 0.334953606128693 
2055	 0.335157543420792 
2056	 0.335358560085297 
2057	 0.335550665855408 
2058	 0.335728645324707 
2059	 0.335905969142914 
2060	 0.336062967777252 
2061	 0.336198478937149 
2062	 0.33632755279541 
2063	 0.336441963911057 
2064	 0.336550205945969 
2065	 0.336636781692505 
2066	 0.336725652217865 
2067	 0.33684179186821 
2068	 0.336959898471832 
2069	 0.33709442615509 
2070	 0.337268829345703 
2071	 0.337402313947678 
2072	 0.337511509656906 
2073	 0.337649822235107 
2074	 0.337760895490646 
2075	 0.337927013635635 
2076	 0.338142067193985 
2077	 0.33835506439209 
2078	 0.338571846485138 
2079	 0.338832199573517 
2080	 0.339102268218994 
2081	 0.339415460824966 
2082	 0.339759826660156 
2083	 0.340151906013489 
2084	 0.340617835521698 
2085	 0.341105192899704 
2086	 0.34166756272316 
2087	 0.342337965965271 
2088	 0.342976421117783 
2089	 0.343663245439529 
2090	 0.344332426786423 
2091	 0.344996869564056 
2092	 0.345671534538269 
2093	 0.346407204866409 
2094	 0.347044885158539 
2095	 0.347698420286179 
2096	 0.348242610692978 
2097	 0.348700910806656 
2098	 0.349077165126801 
2099	 0.349394977092743 
2100	 0.349648594856262 
2101	 0.349889069795609 
2102	 0.350084275007248 
2103	 0.350239664316177 
2104	 0.350359410047531 
2105	 0.350451618432999 
2106	 0.350470721721649 
2107	 0.350520670413971 
2108	 0.350569248199463 
2109	 0.350599080324173 
2110	 0.350605130195618 
2111	 0.350632071495056 
2112	 0.35063761472702 
2113	 0.350671380758286 
2114	 0.350738555192947 
2115	 0.350801795721054 
2116	 0.35086128115654 
2117	 0.350944489240646 
2118	 0.351040363311768 
2119	 0.351149290800095 
2120	 0.351261615753174 
2121	 0.35139387845993 
2122	 0.351518481969833 
2123	 0.351636171340942 
2124	 0.351771771907806 
2125	 0.351919591426849 
2126	 0.352070719003677 
2127	 0.352235406637192 
2128	 0.352392971515656 
2129	 0.352542877197266 
2130	 0.352711856365204 
2131	 0.352886497974396 
2132	 0.353069543838501 
2133	 0.353275805711746 
2134	 0.353467702865601 
2135	 0.353671073913574 
2136	 0.353889971971512 
2137	 0.354126930236816 
2138	 0.354388952255249 
2139	 0.354642182588577 
2140	 0.354905039072037 
2141	 0.355175524950027 
2142	 0.355438798666 
2143	 0.3557248711586 
2144	 0.356050789356232 
2145	 0.356335908174515 
2146	 0.356603562831879 
2147	 0.356891602277756 
2148	 0.357134878635406 
2149	 0.357447415590286 
2150	 0.357788532972336 
2151	 0.358176976442337 
2152	 0.35863521695137 
2153	 0.359083890914917 
2154	 0.359569311141968 
2155	 0.360104113817215 
2156	 0.36060431599617 
2157	 0.361094295978546 
2158	 0.361624330282211 
2159	 0.362159758806229 
2160	 0.362713426351547 
2161	 0.363325864076614 
2162	 0.363883435726166 
2163	 0.364459484815598 
2164	 0.364951699972153 
2165	 0.365413129329681 
2166	 0.365809053182602 
2167	 0.366112887859344 
2168	 0.366421014070511 
2169	 0.366680234670639 
2170	 0.366933375597 
2171	 0.367171704769135 
2172	 0.367397427558899 
2173	 0.367586344480515 
2174	 0.367793321609497 
2175	 0.368010997772217 
2176	 0.368196457624435 
2177	 0.36839634180069 
2178	 0.368589401245117 
2179	 0.368819206953049 
2180	 0.369054913520813 
2181	 0.369314819574356 
2182	 0.369596213102341 
2183	 0.369915783405304 
2184	 0.37025061249733 
2185	 0.370620936155319 
2186	 0.371075332164764 
2187	 0.371471345424652 
2188	 0.371907591819763 
2189	 0.372251749038696 
2190	 0.372543752193451 
2191	 0.372801750898361 
2192	 0.372983813285828 
2193	 0.373161643743515 
2194	 0.373304128646851 
2195	 0.373442232608795 
2196	 0.373556196689606 
2197	 0.373665481805801 
2198	 0.373748630285263 
2199	 0.373884320259094 
2200	 0.374051481485367 
2201	 0.374228268861771 
2202	 0.374466240406036 
2203	 0.374766975641251 
2204	 0.375072747468948 
2205	 0.375416189432144 
2206	 0.375769853591919 
2207	 0.376144886016846 
2208	 0.376536130905151 
2209	 0.376954585313797 
2210	 0.377373456954956 
2211	 0.377814590930939 
2212	 0.378242433071136 
2213	 0.378669649362564 
2214	 0.379102349281311 
2215	 0.379495054483414 
2216	 0.379969894886017 
2217	 0.38047730922699 
2218	 0.38101527094841 
2219	 0.381625026464462 
2220	 0.382235437631607 
2221	 0.382845938205719 
2222	 0.38350921869278 
2223	 0.384175270795822 
2224	 0.384887903928757 
2225	 0.385642349720001 
2226	 0.386428147554398 
2227	 0.387283474206924 
2228	 0.388180702924728 
2229	 0.389164000749588 
2230	 0.39021036028862 
2231	 0.391356736421585 
2232	 0.392596215009689 
2233	 0.393919974565506 
2234	 0.395310193300247 
2235	 0.396832674741745 
2236	 0.398473262786865 
2237	 0.400185704231262 
2238	 0.402060955762863 
2239	 0.403943210840225 
2240	 0.405832588672638 
2241	 0.407889366149902 
2242	 0.409993320703506 
2243	 0.412291646003723 
2244	 0.414802640676498 
2245	 0.417377173900604 
2246	 0.420203328132629 
2247	 0.422959864139557 
2248	 0.425714462995529 
2249	 0.428583830595016 
2250	 0.431473642587662 
2251	 0.434401273727417 
2252	 0.437688171863556 
2253	 0.440902262926102 
2254	 0.444222450256348 
2255	 0.447610706090927 
2256	 0.450770348310471 
2257	 0.454031884670258 
2258	 0.457204014062881 
2259	 0.460263967514038 
2260	 0.463460594415665 
2261	 0.46670401096344 
2262	 0.469878792762756 
2263	 0.473187237977982 
2264	 0.476236671209335 
2265	 0.479098469018936 
2266	 0.482008099555969 
2267	 0.484743803739548 
2268	 0.487612187862396 
2269	 0.490573108196259 
2270	 0.493409991264343 
2271	 0.496311843395233 
2272	 0.499036222696304 
2273	 0.501543998718262 
2274	 0.50415164232254 
2275	 0.506589531898499 
2276	 0.509226858615875 
2277	 0.512000381946564 
2278	 0.514774322509766 
2279	 0.517693638801575 
2280	 0.520581960678101 
2281	 0.523401439189911 
2282	 0.526358664035797 
2283	 0.529356956481934 
2284	 0.532406568527222 
2285	 0.535812973976135 
2286	 0.539211094379425 
2287	 0.542791247367859 
2288	 0.546578764915466 
2289	 0.550177216529846 
2290	 0.554012537002563 
2291	 0.557917594909668 
2292	 0.561860322952271 
2293	 0.566222846508026 
2294	 0.570575594902039 
2295	 0.574923813343048 
2296	 0.579382419586182 
2297	 0.583519518375397 
2298	 0.587531507015228 
2299	 0.591171383857727 
2300	 0.594635128974915 
2301	 0.597546219825745 
2302	 0.60004711151123 
2303	 0.60196989774704 
2304	 0.603471040725708 
2305	 0.604245126247406 
2306	 0.60434091091156 
2307	 0.603890836238861 
2308	 0.602791130542755 
2309	 0.601075053215027 
2310	 0.598743140697479 
2311	 0.595802903175354 
2312	 0.591903448104858 
2313	 0.588021337985992 
2314	 0.583472490310669 
2315	 0.579163551330566 
2316	 0.574657797813416 
2317	 0.570470452308655 
2318	 0.566069185733795 
2319	 0.562484502792358 
2320	 0.559190094470978 
2321	 0.556542158126831 
2322	 0.554660022258759 
2323	 0.552970230579376 
2324	 0.551705777645111 
2325	 0.550816655158997 
2326	 0.550337255001068 
2327	 0.550155997276306 
2328	 0.550435841083527 
2329	 0.55095499753952 
2330	 0.55178964138031 
2331	 0.552896797657013 
2332	 0.554289281368256 
2333	 0.555922746658325 
2334	 0.557859122753143 
2335	 0.560015499591827 
2336	 0.562488853931427 
2337	 0.565244436264038 
2338	 0.568027973175049 
2339	 0.571023523807526 
2340	 0.573996663093567 
2341	 0.576944828033447 
2342	 0.580035924911499 
2343	 0.582884669303894 
2344	 0.585550725460052 
2345	 0.587868750095367 
2346	 0.589532732963562 
2347	 0.590716958045959 
2348	 0.591324865818024 
2349	 0.591168463230133 
2350	 0.590499997138977 
2351	 0.58921480178833 
2352	 0.587510883808136 
2353	 0.585440933704376 
2354	 0.583242952823639 
2355	 0.581123828887939 
2356	 0.579145312309265 
2357	 0.577502191066742 
2358	 0.576067686080933 
2359	 0.575023889541626 
2360	 0.574308037757874 
2361	 0.574008584022522 
2362	 0.574108779430389 
2363	 0.574394583702087 
2364	 0.574855208396912 
2365	 0.575379967689514 
2366	 0.575920224189758 
2367	 0.576524198055267 
2368	 0.577001810073853 
2369	 0.577353119850159 
2370	 0.577762603759766 
2371	 0.578192174434662 
2372	 0.578699469566345 
2373	 0.579242408275604 
2374	 0.579815983772278 
2375	 0.580390334129334 
2376	 0.580988883972168 
2377	 0.581682980060577 
2378	 0.582450807094574 
2379	 0.583277761936188 
2380	 0.584069788455963 
2381	 0.585026800632477 
2382	 0.585921704769135 
2383	 0.586765706539154 
2384	 0.587604701519012 
2385	 0.588431000709534 
2386	 0.589309096336365 
2387	 0.590250730514526 
2388	 0.591241359710693 
2389	 0.59222286939621 
2390	 0.593286991119385 
2391	 0.594407260417938 
2392	 0.595513463020325 
2393	 0.596777141094208 
2394	 0.597905814647675 
2395	 0.59889942407608 
2396	 0.600011587142944 
2397	 0.601077616214752 
2398	 0.602306663990021 
2399	 0.603695571422577 
2400	 0.604960083961487 
2401	 0.606241881847382 
2402	 0.6075239777565 
2403	 0.608924388885498 
2404	 0.610338568687439 
2405	 0.611792802810669 
2406	 0.613221228122711 
2407	 0.614409863948822 
2408	 0.615955233573914 
2409	 0.617544114589691 
2410	 0.61889374256134 
2411	 0.620725870132446 
2412	 0.6224045753479 
2413	 0.62402617931366 
2414	 0.626071333885193 
2415	 0.62810605764389 
2416	 0.630186319351196 
2417	 0.632228195667267 
2418	 0.634187519550323 
2419	 0.636070907115936 
2420	 0.638009250164032 
2421	 0.640210866928101 
2422	 0.642461657524109 
2423	 0.644645154476166 
2424	 0.646960020065308 
2425	 0.649208724498749 
2426	 0.651319801807404 
2427	 0.653762817382813 
2428	 0.656227588653564 
2429	 0.658644020557404 
2430	 0.661307215690613 
2431	 0.663790464401245 
2432	 0.666384994983673 
2433	 0.669190049171448 
2434	 0.671810925006866 
2435	 0.674612998962402 
2436	 0.677262008190155 
2437	 0.6798095703125 
2438	 0.682512521743774 
2439	 0.684747993946075 
2440	 0.686985194683075 
2441	 0.689443051815033 
2442	 0.691844046115875 
2443	 0.694699287414551 
2444	 0.697659909725189 
2445	 0.700301706790924 
2446	 0.702995419502258 
2447	 0.705623388290405 
2448	 0.708336591720581 
2449	 0.711005330085754 
2450	 0.713236391544342 
2451	 0.715555787086487 
2452	 0.717653214931488 
2453	 0.719419360160828 
2454	 0.721391081809998 
2455	 0.723164737224579 
2456	 0.725051939487457 
2457	 0.727395236492157 
2458	 0.72960501909256 
2459	 0.731854498386383 
2460	 0.733930945396423 
2461	 0.735195517539978 
2462	 0.736200094223022 
2463	 0.736953854560852 
2464	 0.737535059452057 
2465	 0.738527774810791 
2466	 0.739458501338959 
2467	 0.740467548370361 
2468	 0.741613626480103 
2469	 0.742155611515045 
2470	 0.74275678396225 
2471	 0.743664681911469 
2472	 0.744020998477936 
2473	 0.744318068027496 
2474	 0.745014548301697 
2475	 0.745681941509247 
2476	 0.746498882770538 
2477	 0.747161865234375 
2478	 0.747871100902557 
2479	 0.748584747314453 
2480	 0.748820126056671 
2481	 0.749143362045288 
2482	 0.749082028865814 
2483	 0.74843555688858 
2484	 0.748359680175781 
2485	 0.748302698135376 
2486	 0.747991979122162 
2487	 0.74773633480072 
2488	 0.747254550457001 
2489	 0.745990216732025 
2490	 0.744684398174286 
2491	 0.744252026081085 
2492	 0.743401765823364 
2493	 0.742112815380096 
2494	 0.741462290287018 
2495	 0.740142166614532 
2496	 0.738625109195709 
2497	 0.738059401512146 
2498	 0.737363994121552 
2499	 0.736169219017029 
2500	 0.735009551048279 
