Wavelength	4a.000
350	 6.72821030020714E-02 
351	 6.18937499821186E-02 
352	 5.74056655168533E-02 
353	 5.70580512285233E-02 
354	 5.63212223351002E-02 
355	 5.41823506355286E-02 
356	 5.21025061607361E-02 
357	 0.051052313297987 
358	 4.84808385372162E-02 
359	 0.046764325350523 
360	 4.61336001753807E-02 
361	 4.55672331154346E-02 
362	 4.41965945065022E-02 
363	 0.042811568826437 
364	 4.19282913208008E-02 
365	 4.14680764079094E-02 
366	 4.35712039470673E-02 
367	 4.43906672298908E-02 
368	 4.15590442717075E-02 
369	 4.19024601578712E-02 
370	 4.18125987052917E-02 
371	 4.14785332977772E-02 
372	 4.27172221243382E-02 
373	 4.12870012223721E-02 
374	 3.95502783358097E-02 
375	 3.94199788570404E-02 
376	 4.11613434553146E-02 
377	 4.18461449444294E-02 
378	 4.14761938154697E-02 
379	 4.06579412519932E-02 
380	 3.86054925620556E-02 
381	 3.87427061796188E-02 
382	 3.95525582134724E-02 
383	 0.037307683378458 
384	 3.82432118058205E-02 
385	 3.89770679175854E-02 
386	 0.03783955052495 
387	 3.73371690511703E-02 
388	 3.75693961977959E-02 
389	 3.76807153224945E-02 
390	 3.70158031582832E-02 
391	 3.68526019155979E-02 
392	 3.63907516002655E-02 
393	 3.60330790281296E-02 
394	 0.036795187741518 
395	 3.72564569115639E-02 
396	 3.73930521309376E-02 
397	 3.72846536338329E-02 
398	 0.036798994988203 
399	 3.67360040545464E-02 
400	 3.66119854152203E-02 
401	 3.59596945345402E-02 
402	 3.59548144042492E-02 
403	 3.66488695144653E-02 
404	 3.73052731156349E-02 
405	 3.68320420384407E-02 
406	 3.69306392967701E-02 
407	 3.72299179434776E-02 
408	 0.037312101572752 
409	 3.72567027807236E-02 
410	 3.73006351292133E-02 
411	 3.76027897000313E-02 
412	 0.038183655589819 
413	 3.86636629700661E-02 
414	 3.89368087053299E-02 
415	 3.91046144068241E-02 
416	 3.94238866865635E-02 
417	 3.99089567363262E-02 
418	 4.06241565942764E-02 
419	 4.13989052176476E-02 
420	 0.041496466845274 
421	 4.15030717849731E-02 
422	 4.19562160968781E-02 
423	 4.31127808988094E-02 
424	 4.37369011342525E-02 
425	 4.41490486264229E-02 
426	 4.46829982101917E-02 
427	 0.045525711029768 
428	 4.59167696535587E-02 
429	 4.63927574455738E-02 
430	 4.73406203091145E-02 
431	 4.77675907313824E-02 
432	 4.84903194010258E-02 
433	 4.94401529431343E-02 
434	 5.01279979944229E-02 
435	 5.11663891375065E-02 
436	 5.22004850208759E-02 
437	 5.30028752982616E-02 
438	 5.36784119904041E-02 
439	 0.054704524576664 
440	 5.58365285396576E-02 
441	 5.67677207291126E-02 
442	 5.79487383365631E-02 
443	 5.89682310819626E-02 
444	 5.98665587604046E-02 
445	 6.10340721905231E-02 
446	 6.21007084846497E-02 
447	 6.31543546915054E-02 
448	 0.064328171312809 
449	 0.065721869468689 
450	 6.69728815555573E-02 
451	 6.81471824645996E-02 
452	 6.94321319460869E-02 
453	 7.05893337726593E-02 
454	 7.19225108623505E-02 
455	 7.33979344367981E-02 
456	 7.45915845036507E-02 
457	 7.59688690304756E-02 
458	 7.73843824863434E-02 
459	 7.87031352519989E-02 
460	 8.02495777606964E-02 
461	 0.081715539097786 
462	 8.29754322767258E-02 
463	 8.40817168354988E-02 
464	 8.55888724327087E-02 
465	 8.72301086783409E-02 
466	 8.87400805950165E-02 
467	 0.090005449950695 
468	 9.13640186190605E-02 
469	 9.27927121520042E-02 
470	 0.094214104115963 
471	 9.58421155810356E-02 
472	 9.72257256507874E-02 
473	 9.84192565083504E-02 
474	 9.98637229204178E-02 
475	 0.101258657872677 
476	 0.102722696959972 
477	 0.104259327054024 
478	 0.105440750718117 
479	 0.106823772192001 
480	 0.108333513140678 
481	 0.109707675874233 
482	 0.111218973994255 
483	 0.112640127539635 
484	 0.113912582397461 
485	 0.115203909575939 
486	 0.116613611578941 
487	 0.118037767708302 
488	 0.119397453963757 
489	 0.120886534452438 
490	 0.122170984745026 
491	 0.123390227556229 
492	 0.124912671744823 
493	 0.126386031508446 
494	 0.127709269523621 
495	 0.128915801644325 
496	 0.130194067955017 
497	 0.131516829133034 
498	 0.13295441865921 
499	 0.134501442313194 
500	 0.135735601186752 
501	 0.136935383081436 
502	 0.13820244371891 
503	 0.139456793665886 
504	 0.140715792775154 
505	 0.142019391059875 
506	 0.143361821770668 
507	 0.144627183675766 
508	 0.145796313881874 
509	 0.146950781345367 
510	 0.148182034492493 
511	 0.149274989962578 
512	 0.15044492483139 
513	 0.151717275381088 
514	 0.152833670377731 
515	 0.15381908416748 
516	 0.15484943985939 
517	 0.156027317047119 
518	 0.157055199146271 
519	 0.158043429255486 
520	 0.159037321805954 
521	 0.160031124949455 
522	 0.161046430468559 
523	 0.162048488855362 
524	 0.163062885403633 
525	 0.164279922842979 
526	 0.165347218513489 
527	 0.166343927383423 
528	 0.167468369007111 
529	 0.168621361255646 
530	 0.169745519757271 
531	 0.170854419469833 
532	 0.172029882669449 
533	 0.173193499445915 
534	 0.174399092793465 
535	 0.175695434212685 
536	 0.17705349624157 
537	 0.178355038166046 
538	 0.179617688059807 
539	 0.180923566222191 
540	 0.182126045227051 
541	 0.183401331305504 
542	 0.184800773859024 
543	 0.186122924089432 
544	 0.187415093183517 
545	 0.188626900315285 
546	 0.189740642905235 
547	 0.191002890467644 
548	 0.192185387015343 
549	 0.193230330944061 
550	 0.194246545433998 
551	 0.195233598351479 
552	 0.196264073252678 
553	 0.197353452444077 
554	 0.198344305157661 
555	 0.199335560202599 
556	 0.200327962636948 
557	 0.201287478208542 
558	 0.202277034521103 
559	 0.203287705779076 
560	 0.204291120171547 
561	 0.205246329307556 
562	 0.206140637397766 
563	 0.207080587744713 
564	 0.208144173026085 
565	 0.209208235144615 
566	 0.210147500038147 
567	 0.210972592234612 
568	 0.211798116564751 
569	 0.212667390704155 
570	 0.213551297783852 
571	 0.214462324976921 
572	 0.215531036257744 
573	 0.21672198176384 
574	 0.217991098761559 
575	 0.219284862279892 
576	 0.220549136400223 
577	 0.221817672252655 
578	 0.223108649253845 
579	 0.224411904811859 
580	 0.225648924708366 
581	 0.226961091160774 
582	 0.22846445441246 
583	 0.230022400617599 
584	 0.231646671891212 
585	 0.233348041772842 
586	 0.235126122832298 
587	 0.236879363656044 
588	 0.238625660538673 
589	 0.240385144948959 
590	 0.242140531539917 
591	 0.243912473320961 
592	 0.245756611227989 
593	 0.247694820165634 
594	 0.249547705054283 
595	 0.251440584659576 
596	 0.253342121839523 
597	 0.255080819129944 
598	 0.256775885820389 
599	 0.25851759314537 
600	 0.260331690311432 
601	 0.26208308339119 
602	 0.263908386230469 
603	 0.26574432849884 
604	 0.267469018697739 
605	 0.269230276346207 
606	 0.27092781662941 
607	 0.272546112537384 
608	 0.274191737174988 
609	 0.275795638561249 
610	 0.277343600988388 
611	 0.27885240316391 
612	 0.280378222465515 
613	 0.281848520040512 
614	 0.283269941806793 
615	 0.284699529409409 
616	 0.286103457212448 
617	 0.287461221218109 
618	 0.288772702217102 
619	 0.29006952047348 
620	 0.29140692949295 
621	 0.292692452669144 
622	 0.293838500976563 
623	 0.295029789209366 
624	 0.296275109052658 
625	 0.297488123178482 
626	 0.298522889614105 
627	 0.299692660570145 
628	 0.300812005996704 
629	 0.301763564348221 
630	 0.302840322256088 
631	 0.303881287574768 
632	 0.304888546466827 
633	 0.305909633636475 
634	 0.306822925806046 
635	 0.307750672101974 
636	 0.308736801147461 
637	 0.309700459241867 
638	 0.310545921325684 
639	 0.311347097158432 
640	 0.312185943126678 
641	 0.313013702630997 
642	 0.313802748918533 
643	 0.314588874578476 
644	 0.315434694290161 
645	 0.316244691610336 
646	 0.316982060670853 
647	 0.317661881446838 
648	 0.318368494510651 
649	 0.319097369909287 
650	 0.319833755493164 
651	 0.320546209812164 
652	 0.321159332990646 
653	 0.321730762720108 
654	 0.322355270385742 
655	 0.323125839233398 
656	 0.323760002851486 
657	 0.324303925037384 
658	 0.324856877326965 
659	 0.32551172375679 
660	 0.326176732778549 
661	 0.326812148094177 
662	 0.327396929264069 
663	 0.327908575534821 
664	 0.328396916389465 
665	 0.328900516033173 
666	 0.329440206289291 
667	 0.330048650503159 
668	 0.330600410699844 
669	 0.331043273210526 
670	 0.331598848104477 
671	 0.332101345062256 
672	 0.332576483488083 
673	 0.33311340212822 
674	 0.333598077297211 
675	 0.334071695804596 
676	 0.334545373916626 
677	 0.334980130195618 
678	 0.33534163236618 
679	 0.335817754268646 
680	 0.336483806371689 
681	 0.336923837661743 
682	 0.337361007928848 
683	 0.337791353464127 
684	 0.338122636079788 
685	 0.338619261980057 
686	 0.339055299758911 
687	 0.339368551969528 
688	 0.339794397354126 
689	 0.340321570634842 
690	 0.340789079666138 
691	 0.341090053319931 
692	 0.341436922550201 
693	 0.3418969810009 
694	 0.342373639345169 
695	 0.342697381973267 
696	 0.343094676733017 
697	 0.343421250581741 
698	 0.343656122684479 
699	 0.344035387039185 
700	 0.344495743513107 
701	 0.344928175210953 
702	 0.345269560813904 
703	 0.345700562000275 
704	 0.3460733294487 
705	 0.346359074115753 
706	 0.346623808145523 
707	 0.346940934658051 
708	 0.347313940525055 
709	 0.347692728042603 
710	 0.347948640584946 
711	 0.348424166440964 
712	 0.348858118057251 
713	 0.348983943462372 
714	 0.34926638007164 
715	 0.349616318941116 
716	 0.349974811077118 
717	 0.350310742855072 
718	 0.350574761629105 
719	 0.350879341363907 
720	 0.35122737288475 
721	 0.351392656564713 
722	 0.351676553487778 
723	 0.351991832256317 
724	 0.35220655798912 
725	 0.352511525154114 
726	 0.352815836668015 
727	 0.353113144636154 
728	 0.353448987007141 
729	 0.35371145606041 
730	 0.353940188884735 
731	 0.354183226823807 
732	 0.354469299316406 
733	 0.354711562395096 
734	 0.354953050613403 
735	 0.355230659246445 
736	 0.355390965938568 
737	 0.355653434991837 
738	 0.355961263179779 
739	 0.35610955953598 
740	 0.356385558843613 
741	 0.356676816940308 
742	 0.356903821229935 
743	 0.35710883140564 
744	 0.357391685247421 
745	 0.357689470052719 
746	 0.357919156551361 
747	 0.358088254928589 
748	 0.358295351266861 
749	 0.358567178249359 
750	 0.358863681554794 
751	 0.359010249376297 
752	 0.359175145626068 
753	 0.359435945749283 
754	 0.359705686569214 
755	 0.359977811574936 
756	 0.360164910554886 
757	 0.36025932431221 
758	 0.360509902238846 
759	 0.360845148563385 
760	 0.36113229393959 
761	 0.361254841089249 
762	 0.36140975356102 
763	 0.361572355031967 
764	 0.361762344837189 
765	 0.3620545566082 
766	 0.362298011779785 
767	 0.362489610910416 
768	 0.36268824338913 
769	 0.363039553165436 
770	 0.363268673419952 
771	 0.363397628068924 
772	 0.363556444644928 
773	 0.363793700933456 
774	 0.364025115966797 
775	 0.36423248052597 
776	 0.364457696676254 
777	 0.364716738462448 
778	 0.364915311336517 
779	 0.365032434463501 
780	 0.365190923213959 
781	 0.365455567836761 
782	 0.365675806999207 
783	 0.365750759840012 
784	 0.365985214710236 
785	 0.366244375705719 
786	 0.366462767124176 
787	 0.366625279188156 
788	 0.366756409406662 
789	 0.366896092891693 
790	 0.367069721221924 
791	 0.36728435754776 
792	 0.367625296115875 
793	 0.367878794670105 
794	 0.367940008640289 
795	 0.368114978075027 
796	 0.368232876062393 
797	 0.368341535329819 
798	 0.368525356054306 
799	 0.368652909994125 
800	 0.368822306394577 
801	 0.369056880474091 
802	 0.369305044412613 
803	 0.369467109441757 
804	 0.369592219591141 
805	 0.369713395833969 
806	 0.369805008172989 
807	 0.369974970817566 
808	 0.370179265737534 
809	 0.370358973741531 
810	 0.370538920164108 
811	 0.370688915252686 
812	 0.370839923620224 
813	 0.371013402938843 
814	 0.370996862649918 
815	 0.371117174625397 
816	 0.371398866176605 
817	 0.371579974889755 
818	 0.371714532375336 
819	 0.371833324432373 
820	 0.371972501277924 
821	 0.372173696756363 
822	 0.372387707233429 
823	 0.372507452964783 
824	 0.372517973184586 
825	 0.372725933790207 
826	 0.372900635004044 
827	 0.373013585805893 
828	 0.373143315315247 
829	 0.373398870229721 
830	 0.373555541038513 
831	 0.373597294092178 
832	 0.37370029091835 
833	 0.373818874359131 
834	 0.373946696519852 
835	 0.374085247516632 
836	 0.374243915081024 
837	 0.374350994825363 
838	 0.374372959136963 
839	 0.374375462532043 
840	 0.374681919813156 
841	 0.374839425086975 
842	 0.374836444854736 
843	 0.374864608049393 
844	 0.375107318162918 
845	 0.375268816947937 
846	 0.375332355499268 
847	 0.375484049320221 
848	 0.375605881214142 
849	 0.375679045915604 
850	 0.375768929719925 
851	 0.376016348600388 
852	 0.376209944486618 
853	 0.376355677843094 
854	 0.37645697593689 
855	 0.376400262117386 
856	 0.376454621553421 
857	 0.376674473285675 
858	 0.376959770917892 
859	 0.376950711011887 
860	 0.377079546451569 
861	 0.377291649580002 
862	 0.377332776784897 
863	 0.377422511577606 
864	 0.37761002779007 
865	 0.377832025289536 
866	 0.377940207719803 
867	 0.37784931063652 
868	 0.377792298793793 
869	 0.377898901700974 
870	 0.378089845180511 
871	 0.378365904092789 
872	 0.378603488206863 
873	 0.378725439310074 
874	 0.378807038068771 
875	 0.378873437643051 
876	 0.378907561302185 
877	 0.378917843103409 
878	 0.379057675600052 
879	 0.379185944795609 
880	 0.379306554794312 
881	 0.379460781812668 
882	 0.379469811916351 
883	 0.379502803087235 
884	 0.379620909690857 
885	 0.379770636558533 
886	 0.379827082157135 
887	 0.379925638437271 
888	 0.380088120698929 
889	 0.380179464817047 
890	 0.380302906036377 
891	 0.38031730055809 
892	 0.380220353603363 
893	 0.380303561687469 
894	 0.380355149507523 
895	 0.380432456731796 
896	 0.380589336156845 
897	 0.380709230899811 
898	 0.380739688873291 
899	 0.380746781826019 
900	 0.380803138017654 
901	 0.380823940038681 
902	 0.380812734365463 
903	 0.380841195583344 
904	 0.380967795848846 
905	 0.380995094776154 
906	 0.381092995405197 
907	 0.381283730268478 
908	 0.381452709436417 
909	 0.381453633308411 
910	 0.381356328725815 
911	 0.381261974573135 
912	 0.381263792514801 
913	 0.381355792284012 
914	 0.381361424922943 
915	 0.381307929754257 
916	 0.38151028752327 
917	 0.381749123334885 
918	 0.381941378116608 
919	 0.382083922624588 
920	 0.382270336151123 
921	 0.382240474224091 
922	 0.382144093513489 
923	 0.382148683071136 
924	 0.382174551486969 
925	 0.382200717926025 
926	 0.382330924272537 
927	 0.382610619068146 
928	 0.382772177457809 
929	 0.382827401161194 
930	 0.382836610078812 
931	 0.382869929075241 
932	 0.382900565862656 
933	 0.383057773113251 
934	 0.383279591798782 
935	 0.383427143096924 
936	 0.383568704128265 
937	 0.383800655603409 
938	 0.384051561355591 
939	 0.384173721075058 
940	 0.384343683719635 
941	 0.384528458118439 
942	 0.384698033332825 
943	 0.384845346212387 
944	 0.385002970695496 
945	 0.385098814964294 
946	 0.385200530290604 
947	 0.385482877492905 
948	 0.385528028011322 
949	 0.385491669178009 
950	 0.385539293289185 
951	 0.385712444782257 
952	 0.385807722806931 
953	 0.385875910520554 
954	 0.385943621397018 
955	 0.385934412479401 
956	 0.385838121175766 
957	 0.385823279619217 
958	 0.385921269655228 
959	 0.385878711938858 
960	 0.385762870311737 
961	 0.385614156723022 
962	 0.385474324226379 
963	 0.385386526584625 
964	 0.385268181562424 
965	 0.385044008493423 
966	 0.384759873151779 
967	 0.384698539972305 
968	 0.384808778762817 
969	 0.384931892156601 
970	 0.384928941726685 
971	 0.384803086519241 
972	 0.384699523448944 
973	 0.384779930114746 
974	 0.385076493024826 
975	 0.385296761989594 
976	 0.385505616664886 
977	 0.385758340358734 
978	 0.386055797338486 
979	 0.386222034692764 
980	 0.386481732130051 
981	 0.386797964572906 
982	 0.387040495872498 
983	 0.387089282274246 
984	 0.387211173772812 
985	 0.387380957603455 
986	 0.387543588876724 
987	 0.38793820142746 
988	 0.388217031955719 
989	 0.388331592082977 
990	 0.388441652059555 
991	 0.388998776674271 
992	 0.389105945825577 
993	 0.389010280370712 
994	 0.389237940311432 
995	 0.389684826135635 
996	 0.390096127986908 
997	 0.390350461006165 
998	 0.390448689460754 
999	 0.390541404485703 
1000	 0.390699654817581 
1001	 0.392594993114471 
1002	 0.392794966697693 
1003	 0.392945766448975 
1004	 0.393108010292053 
1005	 0.393308877944946 
1006	 0.393439054489136 
1007	 0.393485337495804 
1008	 0.393623143434525 
1009	 0.393781781196594 
1010	 0.393923789262772 
1011	 0.394123882055283 
1012	 0.394266724586487 
1013	 0.394320875406265 
1014	 0.394455909729004 
1015	 0.394621044397354 
1016	 0.394773870706558 
1017	 0.394979625940323 
1018	 0.395192116498947 
1019	 0.395340710878372 
1020	 0.395504385232925 
1021	 0.3956538438797 
1022	 0.395803660154343 
1023	 0.395914286375046 
1024	 0.395983010530472 
1025	 0.396084010601044 
1026	 0.396163433790207 
1027	 0.396268934011459 
1028	 0.396393001079559 
1029	 0.39655801653862 
1030	 0.39667534828186 
1031	 0.396767765283585 
1032	 0.396914690732956 
1033	 0.397028774023056 
1034	 0.397140175104141 
1035	 0.397272258996964 
1036	 0.397373020648956 
1037	 0.397434145212173 
1038	 0.397522628307343 
1039	 0.397615402936935 
1040	 0.397701591253281 
1041	 0.397781401872635 
1042	 0.397864043712616 
1043	 0.397926360368729 
1044	 0.398047089576721 
1045	 0.398169189691544 
1046	 0.398286551237106 
1047	 0.398406267166138 
1048	 0.398512035608292 
1049	 0.398612767457962 
1050	 0.398747861385345 
1051	 0.398933827877045 
1052	 0.399087756872177 
1053	 0.39925816655159 
1054	 0.39946773648262 
1055	 0.399633705615997 
1056	 0.399780720472336 
1057	 0.399934142827988 
1058	 0.400066405534744 
1059	 0.400191724300385 
1060	 0.400371342897415 
1061	 0.400558024644852 
1062	 0.400754570960999 
1063	 0.400938451290131 
1064	 0.401094496250153 
1065	 0.401258528232574 
1066	 0.401443958282471 
1067	 0.401639044284821 
1068	 0.401861667633057 
1069	 0.402084439992905 
1070	 0.402287214994431 
1071	 0.40248230099678 
1072	 0.402676194906235 
1073	 0.402838230133057 
1074	 0.403003185987473 
1075	 0.403182804584503 
1076	 0.403383761644363 
1077	 0.403602719306946 
1078	 0.403810977935791 
1079	 0.404048502445221 
1080	 0.404258042573929 
1081	 0.40441906452179 
1082	 0.404622137546539 
1083	 0.404809355735779 
1084	 0.404960304498672 
1085	 0.405164957046509 
1086	 0.40534895658493 
1087	 0.405520379543304 
1088	 0.40566873550415 
1089	 0.405838161706924 
1090	 0.405985325574875 
1091	 0.406160593032837 
1092	 0.406323581933975 
1093	 0.406460523605347 
1094	 0.406613707542419 
1095	 0.406726807355881 
1096	 0.406843423843384 
1097	 0.406988829374313 
1098	 0.407112240791321 
1099	 0.407206982374191 
1100	 0.407279789447784 
1101	 0.407361805438995 
1102	 0.40745621919632 
1103	 0.407533824443817 
1104	 0.407615065574646 
1105	 0.407691687345505 
1106	 0.407737404108047 
1107	 0.407753467559814 
1108	 0.407787203788757 
1109	 0.407833099365234 
1110	 0.407883077859879 
1111	 0.407952457666397 
1112	 0.408017128705978 
1113	 0.408069729804993 
1114	 0.408115595579147 
1115	 0.408149600028992 
1116	 0.408199012279511 
1117	 0.408255010843277 
1118	 0.40829735994339 
1119	 0.408357858657837 
1120	 0.408387988805771 
1121	 0.408397734165192 
1122	 0.40838810801506 
1123	 0.408382385969162 
1124	 0.408342391252518 
1125	 0.408295661211014 
1126	 0.408227503299713 
1127	 0.408132135868073 
1128	 0.408028185367584 
1129	 0.407881021499634 
1130	 0.407717198133469 
1131	 0.407545417547226 
1132	 0.407329142093658 
1133	 0.407083630561829 
1134	 0.406837701797485 
1135	 0.406528890132904 
1136	 0.406153559684753 
1137	 0.405768096446991 
1138	 0.405345767736435 
1139	 0.40490996837616 
1140	 0.404435694217682 
1141	 0.403995633125305 
1142	 0.403545349836349 
1143	 0.403073132038116 
1144	 0.402596175670624 
1145	 0.402072936296463 
1146	 0.401517480611801 
1147	 0.400874018669128 
1148	 0.400155037641525 
1149	 0.399433851242065 
1150	 0.398647755384445 
1151	 0.397844076156616 
1152	 0.396935939788818 
1153	 0.395960658788681 
1154	 0.394903421401978 
1155	 0.393735468387604 
1156	 0.392537176609039 
1157	 0.391258507966995 
1158	 0.390018999576569 
1159	 0.388716727495193 
1160	 0.387454807758331 
1161	 0.386274039745331 
1162	 0.3851078748703 
1163	 0.384109228849411 
1164	 0.383270382881165 
1165	 0.382611930370331 
1166	 0.382202684879303 
1167	 0.382030457258224 
1168	 0.382034122943878 
1169	 0.382189989089966 
1170	 0.382623791694641 
1171	 0.383017063140869 
1172	 0.383581966161728 
1173	 0.384044826030731 
1174	 0.384571433067322 
1175	 0.384962320327759 
1176	 0.385321646928787 
1177	 0.385566473007202 
1178	 0.385732591152191 
1179	 0.385787487030029 
1180	 0.385730296373367 
1181	 0.385606050491333 
1182	 0.385408014059067 
1183	 0.385187923908234 
1184	 0.384950250387192 
1185	 0.384678483009338 
1186	 0.384393155574799 
1187	 0.384059131145477 
1188	 0.383757412433624 
1189	 0.383455693721771 
1190	 0.383154332637787 
1191	 0.38285505771637 
1192	 0.382573068141937 
1193	 0.382289797067642 
1194	 0.382014125585556 
1195	 0.381747186183929 
1196	 0.38149818778038 
1197	 0.38125604391098 
1198	 0.381018400192261 
1199	 0.380804717540741 
1200	 0.380629181861877 
1201	 0.380474179983139 
1202	 0.380365490913391 
1203	 0.380313456058502 
1204	 0.380319625139236 
1205	 0.38039568066597 
1206	 0.380522578954697 
1207	 0.380739480257034 
1208	 0.381031006574631 
1209	 0.381389677524567 
1210	 0.381823152303696 
1211	 0.382324516773224 
1212	 0.382910579442978 
1213	 0.383545726537704 
1214	 0.384243071079254 
1215	 0.385007113218308 
1216	 0.385845571756363 
1217	 0.386706650257111 
1218	 0.387633353471756 
1219	 0.388597100973129 
1220	 0.389557152986526 
1221	 0.390592038631439 
1222	 0.391597300767899 
1223	 0.392609298229218 
1224	 0.393602609634399 
1225	 0.394600450992584 
1226	 0.395522356033325 
1227	 0.396420896053314 
1228	 0.397279024124146 
1229	 0.398078501224518 
1230	 0.398863285779953 
1231	 0.399635583162308 
1232	 0.400364577770233 
1233	 0.401046842336655 
1234	 0.401694625616074 
1235	 0.402313888072968 
1236	 0.402894705533981 
1237	 0.403420627117157 
1238	 0.403940707445145 
1239	 0.40443554520607 
1240	 0.404913783073425 
1241	 0.40535968542099 
1242	 0.40576496720314 
1243	 0.406158059835434 
1244	 0.406512171030045 
1245	 0.406861484050751 
1246	 0.407206177711487 
1247	 0.407516449689865 
1248	 0.407792091369629 
1249	 0.408066898584366 
1250	 0.408328950405121 
1251	 0.408567190170288 
1252	 0.408779948949814 
1253	 0.408999651670456 
1254	 0.409221529960632 
1255	 0.409404367208481 
1256	 0.409569561481476 
1257	 0.409728288650513 
1258	 0.40983846783638 
1259	 0.409964829683304 
1260	 0.410118848085403 
1261	 0.41024461388588 
1262	 0.410333573818207 
1263	 0.410447180271149 
1264	 0.41056215763092 
1265	 0.410670399665833 
1266	 0.410779446363449 
1267	 0.410903930664063 
1268	 0.411016017198563 
1269	 0.411098420619965 
1270	 0.41122630238533 
1271	 0.411381125450134 
1272	 0.411527097225189 
1273	 0.411698430776596 
1274	 0.411848336458206 
1275	 0.411959737539291 
1276	 0.412124544382095 
1277	 0.412308603525162 
1278	 0.412500768899918 
1279	 0.41273444890976 
1280	 0.412956535816193 
1281	 0.413170754909515 
1282	 0.41339585185051 
1283	 0.413631439208984 
1284	 0.413867712020874 
1285	 0.414107114076614 
1286	 0.414353311061859 
1287	 0.414590269327164 
1288	 0.414828538894653 
1289	 0.415059059858322 
1290	 0.415283262729645 
1291	 0.415503770112991 
1292	 0.415741890668869 
1293	 0.415920466184616 
1294	 0.416065573692322 
1295	 0.416211545467377 
1296	 0.41632091999054 
1297	 0.416432917118073 
1298	 0.416556775569916 
1299	 0.416652262210846 
1300	 0.416726619005203 
1301	 0.4167839884758 
1302	 0.41682642698288 
1303	 0.41685426235199 
1304	 0.416855007410049 
1305	 0.416854053735733 
1306	 0.416860073804855 
1307	 0.416832774877548 
1308	 0.41678848862648 
1309	 0.416726052761078 
1310	 0.416637450456619 
1311	 0.416512936353683 
1312	 0.41639569401741 
1313	 0.416275024414063 
1314	 0.416120082139969 
1315	 0.415955692529678 
1316	 0.415757924318314 
1317	 0.4155393242836 
1318	 0.415275692939758 
1319	 0.414993047714233 
1320	 0.414658457040787 
1321	 0.414284139871597 
1322	 0.413860499858856 
1323	 0.413408815860748 
1324	 0.412889778614044 
1325	 0.412316381931305 
1326	 0.411691844463348 
1327	 0.411032468080521 
1328	 0.410290122032166 
1329	 0.409483820199966 
1330	 0.408623486757278 
1331	 0.407691329717636 
1332	 0.406710892915726 
1333	 0.405677944421768 
1334	 0.40458208322525 
1335	 0.40351814031601 
1336	 0.402396380901337 
1337	 0.401357442140579 
1338	 0.400327920913696 
1339	 0.399394899606705 
1340	 0.398487418889999 
1341	 0.397691279649735 
1342	 0.396981865167618 
1343	 0.3963363468647 
1344	 0.395787477493286 
1345	 0.395248115062714 
1346	 0.394778460264206 
1347	 0.394311487674713 
1348	 0.393880188465118 
1349	 0.393439948558807 
1350	 0.393027633428574 
1351	 0.392595112323761 
1352	 0.39216285943985 
1353	 0.391710013151169 
1354	 0.391248226165771 
1355	 0.390776067972183 
1356	 0.390305459499359 
1357	 0.389793008565903 
1358	 0.38925376534462 
1359	 0.388700127601624 
1360	 0.388132572174072 
1361	 0.387512564659119 
1362	 0.386876821517944 
1363	 0.386263728141785 
1364	 0.385590404272079 
1365	 0.3848896920681 
1366	 0.384144365787506 
1367	 0.383380562067032 
1368	 0.382535427808762 
1369	 0.381653904914856 
1370	 0.38067764043808 
1371	 0.379626929759979 
1372	 0.378525674343109 
1373	 0.377383708953857 
1374	 0.376117020845413 
1375	 0.374791026115417 
1376	 0.373330652713776 
1377	 0.371788173913956 
1378	 0.370050609111786 
1379	 0.368207514286041 
1380	 0.366169720888138 
1381	 0.363949805498123 
1382	 0.361561745405197 
1383	 0.358947813510895 
1384	 0.356281667947769 
1385	 0.35340142250061 
1386	 0.35056534409523 
1387	 0.347565829753876 
1388	 0.344783902168274 
1389	 0.34194353222847 
1390	 0.339385122060776 
1391	 0.337067514657974 
1392	 0.334816098213196 
1393	 0.332929849624634 
1394	 0.331245332956314 
1395	 0.329714477062225 
1396	 0.328499048948288 
1397	 0.327158272266388 
1398	 0.326005220413208 
1399	 0.32455387711525 
1400	 0.323121249675751 
1401	 0.321319460868835 
1402	 0.31935927271843 
1403	 0.317033737897873 
1404	 0.314404338598251 
1405	 0.311586141586304 
1406	 0.308470457792282 
1407	 0.305185317993164 
1408	 0.301617711782455 
1409	 0.298013657331467 
1410	 0.294179886579514 
1411	 0.290350675582886 
1412	 0.28638482093811 
1413	 0.282555937767029 
1414	 0.278651475906372 
1415	 0.274893820285797 
1416	 0.271146655082703 
1417	 0.267641246318817 
1418	 0.264167726039886 
1419	 0.26101541519165 
1420	 0.258040279150009 
1421	 0.255459398031235 
1422	 0.25308421254158 
1423	 0.25115767121315 
1424	 0.249641790986061 
1425	 0.248453885316849 
1426	 0.247704401612282 
1427	 0.247447490692139 
1428	 0.24766930937767 
1429	 0.248320505023003 
1430	 0.249417081475258 
1431	 0.250982761383057 
1432	 0.25293555855751 
1433	 0.255393415689468 
1434	 0.258041948080063 
1435	 0.261122912168503 
1436	 0.26430881023407 
1437	 0.267817258834839 
1438	 0.271255940198898 
1439	 0.274929374456406 
1440	 0.278450757265091 
1441	 0.282034367322922 
1442	 0.285424023866653 
1443	 0.288801431655884 
1444	 0.291952192783356 
1445	 0.2949478328228 
1446	 0.297734707593918 
1447	 0.300349146127701 
1448	 0.302796900272369 
1449	 0.305051267147064 
1450	 0.307150363922119 
1451	 0.309088200330734 
1452	 0.310870558023453 
1453	 0.312470823526382 
1454	 0.31391504406929 
1455	 0.315201312303543 
1456	 0.316345423460007 
1457	 0.317314743995667 
1458	 0.318164199590683 
1459	 0.318887650966644 
1460	 0.319460064172745 
1461	 0.319892823696136 
1462	 0.320171922445297 
1463	 0.320330321788788 
1464	 0.320294231176376 
1465	 0.320092111825943 
1466	 0.319704502820969 
1467	 0.319133520126343 
1468	 0.318408608436584 
1469	 0.317519843578339 
1470	 0.316637605428696 
1471	 0.315817832946777 
1472	 0.314862370491028 
1473	 0.314304620027542 
1474	 0.313799768686295 
1475	 0.313800185918808 
1476	 0.314061015844345 
1477	 0.314804822206497 
1478	 0.316021770238876 
1479	 0.317422032356262 
1480	 0.319302588701248 
1481	 0.321117222309113 
1482	 0.323254376649857 
1483	 0.325123995542526 
1484	 0.327063918113709 
1485	 0.328770130872726 
1486	 0.330333262681961 
1487	 0.331741839647293 
1488	 0.333008468151093 
1489	 0.334151983261108 
1490	 0.335108637809753 
1491	 0.336016267538071 
1492	 0.336800813674927 
1493	 0.337546616792679 
1494	 0.338178753852844 
1495	 0.338813692331314 
1496	 0.339397817850113 
1497	 0.339972704648972 
1498	 0.34053173661232 
1499	 0.341059148311615 
1500	 0.341548442840576 
1501	 0.342035740613937 
1502	 0.342494487762451 
1503	 0.342950373888016 
1504	 0.343399971723557 
1505	 0.343842327594757 
1506	 0.34428146481514 
1507	 0.344701677560806 
1508	 0.345113307237625 
1509	 0.345508992671967 
1510	 0.345875799655914 
1511	 0.34624320268631 
1512	 0.346588104963303 
1513	 0.346953004598618 
1514	 0.347350597381592 
1515	 0.347706884145737 
1516	 0.34805428981781 
1517	 0.348389446735382 
1518	 0.348679691553116 
1519	 0.348978340625763 
1520	 0.34928223490715 
1521	 0.349580317735672 
1522	 0.349873036146164 
1523	 0.350167214870453 
1524	 0.350461959838867 
1525	 0.350762635469437 
1526	 0.351049304008484 
1527	 0.351331681013107 
1528	 0.351605355739594 
1529	 0.351870805025101 
1530	 0.352128684520721 
1531	 0.352380096912384 
1532	 0.352625161409378 
1533	 0.352854758501053 
1534	 0.353100955486298 
1535	 0.353354424238205 
1536	 0.353591054677963 
1537	 0.353825837373734 
1538	 0.354062646627426 
1539	 0.35429173707962 
1540	 0.354513764381409 
1541	 0.354749351739883 
1542	 0.354951858520508 
1543	 0.355129361152649 
1544	 0.355302572250366 
1545	 0.3554647564888 
1546	 0.355613529682159 
1547	 0.355745106935501 
1548	 0.355876863002777 
1549	 0.356002599000931 
1550	 0.356114387512207 
1551	 0.35621389746666 
1552	 0.356316536664963 
1553	 0.356404334306717 
1554	 0.35650172829628 
1555	 0.356610059738159 
1556	 0.356706857681274 
1557	 0.356790691614151 
1558	 0.356890946626663 
1559	 0.356988847255707 
1560	 0.357102543115616 
1561	 0.357230246067047 
1562	 0.35736420750618 
1563	 0.357514292001724 
1564	 0.357654869556427 
1565	 0.357801884412766 
1566	 0.357942193746567 
1567	 0.358063876628876 
1568	 0.35821071267128 
1569	 0.358370631933212 
1570	 0.35852923989296 
1571	 0.358702480792999 
1572	 0.358870416879654 
1573	 0.359045445919037 
1574	 0.359200090169907 
1575	 0.359352141618729 
1576	 0.35949045419693 
1577	 0.359595745801926 
1578	 0.359722197055817 
1579	 0.359844923019409 
1580	 0.359984308481216 
1581	 0.360134810209274 
1582	 0.360295355319977 
1583	 0.360469907522202 
1584	 0.360648930072784 
1585	 0.360842198133469 
1586	 0.36103156208992 
1587	 0.361215144395828 
1588	 0.361417382955551 
1589	 0.361624449491501 
1590	 0.361843883991241 
1591	 0.362096190452576 
1592	 0.362326681613922 
1593	 0.362536907196045 
1594	 0.362776160240173 
1595	 0.363027274608612 
1596	 0.363272368907928 
1597	 0.363541036844254 
1598	 0.363795906305313 
1599	 0.364026427268982 
1600	 0.364273846149445 
1601	 0.364536285400391 
1602	 0.364789485931396 
1603	 0.365049630403519 
1604	 0.36529529094696 
1605	 0.365528494119644 
1606	 0.365760415792465 
1607	 0.365983843803406 
1608	 0.366206586360931 
1609	 0.366429597139359 
1610	 0.366646468639374 
1611	 0.366864919662476 
1612	 0.367067039012909 
1613	 0.367259532213211 
1614	 0.367441803216934 
1615	 0.367617607116699 
1616	 0.367772877216339 
1617	 0.367915749549866 
1618	 0.368042498826981 
1619	 0.368138432502747 
1620	 0.368236064910889 
1621	 0.368324935436249 
1622	 0.368409395217896 
1623	 0.36850106716156 
1624	 0.36856883764267 
1625	 0.368611872196198 
1626	 0.368658423423767 
1627	 0.368699789047241 
1628	 0.368720769882202 
1629	 0.368738025426865 
1630	 0.368744343519211 
1631	 0.368712276220322 
1632	 0.368701994419098 
1633	 0.368699640035629 
1634	 0.36869403719902 
1635	 0.368696838617325 
1636	 0.368694633245468 
1637	 0.368688434362412 
1638	 0.368682682514191 
1639	 0.368679761886597 
1640	 0.368668168783188 
1641	 0.368670850992203 
1642	 0.368634045124054 
1643	 0.368589788675308 
1644	 0.368503719568253 
1645	 0.368361592292786 
1646	 0.368224740028381 
1647	 0.368062436580658 
1648	 0.3678959608078 
1649	 0.367730379104614 
1650	 0.367546617984772 
1651	 0.36735999584198 
1652	 0.367137908935547 
1653	 0.366907298564911 
1654	 0.366627961397171 
1655	 0.366314589977264 
1656	 0.365951091051102 
1657	 0.365547686815262 
1658	 0.365091234445572 
1659	 0.3645840883255 
1660	 0.36403226852417 
1661	 0.36343115568161 
1662	 0.362783789634705 
1663	 0.36209562420845 
1664	 0.361338675022125 
1665	 0.360548079013824 
1666	 0.359649568796158 
1667	 0.358674079179764 
1668	 0.357619822025299 
1669	 0.356475412845612 
1670	 0.355250477790833 
1671	 0.353936463594437 
1672	 0.352546095848084 
1673	 0.351078987121582 
1674	 0.349514782428741 
1675	 0.347859382629395 
1676	 0.346166253089905 
1677	 0.344391077756882 
1678	 0.342553794384003 
1679	 0.340644657611847 
1680	 0.338688462972641 
1681	 0.336653083562851 
1682	 0.334572404623032 
1683	 0.332444876432419 
1684	 0.330324739217758 
1685	 0.328157871961594 
1686	 0.325973212718964 
1687	 0.323774069547653 
1688	 0.321528494358063 
1689	 0.319229751825333 
1690	 0.316918462514877 
1691	 0.31460776925087 
1692	 0.312286227941513 
1693	 0.309953182935715 
1694	 0.307565569877625 
1695	 0.305131763219833 
1696	 0.302666068077087 
1697	 0.300145357847214 
1698	 0.297602593898773 
1699	 0.295043110847473 
1700	 0.292524874210358 
1701	 0.289946913719177 
1702	 0.287495702505112 
1703	 0.285053461790085 
1704	 0.282765358686447 
1705	 0.280564546585083 
1706	 0.278422921895981 
1707	 0.27657014131546 
1708	 0.274802088737488 
1709	 0.273132652044296 
1710	 0.271634250879288 
1711	 0.270135581493378 
1712	 0.268726646900177 
1713	 0.267365217208862 
1714	 0.266034215688705 
1715	 0.26483166217804 
1716	 0.263612687587738 
1717	 0.262450009584427 
1718	 0.261358916759491 
1719	 0.260244309902191 
1720	 0.259224891662598 
1721	 0.258309781551361 
1722	 0.257494479417801 
1723	 0.25686702132225 
1724	 0.256401628255844 
1725	 0.256098598241806 
1726	 0.255999982357025 
1727	 0.256099969148636 
1728	 0.256400734186172 
1729	 0.256929486989975 
1730	 0.257676243782043 
1731	 0.258547931909561 
1732	 0.259591281414032 
1733	 0.260667532682419 
1734	 0.261748254299164 
1735	 0.262850701808929 
1736	 0.26381316781044 
1737	 0.26465579867363 
1738	 0.265344530344009 
1739	 0.265820741653442 
1740	 0.266134530305862 
1741	 0.26625669002533 
1742	 0.266131043434143 
1743	 0.265928685665131 
1744	 0.265549093484879 
1745	 0.265082955360413 
1746	 0.264466673135757 
1747	 0.26386359333992 
1748	 0.263146311044693 
1749	 0.262472003698349 
1750	 0.261774897575378 
1751	 0.261129558086395 
1752	 0.26045635342598 
1753	 0.259908020496368 
1754	 0.25941726565361 
1755	 0.259060561656952 
1756	 0.258791953325272 
1757	 0.258652329444885 
1758	 0.258652001619339 
1759	 0.258779525756836 
1760	 0.259054839611053 
1761	 0.259497433900833 
1762	 0.260042250156403 
1763	 0.260749727487564 
1764	 0.261564821004868 
1765	 0.262477964162827 
1766	 0.263562053442001 
1767	 0.26468551158905 
1768	 0.265880763530731 
1769	 0.267135232686996 
1770	 0.268295526504517 
1771	 0.269445210695267 
1772	 0.270531952381134 
1773	 0.271525740623474 
1774	 0.272552162408829 
1775	 0.273482978343964 
1776	 0.274361371994019 
1777	 0.275197505950928 
1778	 0.275883108377457 
1779	 0.276565194129944 
1780	 0.277236819267273 
1781	 0.277870029211044 
1782	 0.278548300266266 
1783	 0.279173016548157 
1784	 0.27975332736969 
1785	 0.280285447835922 
1786	 0.280817776918411 
1787	 0.281345516443253 
1788	 0.281850516796112 
1789	 0.282348871231079 
1790	 0.282836109399796 
1791	 0.283284038305283 
1792	 0.283762812614441 
1793	 0.284240216016769 
1794	 0.28471377491951 
1795	 0.285202473402023 
1796	 0.285685300827026 
1797	 0.28619796037674 
1798	 0.286706179380417 
1799	 0.287221848964691 
1800	 0.28775829076767 
1801	 0.288634657859802 
1802	 0.289361506700516 
1803	 0.290059685707092 
1804	 0.290762484073639 
1805	 0.291513353586197 
1806	 0.29219713807106 
1807	 0.292868494987488 
1808	 0.293510764837265 
1809	 0.294137686491013 
1810	 0.294719189405441 
1811	 0.295264035463333 
1812	 0.295799970626831 
1813	 0.296296685934067 
1814	 0.296800583600998 
1815	 0.297260612249374 
1816	 0.29773274064064 
1817	 0.298195898532867 
1818	 0.298652112483978 
1819	 0.299067288637161 
1820	 0.299467414617538 
1821	 0.299862116575241 
1822	 0.300230115652084 
1823	 0.300598084926605 
1824	 0.300918579101563 
1825	 0.301226913928986 
1826	 0.301503926515579 
1827	 0.301718443632126 
1828	 0.301938205957413 
1829	 0.302174121141434 
1830	 0.302354276180267 
1831	 0.302488505840302 
1832	 0.302617400884628 
1833	 0.302724570035934 
1834	 0.302802592515945 
1835	 0.302857846021652 
1836	 0.302911043167114 
1837	 0.302961975336075 
1838	 0.30299511551857 
1839	 0.303030252456665 
1840	 0.303071171045303 
1841	 0.303101509809494 
1842	 0.303117454051971 
1843	 0.303140014410019 
1844	 0.303178280591965 
1845	 0.303185164928436 
1846	 0.30316436290741 
1847	 0.303134977817535 
1848	 0.303080201148987 
1849	 0.3030104637146 
1850	 0.302895575761795 
1851	 0.302761524915695 
1852	 0.302588373422623 
1853	 0.302360385656357 
1854	 0.302092403173447 
1855	 0.301766693592072 
1856	 0.301414966583252 
1857	 0.30100080370903 
1858	 0.300500392913818 
1859	 0.299976110458374 
1860	 0.299425184726715 
1861	 0.29877832531929 
1862	 0.298066884279251 
1863	 0.297330498695374 
1864	 0.296469688415527 
1865	 0.295563042163849 
1866	 0.294595330953598 
1867	 0.293463826179504 
1868	 0.292270839214325 
1869	 0.290950536727905 
1870	 0.289522796869278 
1871	 0.287984848022461 
1872	 0.286400377750397 
1873	 0.284731239080429 
1874	 0.282984226942062 
1875	 0.281185358762741 
1876	 0.279133528470993 
1877	 0.277032226324081 
1878	 0.274699538946152 
1879	 0.272107034921646 
1880	 0.269540518522263 
1881	 0.266723275184631 
1882	 0.263669788837433 
1883	 0.260521173477173 
1884	 0.257192969322205 
1885	 0.253389000892639 
1886	 0.249534979462624 
1887	 0.245329156517982 
1888	 0.240772873163223 
1889	 0.236358791589737 
1890	 0.231553047895432 
1891	 0.226619586348534 
1892	 0.221591800451279 
1893	 0.216142848134041 
1894	 0.210269197821617 
1895	 0.204411551356316 
1896	 0.198155894875526 
1897	 0.19156913459301 
1898	 0.185294568538666 
1899	 0.1785798817873 
1900	 0.171806693077087 
1901	 0.16501159965992 
1902	 0.157528832554817 
1903	 0.150167316198349 
1904	 0.142740145325661 
1905	 0.135097235441208 
1906	 0.127358973026276 
1907	 0.120288468897343 
1908	 0.113020189106464 
1909	 0.106060907244682 
1910	 9.95413288474083E-02 
1911	 9.29205492138863E-02 
1912	 8.69165137410164E-02 
1913	 8.14715549349785E-02 
1914	 7.65696093440056E-02 
1915	 7.27263242006302E-02 
1916	 6.97912648320198E-02 
1917	 6.76439478993416E-02 
1918	 6.63250237703323E-02 
1919	 6.62375167012215E-02 
1920	 6.71242102980614E-02 
1921	 6.90157264471054E-02 
1922	 7.21018463373184E-02 
1923	 7.63145089149475E-02 
1924	 8.09964239597321E-02 
1925	 0.086629718542099 
1926	 9.25402715802193E-02 
1927	 9.90446805953979E-02 
1928	 0.105737157166004 
1929	 0.113139487802982 
1930	 0.120207205414772 
1931	 0.127308622002602 
1932	 0.134198755025864 
1933	 0.1402787566185 
1934	 0.146152183413506 
1935	 0.151665523648262 
1936	 0.156570672988892 
1937	 0.161388158798218 
1938	 0.165956005454063 
1939	 0.170171707868576 
1940	 0.174089178442955 
1941	 0.177861273288727 
1942	 0.181122496724129 
1943	 0.184359326958656 
1944	 0.187409192323685 
1945	 0.190225824713707 
1946	 0.193093359470367 
1947	 0.195734336972237 
1948	 0.198266640305519 
1949	 0.200730666518211 
1950	 0.202965721487999 
1951	 0.204958364367485 
1952	 0.2069301456213 
1953	 0.208758518099785 
1954	 0.210453167557716 
1955	 0.212227046489716 
1956	 0.213879972696304 
1957	 0.21549978852272 
1958	 0.217102408409119 
1959	 0.218515440821648 
1960	 0.219946444034576 
1961	 0.221339106559753 
1962	 0.22265362739563 
1963	 0.223979160189629 
1964	 0.225310906767845 
1965	 0.226571008563042 
1966	 0.227793917059898 
1967	 0.229009494185448 
1968	 0.230106458067894 
1969	 0.231227055191994 
1970	 0.232310131192207 
1971	 0.233346939086914 
1972	 0.234443292021751 
1973	 0.23549821972847 
1974	 0.23655691742897 
1975	 0.237652733922005 
1976	 0.238672882318497 
1977	 0.239654242992401 
1978	 0.24062779545784 
1979	 0.241565808653831 
1980	 0.242455944418907 
1981	 0.243407234549522 
1982	 0.244307070970535 
1983	 0.245195686817169 
1984	 0.24609449505806 
1985	 0.246903300285339 
1986	 0.247709855437279 
1987	 0.248486518859863 
1988	 0.249217450618744 
1989	 0.249946281313896 
1990	 0.250673174858093 
1991	 0.25135126709938 
1992	 0.252002775669098 
1993	 0.252644628286362 
1994	 0.253200173377991 
1995	 0.253742039203644 
1996	 0.25424724817276 
1997	 0.254685193300247 
1998	 0.255131363868713 
1999	 0.255575150251389 
2000	 0.255954951047897 
2001	 0.256307303905487 
2002	 0.25661912560463 
2003	 0.256877928972244 
2004	 0.257104843854904 
2005	 0.257294088602066 
2006	 0.257461041212082 
2007	 0.257601141929626 
2008	 0.257693320512772 
2009	 0.257745057344437 
2010	 0.257760763168335 
2011	 0.257716685533524 
2012	 0.257607340812683 
2013	 0.257466286420822 
2014	 0.257301837205887 
2015	 0.257057636976242 
2016	 0.2567538022995 
2017	 0.256400167942047 
2018	 0.255974382162094 
2019	 0.25551050901413 
2020	 0.255007475614548 
2021	 0.254438102245331 
2022	 0.253830224275589 
2023	 0.253166943788528 
2024	 0.252427667379379 
2025	 0.251687556505203 
2026	 0.250901877880096 
2027	 0.250039666891098 
2028	 0.249215736985207 
2029	 0.248375490307808 
2030	 0.247531592845917 
2031	 0.246695891022682 
2032	 0.245854869484901 
2033	 0.244975328445435 
2034	 0.244147017598152 
2035	 0.243333399295807 
2036	 0.242521777749062 
2037	 0.241794750094414 
2038	 0.241094022989273 
2039	 0.240457385778427 
2040	 0.239892616868019 
2041	 0.239346250891685 
2042	 0.238839626312256 
2043	 0.238377436995506 
2044	 0.237950593233109 
2045	 0.237561300396919 
2046	 0.23723392188549 
2047	 0.236918449401855 
2048	 0.236655488610268 
2049	 0.236376062035561 
2050	 0.236101672053337 
2051	 0.235849857330322 
2052	 0.235590577125549 
2053	 0.235347792506218 
2054	 0.23510617017746 
2055	 0.234877541661263 
2056	 0.234648331999779 
2057	 0.234432458877563 
2058	 0.234192714095116 
2059	 0.233957514166832 
2060	 0.233710676431656 
2061	 0.233433574438095 
2062	 0.233166232705116 
2063	 0.23290641605854 
2064	 0.23263680934906 
2065	 0.232370734214783 
2066	 0.23208399116993 
2067	 0.23176808655262 
2068	 0.231472983956337 
2069	 0.231171667575836 
2070	 0.230849236249924 
2071	 0.23055599629879 
2072	 0.230293497443199 
2073	 0.22999319434166 
2074	 0.229698449373245 
2075	 0.229375451803207 
2076	 0.229019358754158 
2077	 0.228671059012413 
2078	 0.228314504027367 
2079	 0.227945730090141 
2080	 0.227577537298203 
2081	 0.227189168334007 
2082	 0.226790934801102 
2083	 0.226380050182343 
2084	 0.22592031955719 
2085	 0.225445881485939 
2086	 0.224917247891426 
2087	 0.224317371845245 
2088	 0.223739326000214 
2089	 0.223119273781776 
2090	 0.222528874874115 
2091	 0.221957132220268 
2092	 0.221367716789246 
2093	 0.220734268426895 
2094	 0.220180749893188 
2095	 0.219616562128067 
2096	 0.219131112098694 
2097	 0.2187260389328 
2098	 0.218359082937241 
2099	 0.218025907874107 
2100	 0.217742726206779 
2101	 0.217472419142723 
2102	 0.217245683073997 
2103	 0.217018887400627 
2104	 0.216808810830116 
2105	 0.216615870594978 
2106	 0.216446161270142 
2107	 0.216276794672012 
2108	 0.216143265366554 
2109	 0.215975105762482 
2110	 0.215791448950768 
2111	 0.21561273932457 
2112	 0.215415149927139 
2113	 0.215226069092751 
2114	 0.215063586831093 
2115	 0.214873462915421 
2116	 0.214668750762939 
2117	 0.214458972215652 
2118	 0.214238166809082 
2119	 0.213997170329094 
2120	 0.213760450482368 
2121	 0.213509380817413 
2122	 0.213282272219658 
2123	 0.213054627180099 
2124	 0.212839528918266 
2125	 0.212644636631012 
2126	 0.212450504302979 
2127	 0.21225506067276 
2128	 0.212077841162682 
2129	 0.211916565895081 
2130	 0.211756974458694 
2131	 0.211605727672577 
2132	 0.211460247635841 
2133	 0.211317807435989 
2134	 0.211193650960922 
2135	 0.21105794608593 
2136	 0.210932150483131 
2137	 0.210789501667023 
2138	 0.210624650120735 
2139	 0.210491880774498 
2140	 0.210368037223816 
2141	 0.210241794586182 
2142	 0.21013006567955 
2143	 0.210018143057823 
2144	 0.209887072443962 
2145	 0.209793046116829 
2146	 0.209733709692955 
2147	 0.20965987443924 
2148	 0.2096097022295 
2149	 0.209535032510757 
2150	 0.209444046020508 
2151	 0.209352359175682 
2152	 0.209249883890152 
2153	 0.209153041243553 
2154	 0.209043174982071 
2155	 0.208906933665276 
2156	 0.208776012063026 
2157	 0.20863002538681 
2158	 0.208486691117287 
2159	 0.208348497748375 
2160	 0.20819778740406 
2161	 0.208024129271507 
2162	 0.207877188920975 
2163	 0.207717642188072 
2164	 0.207599684596062 
2165	 0.207507580518723 
2166	 0.207434713840485 
2167	 0.207386612892151 
2168	 0.207359999418259 
2169	 0.207353636622429 
2170	 0.207367584109306 
2171	 0.207425981760025 
2172	 0.207469612360001 
2173	 0.207522973418236 
2174	 0.207574799656868 
2175	 0.2076346129179 
2176	 0.207694232463837 
2177	 0.207743227481842 
2178	 0.207805603742599 
2179	 0.207832723855972 
2180	 0.207832649350166 
2181	 0.207835793495178 
2182	 0.207830637693405 
2183	 0.20781035721302 
2184	 0.20778676867485 
2185	 0.207738563418388 
2186	 0.207652702927589 
2187	 0.207589372992516 
2188	 0.207493796944618 
2189	 0.207453742623329 
2190	 0.207451954483986 
2191	 0.207449793815613 
2192	 0.207469612360001 
2193	 0.207507133483887 
2194	 0.207548499107361 
2195	 0.207610547542572 
2196	 0.20772098004818 
2197	 0.207817286252975 
2198	 0.207892641425133 
2199	 0.207955688238144 
2200	 0.207995519042015 
2201	 0.208014756441116 
2202	 0.208002626895905 
2203	 0.207980275154114 
2204	 0.207906126976013 
2205	 0.207761496305466 
2206	 0.207651883363724 
2207	 0.207534283399582 
2208	 0.207396164536476 
2209	 0.207271993160248 
2210	 0.207107305526733 
2211	 0.206894740462303 
2212	 0.206687331199646 
2213	 0.206459432840347 
2214	 0.20623591542244 
2215	 0.206016972661018 
2216	 0.205774888396263 
2217	 0.205553457140923 
2218	 0.205268710851669 
2219	 0.204938605427742 
2220	 0.204587578773499 
2221	 0.204203635454178 
2222	 0.203771740198135 
2223	 0.203334808349609 
2224	 0.202865287661552 
2225	 0.202377259731293 
2226	 0.20186260342598 
2227	 0.20126011967659 
2228	 0.200617656111717 
2229	 0.199903264641762 
2230	 0.199087768793106 
2231	 0.198260322213173 
2232	 0.19740717113018 
2233	 0.196466282010078 
2234	 0.195501431822777 
2235	 0.194394022226334 
2236	 0.193192735314369 
2237	 0.191897466778755 
2238	 0.19043156504631 
2239	 0.188982129096985 
2240	 0.187493100762367 
2241	 0.1859140843153 
2242	 0.184354811906815 
2243	 0.182601541280746 
2244	 0.180658161640167 
2245	 0.178708374500275 
2246	 0.176552802324295 
2247	 0.174492657184601 
2248	 0.172490850090981 
2249	 0.170413941144943 
2250	 0.168327704071999 
2251	 0.166255429387093 
2252	 0.163952827453613 
2253	 0.161708042025566 
2254	 0.159442543983459 
2255	 0.157127648591995 
2256	 0.155042767524719 
2257	 0.15296758711338 
2258	 0.150954023003578 
2259	 0.149054363369942 
2260	 0.147112265229225 
2261	 0.145158544182777 
2262	 0.143305540084839 
2263	 0.14145216345787 
2264	 0.139737725257874 
2265	 0.138161644339561 
2266	 0.136560454964638 
2267	 0.135043933987617 
2268	 0.133522734045982 
2269	 0.131992176175117 
2270	 0.130536392331123 
2271	 0.129113629460335 
2272	 0.127748429775238 
2273	 0.126469969749451 
2274	 0.125169321894646 
2275	 0.123958386480808 
2276	 0.122660554945469 
2277	 0.121318280696869 
2278	 0.119983367621899 
2279	 0.1185682117939 
2280	 0.117214746773243 
2281	 0.11591961979866 
2282	 0.114577777683735 
2283	 0.113247036933899 
2284	 0.111918963491917 
2285	 0.110457792878151 
2286	 0.109037555754185 
2287	 0.107526652514935 
2288	 0.105982892215252 
2289	 0.104558132588863 
2290	 0.103026896715164 
2291	 0.101531736552715 
2292	 0.100074283778667 
2293	 9.85121726989746E-02 
2294	 9.70284640789032E-02 
2295	 9.56165418028831E-02 
2296	 9.42916497588158E-02 
2297	 9.31829437613487E-02 
2298	 9.22468677163124E-02 
2299	 9.14330333471298E-02 
2300	 9.07837897539139E-02 
2301	 9.03026983141899E-02 
2302	 8.99481624364853E-02 
2303	 8.98245647549629E-02 
2304	 0.089912548661232 
2305	 9.01893749833107E-02 
2306	 9.06848013401031E-02 
2307	 9.13366004824638E-02 
2308	 9.22194570302963E-02 
2309	 9.32230725884438E-02 
2310	 9.44451466202736E-02 
2311	 9.56913754343987E-02 
2312	 9.71551388502121E-02 
2313	 9.85008031129837E-02 
2314	 9.99182909727097E-02 
2315	 0.1012242436409 
2316	 0.102478921413422 
2317	 0.103647358715534 
2318	 0.104793637990952 
2319	 0.105735801160336 
2320	 0.1066038236022 
2321	 0.107247456908226 
2322	 0.107644803822041 
2323	 0.107954084873199 
2324	 0.108051873743534 
2325	 0.108088344335556 
2326	 0.108048640191555 
2327	 0.107865050435066 
2328	 0.107538260519505 
2329	 0.10711658000946 
2330	 0.106568530201912 
2331	 0.105867981910706 
2332	 0.105138853192329 
2333	 0.10432107001543 
2334	 0.10334737598896 
2335	 0.102337971329689 
2336	 0.101203016936779 
2337	 0.100005991756916 
2338	 9.88929644227028E-02 
2339	 9.77388992905617E-02 
2340	 9.66497585177422E-02 
2341	 9.56704765558243E-02 
2342	 0.094713106751442 
2343	 9.38819646835327E-02 
2344	 9.31660085916519E-02 
2345	 9.26141887903214E-02 
2346	 9.23148319125175E-02 
2347	 9.22640115022659E-02 
2348	 9.24335122108459E-02 
2349	 9.28516313433647E-02 
2350	 0.093398854136467 
2351	 9.40070226788521E-02 
2352	 9.46800112724304E-02 
2353	 9.53988879919052E-02 
2354	 9.60806384682655E-02 
2355	 9.67212840914726E-02 
2356	 9.73134264349937E-02 
2357	 9.77779850363731E-02 
2358	 9.81768369674683E-02 
2359	 9.84388291835785E-02 
2360	 9.85871627926826E-02 
2361	 9.86258536577225E-02 
2362	 9.85212624073029E-02 
2363	 9.83950942754745E-02 
2364	 9.82712358236313E-02 
2365	 9.81544181704521E-02 
2366	 9.80843380093575E-02 
2367	 9.79768112301826E-02 
2368	 9.78226289153099E-02 
2369	 9.76633504033089E-02 
2370	 9.74720418453217E-02 
2371	 9.72899496555328E-02 
2372	 9.71373319625854E-02 
2373	 9.70049723982811E-02 
2374	 9.68620106577873E-02 
2375	 9.67000871896744E-02 
2376	 9.65383499860764E-02 
2377	 0.096320852637291 
2378	 9.60938259959221E-02 
2379	 9.59314256906509E-02 
2380	 9.57599803805351E-02 
2381	 9.55552607774735E-02 
2382	 9.53564867377281E-02 
2383	 9.51530188322067E-02 
2384	 9.49357524514198E-02 
2385	 9.47055295109749E-02 
2386	 9.44962128996849E-02 
2387	 9.43196415901184E-02 
2388	 9.40753668546677E-02 
2389	 9.38335135579109E-02 
2390	 0.093486875295639 
2391	 9.30118933320045E-02 
2392	 9.26204994320869E-02 
2393	 9.21777710318565E-02 
2394	 0.091820240020752 
2395	 9.15728956460953E-02 
2396	 9.12143662571907E-02 
2397	 9.08352583646774E-02 
2398	 9.04687196016312E-02 
2399	 9.00738686323166E-02 
2400	 8.96652713418007E-02 
2401	 8.92351344227791E-02 
2402	 8.88147801160812E-02 
2403	 8.84146690368652E-02 
2404	 8.79728570580482E-02 
2405	 8.75582098960876E-02 
2406	 8.70660841464996E-02 
2407	 8.64806026220322E-02 
2408	 8.59535783529282E-02 
2409	 8.54152366518974E-02 
2410	 8.48760008811951E-02 
2411	 8.43341499567032E-02 
2412	 8.37413668632507E-02 
2413	 8.32083821296692E-02 
2414	 8.26858431100845E-02 
2415	 8.22351202368736E-02 
2416	 0.081811860203743 
2417	 8.13044533133507E-02 
2418	 8.07681158185005E-02 
2419	 8.00762698054314E-02 
2420	 7.93713554739952E-02 
2421	 7.87292271852493E-02 
2422	 7.80146420001984E-02 
2423	 7.73455277085304E-02 
2424	 0.076709620654583 
2425	 7.60228708386421E-02 
2426	 7.54186138510704E-02 
2427	 7.48246759176254E-02 
2428	 7.41269215941429E-02 
2429	 7.34537616372108E-02 
2430	 7.27253034710884E-02 
2431	 7.20562264323235E-02 
2432	 0.071489118039608 
2433	 7.08073601126671E-02 
2434	 7.02636241912842E-02 
2435	 6.97581842541695E-02 
2436	 0.06913011521101 
2437	 6.86169564723969E-02 
2438	 6.79588988423347E-02 
2439	 6.71059414744377E-02 
2440	 6.62836879491806E-02 
2441	 6.55952990055084E-02 
2442	 6.50623589754105E-02 
2443	 6.44534081220627E-02 
2444	 6.38139173388481E-02 
2445	 6.31402581930161E-02 
2446	 6.23639523983002E-02 
2447	 6.17209449410439E-02 
2448	 6.12897053360939E-02 
2449	 6.07765577733517E-02 
2450	 6.01636320352554E-02 
2451	 5.96349760890007E-02 
2452	 5.90056963264942E-02 
2453	 5.84530308842659E-02 
2454	 5.80376237630844E-02 
2455	 5.75599446892738E-02 
2456	 5.72270415723324E-02 
2457	 5.69347701966763E-02 
2458	 5.65429627895355E-02 
2459	 5.61447590589523E-02 
2460	 5.57430908083916E-02 
2461	 5.54702877998352E-02 
2462	 5.53551129996777E-02 
2463	 5.53181543946266E-02 
2464	 5.52752502262592E-02 
2465	 5.51252737641335E-02 
2466	 5.48478737473488E-02 
2467	 5.45629486441612E-02 
2468	 5.43399527668953E-02 
2469	 5.40820918977261E-02 
2470	 5.39123006165028E-02 
2471	 5.37913292646408E-02 
2472	 5.36741130053997E-02 
2473	 5.35743869841099E-02 
2474	 5.33687174320221E-02 
2475	 0.053213357925415 
2476	 0.053082637488842 
2477	 5.29400482773781E-02 
2478	 5.27755580842495E-02 
2479	 5.25612309575081E-02 
2480	 5.24407774209976E-02 
2481	 5.23834675550461E-02 
2482	 5.24757765233517E-02 
2483	 5.26039339601994E-02 
2484	 5.26228658854961E-02 
2485	 5.27976378798485E-02 
2486	 5.29350452125072E-02 
2487	 0.053013127297163 
2488	 5.32485209405422E-02 
2489	 5.33815324306488E-02 
2490	 5.34334406256676E-02 
2491	 5.32967634499073E-02 
2492	 5.30870780348778E-02 
2493	 5.30286431312561E-02 
2494	 5.29641211032867E-02 
2495	 5.32486326992512E-02 
2496	 5.37286810576916E-02 
2497	 5.40526285767555E-02 
2498	 5.43500073254108E-02 
2499	 5.46758398413658E-02 
2500	 5.47896772623062E-02 
