Wavelength	4c.000
350	 8.81971269845963E-02 
351	 8.68700593709946E-02 
352	 0.08452158421278 
353	 0.082219198346138 
354	 8.23013111948967E-02 
355	 7.96361491084099E-02 
356	 7.69153088331223E-02 
357	 0.076057180762291 
358	 7.11183845996857E-02 
359	 6.76509737968445E-02 
360	 0.067685678601265 
361	 7.03287273645401E-02 
362	 6.90841972827911E-02 
363	 6.77359327673912E-02 
364	 6.74600005149841E-02 
365	 6.47043362259865E-02 
366	 6.56342282891274E-02 
367	 6.59372434020042E-02 
368	 6.23661242425442E-02 
369	 6.32134974002838E-02 
370	 6.48917332291603E-02 
371	 0.065395399928093 
372	 6.41602873802185E-02 
373	 0.064185306429863 
374	 6.43407180905342E-02 
375	 6.39118179678917E-02 
376	 6.34322240948677E-02 
377	 6.30208924412727E-02 
378	 6.29596635699272E-02 
379	 0.063265934586525 
380	 6.29874616861343E-02 
381	 6.31771385669708E-02 
382	 6.35049566626549E-02 
383	 6.30421563982964E-02 
384	 6.38769939541817E-02 
385	 6.43974095582962E-02 
386	 6.36337250471115E-02 
387	 0.062163632363081 
388	 6.06979317963123E-02 
389	 0.060979750007391 
390	 6.34063556790352E-02 
391	 6.29802867770195E-02 
392	 6.25674650073051E-02 
393	 6.27023130655289E-02 
394	 6.23987838625908E-02 
395	 0.063204251229763 
396	 6.34133443236351E-02 
397	 6.25974237918854E-02 
398	 6.30806237459183E-02 
399	 0.063184842467308 
400	 6.33816942572594E-02 
401	 6.41468316316605E-02 
402	 6.32767379283905E-02 
403	 6.32720366120338E-02 
404	 0.064036451280117 
405	 6.36143237352371E-02 
406	 6.38138651847839E-02 
407	 6.45142644643784E-02 
408	 6.52031004428864E-02 
409	 6.51622489094734E-02 
410	 6.49957433342934E-02 
411	 6.51789009571075E-02 
412	 6.59351646900177E-02 
413	 6.66700825095177E-02 
414	 6.64936229586601E-02 
415	 6.59765899181366E-02 
416	 6.68472647666931E-02 
417	 6.71485438942909E-02 
418	 6.74570873379707E-02 
419	 0.068214014172554 
420	 6.84927925467491E-02 
421	 6.87632039189339E-02 
422	 6.90779834985733E-02 
423	 6.93572387099266E-02 
424	 6.97871819138527E-02 
425	 7.02821165323257E-02 
426	 7.07138031721115E-02 
427	 7.09362328052521E-02 
428	 7.11364150047302E-02 
429	 7.13924467563629E-02 
430	 7.17027932405472E-02 
431	 7.18701928853989E-02 
432	 7.24812671542168E-02 
433	 7.31258168816566E-02 
434	 0.07303836196661 
435	 7.37377032637596E-02 
436	 7.42956101894379E-02 
437	 7.43060484528542E-02 
438	 7.45694264769554E-02 
439	 7.51291215419769E-02 
440	 7.56357908248901E-02 
441	 7.58011043071747E-02 
442	 7.61746391654015E-02 
443	 7.65001773834229E-02 
444	 7.67141431570053E-02 
445	 0.076926164329052 
446	 0.077117346227169 
447	 7.73672461509705E-02 
448	 7.77097195386887E-02 
449	 7.80894160270691E-02 
450	 7.81859830021858E-02 
451	 0.078143373131752 
452	 7.82219469547272E-02 
453	 7.80737847089767E-02 
454	 7.81884118914604E-02 
455	 7.85096734762192E-02 
456	 7.83427134156227E-02 
457	 7.83747881650925E-02 
458	 7.84068033099175E-02 
459	 7.82238394021988E-02 
460	 7.81566128134727E-02 
461	 7.81227126717567E-02 
462	 7.79953300952911E-02 
463	 7.76671394705772E-02 
464	 7.74369314312935E-02 
465	 0.077267661690712 
466	 7.71281644701958E-02 
467	 7.70710706710815E-02 
468	 7.68236741423607E-02 
469	 7.64508098363876E-02 
470	 7.60853812098503E-02 
471	 7.56702721118927E-02 
472	 7.51908421516418E-02 
473	 0.074712872505188 
474	 0.074341855943203 
475	 7.37562328577042E-02 
476	 7.31929689645767E-02 
477	 7.27682188153267E-02 
478	 0.072123721241951 
479	 7.14624300599098E-02 
480	 7.07847625017166E-02 
481	 7.00503811240196E-02 
482	 6.94260820746422E-02 
483	 6.89576119184494E-02 
484	 6.85353949666023E-02 
485	 6.78972527384758E-02 
486	 6.73949643969536E-02 
487	 6.69156536459923E-02 
488	 6.63532316684723E-02 
489	 6.59822523593903E-02 
490	 6.55126199126244E-02 
491	 6.50137662887573E-02 
492	 6.47275075316429E-02 
493	 6.43320307135582E-02 
494	 6.40134438872337E-02 
495	 6.38188123703003E-02 
496	 6.34597614407539E-02 
497	 6.32053464651108E-02 
498	 6.29842579364777E-02 
499	 6.26705586910248E-02 
500	 6.24045841395855E-02 
501	 6.20486624538898E-02 
502	 0.061634287238121 
503	 6.13393597304821E-02 
504	 6.10576905310154E-02 
505	 6.06863014400005E-02 
506	 6.02169036865234E-02 
507	 5.98625801503658E-02 
508	 5.95079176127911E-02 
509	 5.91248981654644E-02 
510	 5.87201155722141E-02 
511	 0.058262512087822 
512	 5.78279010951519E-02 
513	 5.74219338595867E-02 
514	 5.69497123360634E-02 
515	 5.64231276512146E-02 
516	 5.59673942625523E-02 
517	 5.56511878967285E-02 
518	 5.52337169647217E-02 
519	 5.49051016569138E-02 
520	 5.46730533242226E-02 
521	 5.44152110815048E-02 
522	 5.41142597794533E-02 
523	 5.38224950432777E-02 
524	 0.053618099540472 
525	 5.36254495382309E-02 
526	 5.36023713648319E-02 
527	 0.053581215441227 
528	 5.36604858934879E-02 
529	 5.36982715129852E-02 
530	 5.37847839295864E-02 
531	 5.39572052657604E-02 
532	 5.41809387505054E-02 
533	 5.44486865401268E-02 
534	 5.47150410711765E-02 
535	 5.49634248018265E-02 
536	 5.52788190543652E-02 
537	 0.0556062720716 
538	 5.59602901339531E-02 
539	 5.63782565295696E-02 
540	 5.67294619977474E-02 
541	 5.70829585194588E-02 
542	 5.74606172740459E-02 
543	 0.057770099490881 
544	 5.80668561160564E-02 
545	 5.82904703915119E-02 
546	 5.84048740565777E-02 
547	 5.86507506668568E-02 
548	 5.87578155100346E-02 
549	 0.058731235563755 
550	 5.88231384754181E-02 
551	 5.87882772088051E-02 
552	 5.87212704122067E-02 
553	 5.87069392204285E-02 
554	 5.86477145552635E-02 
555	 5.85592724382877E-02 
556	 5.84747046232224E-02 
557	 5.84320463240147E-02 
558	 5.84075748920441E-02 
559	 5.84445744752884E-02 
560	 5.85426464676857E-02 
561	 5.86340799927711E-02 
562	 0.05876724421978 
563	 5.89497163891792E-02 
564	 5.91898672282696E-02 
565	 5.95458187162876E-02 
566	 5.99385686218739E-02 
567	 6.03542737662792E-02 
568	 6.08329512178898E-02 
569	 6.14140704274178E-02 
570	 6.20986185967922E-02 
571	 6.28565326333046E-02 
572	 6.35916218161583E-02 
573	 6.45226910710335E-02 
574	 6.56179636716843E-02 
575	 0.066767193377018 
576	 6.80443793535233E-02 
577	 6.93759098649025E-02 
578	 7.08162188529968E-02 
579	 7.25633949041367E-02 
580	 7.43320882320404E-02 
581	 7.62312412261963E-02 
582	 0.07838374376297 
583	 8.06310698390007E-02 
584	 8.30770134925842E-02 
585	 0.085721381008625 
586	 8.85131284594536E-02 
587	 9.15476754307747E-02 
588	 9.47845727205276E-02 
589	 9.82113257050514E-02 
590	 0.101871028542519 
591	 0.105654329061508 
592	 0.109577029943466 
593	 0.113670125603676 
594	 0.117801584303379 
595	 0.122100986540318 
596	 0.126581460237503 
597	 0.13113671541214 
598	 0.135873287916183 
599	 0.14080049097538 
600	 0.145892143249512 
601	 0.151030853390694 
602	 0.156319707632065 
603	 0.161777079105377 
604	 0.167357295751572 
605	 0.172932356595993 
606	 0.17851722240448 
607	 0.184124857187271 
608	 0.189729332923889 
609	 0.195352375507355 
610	 0.200949877500534 
611	 0.20651963353157 
612	 0.212188363075256 
613	 0.217790052294731 
614	 0.223309323191643 
615	 0.228839352726936 
616	 0.234356716275215 
617	 0.239830166101456 
618	 0.245255902409554 
619	 0.250693321228027 
620	 0.256150603294373 
621	 0.261540442705154 
622	 0.266780167818069 
623	 0.271971732378006 
624	 0.277213990688324 
625	 0.282432615756989 
626	 0.287421882152557 
627	 0.292557418346405 
628	 0.297665446996689 
629	 0.302583485841751 
630	 0.307426989078522 
631	 0.312296777963638 
632	 0.317116379737854 
633	 0.321749299764633 
634	 0.32640016078949 
635	 0.331040769815445 
636	 0.335642725229263 
637	 0.340190798044205 
638	 0.344575196504593 
639	 0.348858684301376 
640	 0.353117763996124 
641	 0.357313245534897 
642	 0.361377835273743 
643	 0.365393728017807 
644	 0.369514316320419 
645	 0.373541057109833 
646	 0.377412021160126 
647	 0.381150871515274 
648	 0.384897261857986 
649	 0.388590842485428 
650	 0.392185389995575 
651	 0.39565372467041 
652	 0.399015188217163 
653	 0.402278989553452 
654	 0.405532032251358 
655	 0.40889111161232 
656	 0.412023723125458 
657	 0.415063112974167 
658	 0.41810804605484 
659	 0.421023458242416 
660	 0.423846215009689 
661	 0.426583647727966 
662	 0.429245740175247 
663	 0.431899845600128 
664	 0.434515178203583 
665	 0.437053203582764 
666	 0.439478874206543 
667	 0.441918164491653 
668	 0.444190979003906 
669	 0.44624325633049 
670	 0.448524206876755 
671	 0.450653374195099 
672	 0.452630192041397 
673	 0.454621970653534 
674	 0.456630498170853 
675	 0.458613723516464 
676	 0.460501700639725 
677	 0.462205648422241 
678	 0.463765293359756 
679	 0.465429425239563 
680	 0.467296302318573 
681	 0.468875110149384 
682	 0.470358699560165 
683	 0.471805512905121 
684	 0.473217010498047 
685	 0.474755764007568 
686	 0.476171255111694 
687	 0.477394610643387 
688	 0.478669434785843 
689	 0.480048418045044 
690	 0.481366187334061 
691	 0.482476621866226 
692	 0.483494579792023 
693	 0.484685510396957 
694	 0.485972464084625 
695	 0.487082898616791 
696	 0.48820772767067 
697	 0.489165127277374 
698	 0.489974588155746 
699	 0.491030961275101 
700	 0.492088198661804 
701	 0.493083328008652 
702	 0.494028508663177 
703	 0.495032519102097 
704	 0.495921969413757 
705	 0.496693968772888 
706	 0.497473388910294 
707	 0.498343169689178 
708	 0.499217838048935 
709	 0.500015318393707 
710	 0.500686049461365 
711	 0.501602232456207 
712	 0.502520799636841 
713	 0.503151178359985 
714	 0.503808498382568 
715	 0.504521608352661 
716	 0.505304157733917 
717	 0.506136298179626 
718	 0.506781220436096 
719	 0.507352113723755 
720	 0.507943093776703 
721	 0.508515179157257 
722	 0.509308218955994 
723	 0.510012567043304 
724	 0.510383725166321 
725	 0.511128902435303 
726	 0.511877715587616 
727	 0.512496769428253 
728	 0.513048589229584 
729	 0.513576030731201 
730	 0.514117479324341 
731	 0.514699757099152 
732	 0.515343606472015 
733	 0.515819609165192 
734	 0.51629900932312 
735	 0.516939640045166 
736	 0.517361581325531 
737	 0.517870306968689 
738	 0.518452405929565 
739	 0.518900275230408 
740	 0.519386649131775 
741	 0.519904553890228 
742	 0.520398795604706 
743	 0.520773828029633 
744	 0.521341741085052 
745	 0.521969735622406 
746	 0.522454380989075 
747	 0.522777497768402 
748	 0.523217737674713 
749	 0.52380359172821 
750	 0.524378299713135 
751	 0.524651527404785 
752	 0.524908602237701 
753	 0.525337994098663 
754	 0.525914430618286 
755	 0.526382982730865 
756	 0.526746451854706 
757	 0.527085542678833 
758	 0.527477860450745 
759	 0.528021335601807 
760	 0.528545737266541 
761	 0.528826057910919 
762	 0.529179096221924 
763	 0.529549777507782 
764	 0.529918909072876 
765	 0.530330657958984 
766	 0.530699789524078 
767	 0.531056344509125 
768	 0.531453609466553 
769	 0.53197169303894 
770	 0.532252013683319 
771	 0.532467305660248 
772	 0.532893121242523 
773	 0.533230543136597 
774	 0.533612370491028 
775	 0.534027934074402 
776	 0.534352362155914 
777	 0.534723043441772 
778	 0.534994065761566 
779	 0.535147964954376 
780	 0.535441517829895 
781	 0.535836815834045 
782	 0.536157011985779 
783	 0.536298334598541 
784	 0.536552488803864 
785	 0.536901950836182 
786	 0.537261724472046 
787	 0.537531316280365 
788	 0.537841618061066 
789	 0.538024485111237 
790	 0.538123965263367 
791	 0.538450479507446 
792	 0.538931846618652 
793	 0.539287686347961 
794	 0.539373993873596 
795	 0.539454221725464 
796	 0.539696216583252 
797	 0.539983093738556 
798	 0.54013466835022 
799	 0.540298104286194 
800	 0.540459990501404 
801	 0.540672838687897 
802	 0.541013658046722 
803	 0.541257739067078 
804	 0.541492521762848 
805	 0.541743814945221 
806	 0.541882991790771 
807	 0.541999518871307 
808	 0.54218715429306 
809	 0.542473196983337 
810	 0.54270213842392 
811	 0.542880237102509 
812	 0.543054103851318 
813	 0.543252170085907 
814	 0.543252468109131 
815	 0.543379127979279 
816	 0.543685913085938 
817	 0.543951451778412 
818	 0.544060289859772 
819	 0.544115304946899 
820	 0.544239699840546 
821	 0.544519543647766 
822	 0.544831514358521 
823	 0.544984638690948 
824	 0.54493510723114 
825	 0.545129239559174 
826	 0.545225143432617 
827	 0.545304775238037 
828	 0.545587360858917 
829	 0.545897424221039 
830	 0.546072244644165 
831	 0.546092391014099 
832	 0.546081840991974 
833	 0.546254396438599 
834	 0.546460092067719 
835	 0.546579301357269 
836	 0.546635508537292 
837	 0.546607136726379 
838	 0.546628892421722 
839	 0.54679262638092 
840	 0.546978950500488 
841	 0.547122180461884 
842	 0.54718416929245 
843	 0.547197163105011 
844	 0.547426402568817 
845	 0.54758608341217 
846	 0.547626614570618 
847	 0.547688782215118 
848	 0.547763347625732 
849	 0.54786229133606 
850	 0.548026919364929 
851	 0.548319220542908 
852	 0.548426508903503 
853	 0.548512518405914 
854	 0.548672378063202 
855	 0.548622906208038 
856	 0.548768937587738 
857	 0.549015402793884 
858	 0.549131393432617 
859	 0.548993110656738 
860	 0.549119174480438 
861	 0.54941463470459 
862	 0.549524903297424 
863	 0.549708187580109 
864	 0.549842298030853 
865	 0.549915790557861 
866	 0.549998939037323 
867	 0.549725651741028 
868	 0.549578785896301 
869	 0.549783229827881 
870	 0.550049841403961 
871	 0.550382375717163 
872	 0.550590515136719 
873	 0.550622761249542 
874	 0.550803005695343 
875	 0.550878584384918 
876	 0.550833165645599 
877	 0.550772845745087 
878	 0.550955355167389 
879	 0.551034450531006 
880	 0.551052808761597 
881	 0.551187694072723 
882	 0.551209092140198 
883	 0.551123261451721 
884	 0.551073133945465 
885	 0.551243841648102 
886	 0.551368653774261 
887	 0.551501572132111 
888	 0.55159193277359 
889	 0.551463186740875 
890	 0.551544725894928 
891	 0.55168092250824 
892	 0.551702797412872 
893	 0.551614284515381 
894	 0.551621556282043 
895	 0.551638841629028 
896	 0.551590621471405 
897	 0.551637053489685 
898	 0.551697492599487 
899	 0.551764965057373 
900	 0.551820456981659 
901	 0.551716148853302 
902	 0.551570475101471 
903	 0.551502227783203 
904	 0.551577687263489 
905	 0.551625609397888 
906	 0.551737070083618 
907	 0.551927626132965 
908	 0.552122294902802 
909	 0.552108228206635 
910	 0.551964402198792 
911	 0.551846206188202 
912	 0.551910281181335 
913	 0.551897048950195 
914	 0.551763713359833 
915	 0.551662564277649 
916	 0.551922559738159 
917	 0.552086174488068 
918	 0.552162289619446 
919	 0.552254974842072 
920	 0.552455842494965 
921	 0.552328646183014 
922	 0.552096426486969 
923	 0.552034676074982 
924	 0.552075564861298 
925	 0.552129328250885 
926	 0.552238166332245 
927	 0.552442014217377 
928	 0.552631616592407 
929	 0.552688539028168 
930	 0.552647888660431 
931	 0.552612662315369 
932	 0.552617013454437 
933	 0.552747428417206 
934	 0.552949726581573 
935	 0.553099989891052 
936	 0.553155243396759 
937	 0.553313970565796 
938	 0.553525328636169 
939	 0.553606986999512 
940	 0.553803205490112 
941	 0.5540452003479 
942	 0.554243147373199 
943	 0.554351150989532 
944	 0.554648518562317 
945	 0.554760992527008 
946	 0.554710805416107 
947	 0.554945707321167 
948	 0.554985404014587 
949	 0.554872095584869 
950	 0.554778397083282 
951	 0.554898738861084 
952	 0.554857134819031 
953	 0.554843127727509 
954	 0.554953038692474 
955	 0.554995357990265 
956	 0.554844617843628 
957	 0.554571866989136 
958	 0.554337978363037 
959	 0.554347515106201 
960	 0.554274022579193 
961	 0.554097712039948 
962	 0.553854286670685 
963	 0.55353307723999 
964	 0.553161919116974 
965	 0.552861213684082 
966	 0.552668988704681 
967	 0.552383601665497 
968	 0.552509725093842 
969	 0.552705585956573 
970	 0.552631378173828 
971	 0.552605509757996 
972	 0.552408576011658 
973	 0.552247166633606 
974	 0.552379429340363 
975	 0.552845418453217 
976	 0.553362965583801 
977	 0.55373078584671 
978	 0.553895711898804 
979	 0.554097056388855 
980	 0.554354965686798 
981	 0.554681241512299 
982	 0.555059373378754 
983	 0.555456817150116 
984	 0.555645287036896 
985	 0.555618703365326 
986	 0.555555403232574 
987	 0.555876970291138 
988	 0.556354880332947 
989	 0.556761860847473 
990	 0.556998193264008 
991	 0.557387292385101 
992	 0.557583928108215 
993	 0.557730674743652 
994	 0.558038651943207 
995	 0.558302342891693 
996	 0.558643281459808 
997	 0.558970212936401 
998	 0.559174835681915 
999	 0.559355556964874 
1000	 0.559459626674652 
1001	 0.560995519161224 
1002	 0.561130821704865 
1003	 0.561305999755859 
1004	 0.561459839344025 
1005	 0.561561465263367 
1006	 0.561710238456726 
1007	 0.561909317970276 
1008	 0.562042653560638 
1009	 0.562161266803741 
1010	 0.562256097793579 
1011	 0.562294065952301 
1012	 0.562368631362915 
1013	 0.562426269054413 
1014	 0.562526285648346 
1015	 0.562670648097992 
1016	 0.562788486480713 
1017	 0.56295645236969 
1018	 0.563102185726166 
1019	 0.563192129135132 
1020	 0.563297748565674 
1021	 0.563416302204132 
1022	 0.563532948493958 
1023	 0.56363582611084 
1024	 0.563759863376617 
1025	 0.563868343830109 
1026	 0.56392902135849 
1027	 0.564008772373199 
1028	 0.564101159572601 
1029	 0.564211428165436 
1030	 0.564271926879883 
1031	 0.56436961889267 
1032	 0.564495265483856 
1033	 0.5645632147789 
1034	 0.564651131629944 
1035	 0.56473046541214 
1036	 0.564811825752258 
1037	 0.564889073371887 
1038	 0.56496673822403 
1039	 0.565041959285736 
1040	 0.565137624740601 
1041	 0.565234065055847 
1042	 0.565326750278473 
1043	 0.565442860126495 
1044	 0.565536975860596 
1045	 0.565600991249084 
1046	 0.565677225589752 
1047	 0.565768480300903 
1048	 0.565872848033905 
1049	 0.565979182720184 
1050	 0.566075503826141 
1051	 0.566196978092194 
1052	 0.566281139850616 
1053	 0.56639564037323 
1054	 0.566553890705109 
1055	 0.566687762737274 
1056	 0.566823601722717 
1057	 0.566963195800781 
1058	 0.567108035087585 
1059	 0.567199110984802 
1060	 0.56733775138855 
1061	 0.567447304725647 
1062	 0.567568242549896 
1063	 0.56770932674408 
1064	 0.567797839641571 
1065	 0.567918360233307 
1066	 0.568054437637329 
1067	 0.568168163299561 
1068	 0.56833016872406 
1069	 0.568520843982697 
1070	 0.568675756454468 
1071	 0.568821549415588 
1072	 0.568937361240387 
1073	 0.569061934947968 
1074	 0.569189429283142 
1075	 0.569286108016968 
1076	 0.569454848766327 
1077	 0.569629013538361 
1078	 0.569729447364807 
1079	 0.569882571697235 
1080	 0.570031106472015 
1081	 0.570131599903107 
1082	 0.570260584354401 
1083	 0.570378243923187 
1084	 0.570491433143616 
1085	 0.570615947246552 
1086	 0.570714890956879 
1087	 0.570792376995087 
1088	 0.570880889892578 
1089	 0.571001291275024 
1090	 0.571121037006378 
1091	 0.571257710456848 
1092	 0.571362435817719 
1093	 0.571397483348846 
1094	 0.571433901786804 
1095	 0.571506857872009 
1096	 0.571580171585083 
1097	 0.571659445762634 
1098	 0.571747303009033 
1099	 0.571807980537415 
1100	 0.571839690208435 
1101	 0.57183825969696 
1102	 0.571826338768005 
1103	 0.571827232837677 
1104	 0.571823120117188 
1105	 0.571803033351898 
1106	 0.571787774562836 
1107	 0.571794986724854 
1108	 0.571765303611755 
1109	 0.571748018264771 
1110	 0.571777164936066 
1111	 0.571758270263672 
1112	 0.571730196475983 
1113	 0.571711957454681 
1114	 0.571678102016449 
1115	 0.571682870388031 
1116	 0.571719646453857 
1117	 0.571748435497284 
1118	 0.571772813796997 
1119	 0.57182776927948 
1120	 0.571838617324829 
1121	 0.571826457977295 
1122	 0.571793615818024 
1123	 0.571750462055206 
1124	 0.571675956249237 
1125	 0.571579575538635 
1126	 0.57146954536438 
1127	 0.571323037147522 
1128	 0.571138143539429 
1129	 0.570975303649902 
1130	 0.570785820484161 
1131	 0.570541322231293 
1132	 0.570287048816681 
1133	 0.569939911365509 
1134	 0.569528639316559 
1135	 0.569088697433472 
1136	 0.568586468696594 
1137	 0.568077147006989 
1138	 0.567544102668762 
1139	 0.566993713378906 
1140	 0.566414058208466 
1141	 0.565859317779541 
1142	 0.565258979797363 
1143	 0.564619123935699 
1144	 0.563998758792877 
1145	 0.563316226005554 
1146	 0.562605142593384 
1147	 0.561816692352295 
1148	 0.560915648937225 
1149	 0.559994518756866 
1150	 0.558983027935028 
1151	 0.557906627655029 
1152	 0.556707262992859 
1153	 0.55541205406189 
1154	 0.554002404212952 
1155	 0.552458584308624 
1156	 0.55085414648056 
1157	 0.549095034599304 
1158	 0.547423601150513 
1159	 0.545681238174438 
1160	 0.543996214866638 
1161	 0.542417049407959 
1162	 0.540880501270294 
1163	 0.539531052112579 
1164	 0.53839373588562 
1165	 0.537537395954132 
1166	 0.537005960941315 
1167	 0.536789178848267 
1168	 0.536853492259979 
1169	 0.537129580974579 
1170	 0.537777662277222 
1171	 0.538402915000916 
1172	 0.53931200504303 
1173	 0.540042042732239 
1174	 0.540856540203094 
1175	 0.541483879089355 
1176	 0.542058169841766 
1177	 0.542472898960114 
1178	 0.542763113975525 
1179	 0.542929470539093 
1180	 0.542971134185791 
1181	 0.542907953262329 
1182	 0.542742848396301 
1183	 0.542526841163635 
1184	 0.542256534099579 
1185	 0.54192441701889 
1186	 0.541590750217438 
1187	 0.541212916374207 
1188	 0.54085636138916 
1189	 0.540477633476257 
1190	 0.540116429328918 
1191	 0.539761006832123 
1192	 0.539427936077118 
1193	 0.539109826087952 
1194	 0.538787364959717 
1195	 0.538480579853058 
1196	 0.53816419839859 
1197	 0.537825524806976 
1198	 0.537510395050049 
1199	 0.537209630012512 
1200	 0.536944150924683 
1201	 0.536723494529724 
1202	 0.536542236804962 
1203	 0.536420285701752 
1204	 0.536369800567627 
1205	 0.53641140460968 
1206	 0.536518454551697 
1207	 0.536733150482178 
1208	 0.537030458450317 
1209	 0.537439167499542 
1210	 0.537944078445435 
1211	 0.538550198078156 
1212	 0.539288222789764 
1213	 0.540083944797516 
1214	 0.540974259376526 
1215	 0.54192852973938 
1216	 0.542966485023499 
1217	 0.544046759605408 
1218	 0.545217216014862 
1219	 0.546399712562561 
1220	 0.547619938850403 
1221	 0.548942625522614 
1222	 0.550208866596222 
1223	 0.551504969596863 
1224	 0.552748203277588 
1225	 0.553981900215149 
1226	 0.555129587650299 
1227	 0.556246221065521 
1228	 0.557292997837067 
1229	 0.558269441127777 
1230	 0.559205591678619 
1231	 0.560099482536316 
1232	 0.560933291912079 
1233	 0.561702787876129 
1234	 0.562418401241302 
1235	 0.56306380033493 
1236	 0.563688635826111 
1237	 0.564254283905029 
1238	 0.564809799194336 
1239	 0.56535530090332 
1240	 0.565852701663971 
1241	 0.566320240497589 
1242	 0.566742837429047 
1243	 0.567133009433746 
1244	 0.567471861839294 
1245	 0.567803502082825 
1246	 0.568101406097412 
1247	 0.568398416042328 
1248	 0.568685710430145 
1249	 0.568944275379181 
1250	 0.569185078144073 
1251	 0.569407284259796 
1252	 0.569592595100403 
1253	 0.569782912731171 
1254	 0.569983124732971 
1255	 0.570142567157745 
1256	 0.570273995399475 
1257	 0.570399105548859 
1258	 0.570479273796082 
1259	 0.570579290390015 
1260	 0.570695817470551 
1261	 0.57079541683197 
1262	 0.570895791053772 
1263	 0.570977509021759 
1264	 0.571062982082367 
1265	 0.571130216121674 
1266	 0.571216464042664 
1267	 0.571323573589325 
1268	 0.57139527797699 
1269	 0.571445882320404 
1270	 0.571520626544952 
1271	 0.57157951593399 
1272	 0.571659862995148 
1273	 0.571788907051086 
1274	 0.571867704391479 
1275	 0.571906387805939 
1276	 0.571981906890869 
1277	 0.572036921977997 
1278	 0.572130024433136 
1279	 0.572267770767212 
1280	 0.572400867938995 
1281	 0.572570443153381 
1282	 0.572705209255219 
1283	 0.572826385498047 
1284	 0.572945117950439 
1285	 0.573052883148193 
1286	 0.573130488395691 
1287	 0.573235392570496 
1288	 0.573361933231354 
1289	 0.573449552059174 
1290	 0.573525011539459 
1291	 0.573596656322479 
1292	 0.573653936386108 
1293	 0.573695838451386 
1294	 0.573744356632233 
1295	 0.573755085468292 
1296	 0.573726952075958 
1297	 0.573701858520508 
1298	 0.573663830757141 
1299	 0.573613703250885 
1300	 0.573558866977692 
1301	 0.57348358631134 
1302	 0.573385417461395 
1303	 0.573284447193146 
1304	 0.573190152645111 
1305	 0.573055803775787 
1306	 0.572894990444183 
1307	 0.572726309299469 
1308	 0.572540760040283 
1309	 0.572319507598877 
1310	 0.572097837924957 
1311	 0.571876287460327 
1312	 0.571625888347626 
1313	 0.571352958679199 
1314	 0.571065068244934 
1315	 0.570770084857941 
1316	 0.570438504219055 
1317	 0.570092678070068 
1318	 0.569699287414551 
1319	 0.569283485412598 
1320	 0.568812310695648 
1321	 0.568299233913422 
1322	 0.567743897438049 
1323	 0.567180573940277 
1324	 0.566506922245026 
1325	 0.565778434276581 
1326	 0.564967751502991 
1327	 0.564086496829987 
1328	 0.56310361623764 
1329	 0.562028408050537 
1330	 0.560902297496796 
1331	 0.559674561023712 
1332	 0.558409333229065 
1333	 0.557100534439087 
1334	 0.555723071098328 
1335	 0.554391324520111 
1336	 0.552984774112701 
1337	 0.551733613014221 
1338	 0.550512731075287 
1339	 0.549441397190094 
1340	 0.548441290855408 
1341	 0.547592878341675 
1342	 0.546875476837158 
1343	 0.546240627765656 
1344	 0.545744061470032 
1345	 0.545274972915649 
1346	 0.544897258281708 
1347	 0.54454094171524 
1348	 0.544268548488617 
1349	 0.543960690498352 
1350	 0.543692409992218 
1351	 0.543385803699493 
1352	 0.543072640895844 
1353	 0.542723834514618 
1354	 0.542365252971649 
1355	 0.541964828968048 
1356	 0.541524291038513 
1357	 0.541060745716095 
1358	 0.540567100048065 
1359	 0.54004693031311 
1360	 0.539513051509857 
1361	 0.538936138153076 
1362	 0.538313150405884 
1363	 0.537683725357056 
1364	 0.536951243877411 
1365	 0.536180973052979 
1366	 0.535286605358124 
1367	 0.534311532974243 
1368	 0.533233940601349 
1369	 0.532074332237244 
1370	 0.530787706375122 
1371	 0.529414057731628 
1372	 0.527912795543671 
1373	 0.526327669620514 
1374	 0.524550497531891 
1375	 0.522651493549347 
1376	 0.52055960893631 
1377	 0.51833188533783 
1378	 0.515836834907532 
1379	 0.513145446777344 
1380	 0.510252714157104 
1381	 0.507135570049286 
1382	 0.503802239894867 
1383	 0.500205099582672 
1384	 0.496527940034866 
1385	 0.492561519145966 
1386	 0.488657563924789 
1387	 0.484527170658112 
1388	 0.480714976787567 
1389	 0.476843237876892 
1390	 0.473349124193192 
1391	 0.470188587903976 
1392	 0.467131346464157 
1393	 0.464566230773926 
1394	 0.462266653776169 
1395	 0.460215955972672 
1396	 0.458613067865372 
1397	 0.456864267587662 
1398	 0.455382823944092 
1399	 0.453544616699219 
1400	 0.451744973659515 
1401	 0.449527859687805 
1402	 0.447126656770706 
1403	 0.444338738918304 
1404	 0.441220045089722 
1405	 0.437902122735977 
1406	 0.434263646602631 
1407	 0.430447667837143 
1408	 0.426331847906113 
1409	 0.422175377607346 
1410	 0.417760699987412 
1411	 0.413377493619919 
1412	 0.408856093883514 
1413	 0.404494643211365 
1414	 0.400040954351425 
1415	 0.395811706781387 
1416	 0.391631633043289 
1417	 0.387726277112961 
1418	 0.383923947811127 
1419	 0.380449116230011 
1420	 0.377153068780899 
1421	 0.374301731586456 
1422	 0.371683418750763 
1423	 0.369562804698944 
1424	 0.367906868457794 
1425	 0.366599023342133 
1426	 0.365764379501343 
1427	 0.365484446287155 
1428	 0.365754455327988 
1429	 0.36651486158371 
1430	 0.367774397134781 
1431	 0.369576990604401 
1432	 0.371810913085938 
1433	 0.374583810567856 
1434	 0.377638161182404 
1435	 0.381198853254318 
1436	 0.384929627180099 
1437	 0.389063477516174 
1438	 0.393159151077271 
1439	 0.397568106651306 
1440	 0.401819825172424 
1441	 0.406194508075714 
1442	 0.41033336520195 
1443	 0.414460778236389 
1444	 0.418361246585846 
1445	 0.422093391418457 
1446	 0.425614595413208 
1447	 0.428997099399567 
1448	 0.432149440050125 
1449	 0.43509903550148 
1450	 0.437830179929733 
1451	 0.440341055393219 
1452	 0.442673951387405 
1453	 0.444780737161636 
1454	 0.446697771549225 
1455	 0.448428392410278 
1456	 0.449981719255447 
1457	 0.451338738203049 
1458	 0.452513158321381 
1459	 0.453528553247452 
1460	 0.454329311847687 
1461	 0.454915225505829 
1462	 0.455308973789215 
1463	 0.455540806055069 
1464	 0.455519527196884 
1465	 0.455275386571884 
1466	 0.454806417226791 
1467	 0.454097032546997 
1468	 0.453161031007767 
1469	 0.452002674341202 
1470	 0.450836390256882 
1471	 0.449729770421982 
1472	 0.448414832353592 
1473	 0.447640895843506 
1474	 0.446912556886673 
1475	 0.44689267873764 
1476	 0.447243899106979 
1477	 0.448208659887314 
1478	 0.449804067611694 
1479	 0.45164155960083 
1480	 0.454097032546997 
1481	 0.456483602523804 
1482	 0.459312230348587 
1483	 0.461786448955536 
1484	 0.464367866516113 
1485	 0.466609656810761 
1486	 0.468663990497589 
1487	 0.470488518476486 
1488	 0.472088694572449 
1489	 0.47353732585907 
1490	 0.474727213382721 
1491	 0.475862473249435 
1492	 0.476829171180725 
1493	 0.477760940790176 
1494	 0.478566557168961 
1495	 0.479352325201035 
1496	 0.480065405368805 
1497	 0.480769813060761 
1498	 0.481431990861893 
1499	 0.482074618339539 
1500	 0.48269459605217 
1501	 0.483291953802109 
1502	 0.48384952545166 
1503	 0.484401911497116 
1504	 0.484927743673325 
1505	 0.485461056232452 
1506	 0.485998302698135 
1507	 0.486513406038284 
1508	 0.487018495798111 
1509	 0.487517714500427 
1510	 0.487994790077209 
1511	 0.488468140363693 
1512	 0.488939940929413 
1513	 0.489406764507294 
1514	 0.489851802587509 
1515	 0.490312397480011 
1516	 0.490779608488083 
1517	 0.491249740123749 
1518	 0.491736471652985 
1519	 0.492209732532501 
1520	 0.492695957422256 
1521	 0.493142306804657 
1522	 0.493577122688293 
1523	 0.494047939777374 
1524	 0.494503557682037 
1525	 0.494962841272354 
1526	 0.495410948991776 
1527	 0.495861977338791 
1528	 0.496283501386642 
1529	 0.496681839227676 
1530	 0.497095823287964 
1531	 0.497498154640198 
1532	 0.497909843921661 
1533	 0.498331874608994 
1534	 0.498751312494278 
1535	 0.499174982309341 
1536	 0.499574452638626 
1537	 0.499971151351929 
1538	 0.500357806682587 
1539	 0.500720620155334 
1540	 0.501090705394745 
1541	 0.501469314098358 
1542	 0.501827120780945 
1543	 0.502171754837036 
1544	 0.502507984638214 
1545	 0.502834141254425 
1546	 0.503152906894684 
1547	 0.503471255302429 
1548	 0.503757357597351 
1549	 0.504024803638458 
1550	 0.504281878471375 
1551	 0.50451397895813 
1552	 0.504738569259644 
1553	 0.504949271678925 
1554	 0.505163311958313 
1555	 0.505366981029511 
1556	 0.505564391613007 
1557	 0.505771934986115 
1558	 0.505951821804047 
1559	 0.506107985973358 
1560	 0.50626128911972 
1561	 0.50639796257019 
1562	 0.506538331508636 
1563	 0.506666541099548 
1564	 0.506807148456573 
1565	 0.506961107254028 
1566	 0.507096707820892 
1567	 0.507216155529022 
1568	 0.507360398769379 
1569	 0.507497072219849 
1570	 0.507655799388886 
1571	 0.507852852344513 
1572	 0.508030891418457 
1573	 0.508217394351959 
1574	 0.508382320404053 
1575	 0.508539259433746 
1576	 0.508683323860168 
1577	 0.508789300918579 
1578	 0.508930802345276 
1579	 0.509066998958588 
1580	 0.509235739707947 
1581	 0.50944459438324 
1582	 0.509644567966461 
1583	 0.509860634803772 
1584	 0.510073602199554 
1585	 0.510280966758728 
1586	 0.510500490665436 
1587	 0.510722756385803 
1588	 0.510960042476654 
1589	 0.511221826076508 
1590	 0.511467158794403 
1591	 0.511722683906555 
1592	 0.511961221694946 
1593	 0.512179970741272 
1594	 0.512402474880219 
1595	 0.512620687484741 
1596	 0.512837052345276 
1597	 0.513046383857727 
1598	 0.513260841369629 
1599	 0.513480424880981 
1600	 0.513692319393158 
1601	 0.513914585113525 
1602	 0.514115571975708 
1603	 0.514299929141998 
1604	 0.514476537704468 
1605	 0.514643907546997 
1606	 0.514796316623688 
1607	 0.514937043190002 
1608	 0.515068411827087 
1609	 0.51517927646637 
1610	 0.515289545059204 
1611	 0.515391647815704 
1612	 0.515494644641876 
1613	 0.515597283840179 
1614	 0.515691518783569 
1615	 0.515799343585968 
1616	 0.515870213508606 
1617	 0.515932381153107 
1618	 0.515955746173859 
1619	 0.515927672386169 
1620	 0.515901386737823 
1621	 0.515856564044952 
1622	 0.51579487323761 
1623	 0.515711903572083 
1624	 0.51563572883606 
1625	 0.515542924404144 
1626	 0.515451908111572 
1627	 0.515374720096588 
1628	 0.515283703804016 
1629	 0.515182793140411 
1630	 0.515073239803314 
1631	 0.51496297121048 
1632	 0.514832735061646 
1633	 0.514680802822113 
1634	 0.514526128768921 
1635	 0.514344573020935 
1636	 0.514187395572662 
1637	 0.514042496681213 
1638	 0.513893842697144 
1639	 0.513774454593658 
1640	 0.51361483335495 
1641	 0.513451755046844 
1642	 0.513242185115814 
1643	 0.512991428375244 
1644	 0.512722373008728 
1645	 0.512420952320099 
1646	 0.512097656726837 
1647	 0.511737048625946 
1648	 0.511382699012756 
1649	 0.511026203632355 
1650	 0.510625958442688 
1651	 0.510223567485809 
1652	 0.509781301021576 
1653	 0.509303092956543 
1654	 0.508773982524872 
1655	 0.508222579956055 
1656	 0.507600009441376 
1657	 0.506918668746948 
1658	 0.506169557571411 
1659	 0.505349695682526 
1660	 0.50449937582016 
1661	 0.503605306148529 
1662	 0.502632617950439 
1663	 0.501591265201569 
1664	 0.500503420829773 
1665	 0.499362230300903 
1666	 0.498124897480011 
1667	 0.496855407953262 
1668	 0.495482891798019 
1669	 0.494006216526031 
1670	 0.492433965206146 
1671	 0.490773051977158 
1672	 0.489010393619537 
1673	 0.487127184867859 
1674	 0.485169470310211 
1675	 0.483145505189896 
1676	 0.481034845113754 
1677	 0.478835374116898 
1678	 0.476547747850418 
1679	 0.474139124155045 
1680	 0.471667468547821 
1681	 0.469102889299393 
1682	 0.466476559638977 
1683	 0.463784545660019 
1684	 0.461079448461533 
1685	 0.458317548036575 
1686	 0.455506265163422 
1687	 0.452606648206711 
1688	 0.449721068143845 
1689	 0.446791440248489 
1690	 0.443855971097946 
1691	 0.440946042537689 
1692	 0.438057988882065 
1693	 0.435158550739288 
1694	 0.4322489798069 
1695	 0.429361611604691 
1696	 0.426381558179855 
1697	 0.423351883888245 
1698	 0.420264184474945 
1699	 0.417123883962631 
1700	 0.414051085710526 
1701	 0.41090914607048 
1702	 0.407902717590332 
1703	 0.404895961284637 
1704	 0.402078092098236 
1705	 0.399359405040741 
1706	 0.396729350090027 
1707	 0.394408315420151 
1708	 0.392199873924255 
1709	 0.390107870101929 
1710	 0.388194769620895 
1711	 0.386273801326752 
1712	 0.384440124034882 
1713	 0.382632672786713 
1714	 0.3808214366436 
1715	 0.379173845052719 
1716	 0.377497643232346 
1717	 0.375849783420563 
1718	 0.374272912740707 
1719	 0.372663557529449 
1720	 0.371177315711975 
1721	 0.369814842939377 
1722	 0.368576616048813 
1723	 0.367587834596634 
1724	 0.366762667894363 
1725	 0.366136878728867 
1726	 0.365829020738602 
1727	 0.365788012742996 
1728	 0.366035908460617 
1729	 0.36663693189621 
1730	 0.367555648088455 
1731	 0.36864572763443 
1732	 0.369977444410324 
1733	 0.371400147676468 
1734	 0.372870177030563 
1735	 0.374421238899231 
1736	 0.375859022140503 
1737	 0.377167671918869 
1738	 0.378311663866043 
1739	 0.379186153411865 
1740	 0.379888087511063 
1741	 0.380314707756042 
1742	 0.380443811416626 
1743	 0.380407929420471 
1744	 0.380101203918457 
1745	 0.379676073789597 
1746	 0.379027783870697 
1747	 0.378353357315063 
1748	 0.377505421638489 
1749	 0.376701205968857 
1750	 0.375817716121674 
1751	 0.374998956918716 
1752	 0.374152839183807 
1753	 0.373425334692001 
1754	 0.37274757027626 
1755	 0.372215569019318 
1756	 0.371760845184326 
1757	 0.371476292610168 
1758	 0.371302485466003 
1759	 0.37130931019783 
1760	 0.37154558300972 
1761	 0.371987760066986 
1762	 0.37259179353714 
1763	 0.373398870229721 
1764	 0.374358713626862 
1765	 0.375509828329086 
1766	 0.37690195441246 
1767	 0.378361642360687 
1768	 0.379914194345474 
1769	 0.381512641906738 
1770	 0.383004039525986 
1771	 0.38451161980629 
1772	 0.38595125079155 
1773	 0.387260228395462 
1774	 0.388566374778748 
1775	 0.3897505402565 
1776	 0.390875577926636 
1777	 0.39195704460144 
1778	 0.392862915992737 
1779	 0.393738925457001 
1780	 0.394582062959671 
1781	 0.395347237586975 
1782	 0.396187633275986 
1783	 0.396992325782776 
1784	 0.397742211818695 
1785	 0.398493558168411 
1786	 0.399162918329239 
1787	 0.399780541658401 
1788	 0.400402694940567 
1789	 0.400960236787796 
1790	 0.401549190282822 
1791	 0.402160674333572 
1792	 0.402746379375458 
1793	 0.403308689594269 
1794	 0.403893768787384 
1795	 0.404458224773407 
1796	 0.405031561851501 
1797	 0.405632168054581 
1798	 0.406220108270645 
1799	 0.4068443775177 
1800	 0.407520353794098 
1801	 0.402327030897141 
1802	 0.403249651193619 
1803	 0.404140561819077 
1804	 0.405023723840714 
1805	 0.405990064144135 
1806	 0.406848847866058 
1807	 0.407713204622269 
1808	 0.40850156545639 
1809	 0.409217953681946 
1810	 0.409912407398224 
1811	 0.41057825088501 
1812	 0.411208003759384 
1813	 0.4117631316185 
1814	 0.412364900112152 
1815	 0.412936866283417 
1816	 0.413471311330795 
1817	 0.414032250642776 
1818	 0.414624154567719 
1819	 0.415154725313187 
1820	 0.415677517652512 
1821	 0.416169464588165 
1822	 0.416631996631622 
1823	 0.417068541049957 
1824	 0.41746187210083 
1825	 0.417839080095291 
1826	 0.418161123991013 
1827	 0.418422222137451 
1828	 0.418668836355209 
1829	 0.418895870447159 
1830	 0.41907474398613 
1831	 0.419205129146576 
1832	 0.419330656528473 
1833	 0.419426828622818 
1834	 0.419484525918961 
1835	 0.419508248567581 
1836	 0.419521927833557 
1837	 0.419527441263199 
1838	 0.419489800930023 
1839	 0.419475853443146 
1840	 0.419477581977844 
1841	 0.419461131095886 
1842	 0.419435828924179 
1843	 0.419410079717636 
1844	 0.419379383325577 
1845	 0.419335693120956 
1846	 0.419295966625214 
1847	 0.419230341911316 
1848	 0.419135957956314 
1849	 0.419047862291336 
1850	 0.418880343437195 
1851	 0.418665498495102 
1852	 0.418419301509857 
1853	 0.418114930391312 
1854	 0.41776368021965 
1855	 0.417340368032455 
1856	 0.416886299848557 
1857	 0.416358888149261 
1858	 0.415715843439102 
1859	 0.415044248104095 
1860	 0.414340287446976 
1861	 0.413524061441422 
1862	 0.412618309259415 
1863	 0.41170197725296 
1864	 0.410664111375809 
1865	 0.409547090530396 
1866	 0.40831646323204 
1867	 0.406899124383926 
1868	 0.405420899391174 
1869	 0.403781205415726 
1870	 0.402060180902481 
1871	 0.400263726711273 
1872	 0.39840841293335 
1873	 0.396461457014084 
1874	 0.394454896450043 
1875	 0.392396539449692 
1876	 0.390016674995422 
1877	 0.387557953596115 
1878	 0.384864002466202 
1879	 0.38187450170517 
1880	 0.378926753997803 
1881	 0.375681430101395 
1882	 0.372184455394745 
1883	 0.368529975414276 
1884	 0.364666908979416 
1885	 0.360266387462616 
1886	 0.355796605348587 
1887	 0.350937813520432 
1888	 0.345685660839081 
1889	 0.34059876203537 
1890	 0.335071384906769 
1891	 0.329392373561859 
1892	 0.323598623275757 
1893	 0.317301154136658 
1894	 0.310489892959595 
1895	 0.303704798221588 
1896	 0.29646623134613 
1897	 0.288817673921585 
1898	 0.281544089317322 
1899	 0.27374330163002 
1900	 0.26586726307869 
1901	 0.257962733507156 
1902	 0.249228000640869 
1903	 0.24062292277813 
1904	 0.231905624270439 
1905	 0.222904562950134 
1906	 0.213769569993019 
1907	 0.205392599105835 
1908	 0.196724951267242 
1909	 0.188371583819389 
1910	 0.18044476211071 
1911	 0.172282382845879 
1912	 0.164783701300621 
1913	 0.15790981054306 
1914	 0.151608914136887 
1915	 0.146582543849945 
1916	 0.142624646425247 
1917	 0.139595419168472 
1918	 0.137547627091408 
1919	 0.137005835771561 
1920	 0.137600243091583 
1921	 0.139434278011322 
1922	 0.142631590366364 
1923	 0.147140666842461 
1924	 0.15219821035862 
1925	 0.158254593610764 
1926	 0.164553582668304 
1927	 0.171495884656906 
1928	 0.17853082716465 
1929	 0.186269164085388 
1930	 0.193568289279938 
1931	 0.200845181941986 
1932	 0.207825779914856 
1933	 0.213904157280922 
1934	 0.219716593623161 
1935	 0.225132495164871 
1936	 0.229911804199219 
1937	 0.234596088528633 
1938	 0.238996505737305 
1939	 0.243060290813446 
1940	 0.246823504567146 
1941	 0.250428080558777 
1942	 0.253505408763886 
1943	 0.256598830223084 
1944	 0.259519010782242 
1945	 0.262239396572113 
1946	 0.265045434236526 
1947	 0.26763254404068 
1948	 0.270117253065109 
1949	 0.27253857254982 
1950	 0.274766266345978 
1951	 0.276780962944031 
1952	 0.278789639472961 
1953	 0.280683249235153 
1954	 0.282461941242218 
1955	 0.284306049346924 
1956	 0.286032766103745 
1957	 0.287733912467957 
1958	 0.289404153823853 
1959	 0.290885627269745 
1960	 0.292368352413177 
1961	 0.293801367282867 
1962	 0.295128494501114 
1963	 0.296485841274261 
1964	 0.297846168279648 
1965	 0.299140959978104 
1966	 0.300402939319611 
1967	 0.301668167114258 
1968	 0.302813351154327 
1969	 0.303981304168701 
1970	 0.305110812187195 
1971	 0.306184500455856 
1972	 0.3073391020298 
1973	 0.308462977409363 
1974	 0.309587389230728 
1975	 0.310760974884033 
1976	 0.311866283416748 
1977	 0.312911331653595 
1978	 0.313987880945206 
1979	 0.315048038959503 
1980	 0.316093176603317 
1981	 0.317221909761429 
1982	 0.318304419517517 
1983	 0.319412112236023 
1984	 0.320553839206696 
1985	 0.321588456630707 
1986	 0.322656393051147 
1987	 0.323689013719559 
1988	 0.324658930301666 
1989	 0.325662463903427 
1990	 0.326693087816238 
1991	 0.327671855688095 
1992	 0.328645527362823 
1993	 0.329616993665695 
1994	 0.330463320016861 
1995	 0.331308633089066 
1996	 0.332103103399277 
1997	 0.332822352647781 
1998	 0.333569645881653 
1999	 0.3343206346035 
2000	 0.335007607936859 
2001	 0.335693359375 
2002	 0.336315214633942 
2003	 0.33688148856163 
2004	 0.33740958571434 
2005	 0.33788201212883 
2006	 0.338328689336777 
2007	 0.338749259710312 
2008	 0.339102149009705 
2009	 0.339426338672638 
2010	 0.339712619781494 
2011	 0.339927464723587 
2012	 0.340108841657639 
2013	 0.340234756469727 
2014	 0.340325653553009 
2015	 0.34034076333046 
2016	 0.34030082821846 
2017	 0.340188473463058 
2018	 0.340001165866852 
2019	 0.339760392904282 
2020	 0.339461773633957 
2021	 0.339085042476654 
2022	 0.338664412498474 
2023	 0.338190406560898 
2024	 0.337604641914368 
2025	 0.336989313364029 
2026	 0.336306750774384 
2027	 0.33551436662674 
2028	 0.334739685058594 
2029	 0.333927839994431 
2030	 0.333097964525223 
2031	 0.332255691289902 
2032	 0.331384003162384 
2033	 0.330457538366318 
2034	 0.329555809497833 
2035	 0.328630894422531 
2036	 0.327707260847092 
2037	 0.326860725879669 
2038	 0.325983852148056 
2039	 0.325135201215744 
2040	 0.324320942163467 
2041	 0.323495745658875 
2042	 0.322657406330109 
2043	 0.321865260601044 
2044	 0.321062654256821 
2045	 0.320334583520889 
2046	 0.319659173488617 
2047	 0.319007277488709 
2048	 0.318400233983994 
2049	 0.317832171916962 
2050	 0.317272901535034 
2051	 0.316792368888855 
2052	 0.316358864307404 
2053	 0.315991848707199 
2054	 0.315693378448486 
2055	 0.315463572740555 
2056	 0.315281927585602 
2057	 0.315179347991943 
2058	 0.315105468034744 
2059	 0.315088331699371 
2060	 0.315098851919174 
2061	 0.315154790878296 
2062	 0.315237730741501 
2063	 0.315350472927094 
2064	 0.315502822399139 
2065	 0.315708816051483 
2066	 0.315925151109695 
2067	 0.316161513328552 
2068	 0.31641685962677 
2069	 0.316642671823502 
2070	 0.316862165927887 
2071	 0.317070126533508 
2072	 0.317270487546921 
2073	 0.317454785108566 
2074	 0.31764754652977 
2075	 0.317782759666443 
2076	 0.317896127700806 
2077	 0.317965388298035 
2078	 0.317982345819473 
2079	 0.317980051040649 
2080	 0.317964196205139 
2081	 0.317890822887421 
2082	 0.317793190479279 
2083	 0.317638248205185 
2084	 0.317386299371719 
2085	 0.317082613706589 
2086	 0.316709995269775 
2087	 0.316233336925507 
2088	 0.315759360790253 
2089	 0.31522336602211 
2090	 0.314690262079239 
2091	 0.314133614301682 
2092	 0.313566744327545 
2093	 0.312944710254669 
2094	 0.312385529279709 
2095	 0.311796754598618 
2096	 0.311289221048355 
2097	 0.310840636491776 
2098	 0.310442119836807 
2099	 0.310090303421021 
2100	 0.30977064371109 
2101	 0.309445381164551 
2102	 0.309146881103516 
2103	 0.308855324983597 
2104	 0.308563023805618 
2105	 0.308295637369156 
2106	 0.308079332113266 
2107	 0.307807207107544 
2108	 0.307546019554138 
2109	 0.307236313819885 
2110	 0.306875824928284 
2111	 0.30651843547821 
2112	 0.306136250495911 
2113	 0.305746823549271 
2114	 0.305358976125717 
2115	 0.304938554763794 
2116	 0.304495751857758 
2117	 0.304045885801315 
2118	 0.303548544645309 
2119	 0.303010374307632 
2120	 0.302480459213257 
2121	 0.301909476518631 
2122	 0.301365554332733 
2123	 0.30084353685379 
2124	 0.300281286239624 
2125	 0.299709141254425 
2126	 0.299123227596283 
2127	 0.298507034778595 
2128	 0.297897338867188 
2129	 0.297272473573685 
2130	 0.296657800674438 
2131	 0.296041280031204 
2132	 0.29542750120163 
2133	 0.294823378324509 
2134	 0.294228345155716 
2135	 0.293586075305939 
2136	 0.292967796325684 
2137	 0.292321562767029 
2138	 0.291637301445007 
2139	 0.290993899106979 
2140	 0.290365964174271 
2141	 0.289719074964523 
2142	 0.289077997207642 
2143	 0.288442879915237 
2144	 0.287785351276398 
2145	 0.287163197994232 
2146	 0.286554008722305 
2147	 0.28597104549408 
2148	 0.285439550876617 
2149	 0.284866452217102 
2150	 0.284318268299103 
2151	 0.283731549978256 
2152	 0.283091396093369 
2153	 0.282463222742081 
2154	 0.281825721263886 
2155	 0.281174570322037 
2156	 0.280570864677429 
2157	 0.279987901449203 
2158	 0.279400110244751 
2159	 0.278845131397247 
2160	 0.27827325463295 
2161	 0.277673006057739 
2162	 0.27712070941925 
2163	 0.276547402143478 
2164	 0.276074320077896 
2165	 0.275662481784821 
2166	 0.275282561779022 
2167	 0.274991452693939 
2168	 0.274694561958313 
2169	 0.274407207965851 
2170	 0.274156302213669 
2171	 0.273924350738525 
2172	 0.273736149072647 
2173	 0.273607462644577 
2174	 0.273477911949158 
2175	 0.273359954357147 
2176	 0.27326825261116 
2177	 0.273160308599472 
2178	 0.273047924041748 
2179	 0.272926658391953 
2180	 0.272817045450211 
2181	 0.272677093744278 
2182	 0.272512137889862 
2183	 0.272345751523972 
2184	 0.272167056798935 
2185	 0.271980881690979 
2186	 0.271761894226074 
2187	 0.271589279174805 
2188	 0.271404772996902 
2189	 0.271275579929352 
2190	 0.271212220191956 
2191	 0.271128475666046 
2192	 0.271062850952148 
2193	 0.271007239818573 
2194	 0.270950138568878 
2195	 0.270909607410431 
2196	 0.270902961492538 
2197	 0.270882278680801 
2198	 0.270873606204987 
2199	 0.270840644836426 
2200	 0.27079102396965 
2201	 0.270737558603287 
2202	 0.270646393299103 
2203	 0.270520925521851 
2204	 0.270391941070557 
2205	 0.27023908495903 
2206	 0.270078212022781 
2207	 0.269905507564545 
2208	 0.269726097583771 
2209	 0.269525647163391 
2210	 0.269332528114319 
2211	 0.269130438566208 
2212	 0.268941730260849 
2213	 0.268761605024338 
2214	 0.268570601940155 
2215	 0.268410384654999 
2216	 0.268198370933533 
2217	 0.267953485250473 
2218	 0.267699360847473 
2219	 0.267436444759369 
2220	 0.267126470804214 
2221	 0.266775459051132 
2222	 0.266424387693405 
2223	 0.266070485115051 
2224	 0.265623301267624 
2225	 0.265155404806137 
2226	 0.26465305685997 
2227	 0.264026522636414 
2228	 0.263296723365784 
2229	 0.262517094612122 
2230	 0.261642187833786 
2231	 0.260725915431976 
2232	 0.259767562150955 
2233	 0.258695214986801 
2234	 0.257566750049591 
2235	 0.256304621696472 
2236	 0.254916936159134 
2237	 0.253462731838226 
2238	 0.251842588186264 
2239	 0.25026199221611 
2240	 0.248662903904915 
2241	 0.246965572237968 
2242	 0.245279088616371 
2243	 0.243447303771973 
2244	 0.241452664136887 
2245	 0.239454731345177 
2246	 0.237308323383331 
2247	 0.235218241810799 
2248	 0.233159378170967 
2249	 0.231034398078918 
2250	 0.228877767920494 
2251	 0.226766347885132 
2252	 0.224470287561417 
2253	 0.222195699810982 
2254	 0.219899103045464 
2255	 0.217602252960205 
2256	 0.215508282184601 
2257	 0.213374525308609 
2258	 0.211310759186745 
2259	 0.209360361099243 
2260	 0.207348361611366 
2261	 0.205305591225624 
2262	 0.203361108899117 
2263	 0.201407253742218 
2264	 0.199571326375008 
2265	 0.197840422391891 
2266	 0.196127533912659 
2267	 0.194520503282547 
2268	 0.192874923348427 
2269	 0.191229060292244 
2270	 0.189645737409592 
2271	 0.188047334551811 
2272	 0.186540499329567 
2273	 0.185147941112518 
2274	 0.183722048997879 
2275	 0.182363331317902 
2276	 0.180960357189178 
2277	 0.179572194814682 
2278	 0.178130820393562 
2279	 0.176598206162453 
2280	 0.17512121796608 
2281	 0.17367821931839 
2282	 0.172163531184196 
2283	 0.170651480555534 
2284	 0.169143468141556 
2285	 0.167444854974747 
2286	 0.165759950876236 
2287	 0.16401319205761 
2288	 0.162237837910652 
2289	 0.160589218139648 
2290	 0.158819049596786 
2291	 0.157090410590172 
2292	 0.155357867479324 
2293	 0.153454527258873 
2294	 0.151649817824364 
2295	 0.14984056353569 
2296	 0.148095637559891 
2297	 0.146559104323387 
2298	 0.145160987973213 
2299	 0.143892213702202 
2300	 0.142777070403099 
2301	 0.141835808753967 
2302	 0.140982672572136 
2303	 0.140472069382668 
2304	 0.140205889940262 
2305	 0.140183284878731 
2306	 0.140461146831512 
2307	 0.140933856368065 
2308	 0.141628265380859 
2309	 0.14259272813797 
2310	 0.143866822123528 
2311	 0.145275995135307 
2312	 0.147073745727539 
2313	 0.148745775222778 
2314	 0.150596961379051 
2315	 0.152310326695442 
2316	 0.154006794095039 
2317	 0.155575484037399 
2318	 0.157148852944374 
2319	 0.158461168408394 
2320	 0.159660309553146 
2321	 0.160593450069427 
2322	 0.16120457649231 
2323	 0.161753863096237 
2324	 0.16214083135128 
2325	 0.162338495254517 
2326	 0.162392437458038 
2327	 0.162281915545464 
2328	 0.161902859807014 
2329	 0.161457270383835 
2330	 0.160888865590096 
2331	 0.160193935036659 
2332	 0.159402444958687 
2333	 0.158434703946114 
2334	 0.157315954566002 
2335	 0.156110480427742 
2336	 0.154718786478043 
2337	 0.153258919715881 
2338	 0.151861697435379 
2339	 0.150338515639305 
2340	 0.148899644613266 
2341	 0.147539377212524 
2342	 0.146110117435455 
2343	 0.144884705543518 
2344	 0.143819227814674 
2345	 0.142948061227798 
2346	 0.142432630062103 
2347	 0.142225369811058 
2348	 0.142238393425941 
2349	 0.142628774046898 
2350	 0.143266260623932 
2351	 0.144026070833206 
2352	 0.145064011216164 
2353	 0.146211788058281 
2354	 0.147237688302994 
2355	 0.14826300740242 
2356	 0.149151861667633 
2357	 0.149822741746902 
2358	 0.150493636727333 
2359	 0.151012197136879 
2360	 0.151370704174042 
2361	 0.151588514447212 
2362	 0.15159772336483 
2363	 0.151532426476479 
2364	 0.15143133699894 
2365	 0.151272565126419 
2366	 0.151141360402107 
2367	 0.151005536317825 
2368	 0.150810211896896 
2369	 0.150595292448997 
2370	 0.150396898388863 
2371	 0.150182768702507 
2372	 0.150002062320709 
2373	 0.149858459830284 
2374	 0.149660959839821 
2375	 0.149494186043739 
2376	 0.149312630295753 
2377	 0.149126946926117 
2378	 0.148941516876221 
2379	 0.148705020546913 
2380	 0.148508101701736 
2381	 0.148250222206116 
2382	 0.147992327809334 
2383	 0.147747069597244 
2384	 0.14745806157589 
2385	 0.147130683064461 
2386	 0.146826550364494 
2387	 0.146497711539268 
2388	 0.146191135048866 
2389	 0.145907089114189 
2390	 0.145551487803459 
2391	 0.145179569721222 
2392	 0.144779577851295 
2393	 0.144314885139465 
2394	 0.143902316689491 
2395	 0.143520772457123 
2396	 0.143082350492477 
2397	 0.142615839838982 
2398	 0.142157956957817 
2399	 0.141648381948471 
2400	 0.141208499670029 
2401	 0.140829816460609 
2402	 0.140508621931076 
2403	 0.140098854899406 
2404	 0.139612480998039 
2405	 0.13911834359169 
2406	 0.138620972633362 
2407	 0.138031765818596 
2408	 0.137431561946869 
2409	 0.136898308992386 
2410	 0.136272579431534 
2411	 0.135648712515831 
2412	 0.135146453976631 
2413	 0.13455106317997 
2414	 0.133884757757187 
2415	 0.133315086364746 
2416	 0.132707625627518 
2417	 0.132071226835251 
2418	 0.131455585360527 
2419	 0.130764871835709 
2420	 0.130071207880974 
2421	 0.12941300868988 
2422	 0.128741800785065 
2423	 0.12799933552742 
2424	 0.127197325229645 
2425	 0.126374527812004 
2426	 0.12555418908596 
2427	 0.124827608466148 
2428	 0.124169953167439 
2429	 0.12350732088089 
2430	 0.122761860489845 
2431	 0.12203112244606 
2432	 0.121350646018982 
2433	 0.120545111596584 
2434	 0.119789838790894 
2435	 0.119133003056049 
2436	 0.118378855288029 
2437	 0.117655731737614 
2438	 0.116914354264736 
2439	 0.11597054451704 
2440	 0.115093633532524 
2441	 0.114289849996567 
2442	 0.113424427807331 
2443	 0.112688668072224 
2444	 0.111937247216702 
2445	 0.11114601790905 
2446	 0.110468834638596 
2447	 0.109786659479141 
2448	 0.109101533889771 
2449	 0.108424387872219 
2450	 0.107750177383423 
2451	 0.107070490717888 
2452	 0.106364667415619 
2453	 0.105554394423962 
2454	 0.104693479835987 
2455	 0.103989720344543 
2456	 0.103377155959606 
2457	 0.102946296334267 
2458	 0.102689951658249 
2459	 0.102358460426331 
2460	 0.101999185979366 
2461	 0.101636342704296 
2462	 0.101282306015491 
2463	 0.100911393761635 
2464	 0.100436925888062 
2465	 0.10001727938652 
2466	 9.96952056884766E-02 
2467	 9.95105430483818E-02 
2468	 9.94794592261314E-02 
2469	 9.94406193494797E-02 
2470	 9.93295907974243E-02 
2471	 9.91048291325569E-02 
2472	 9.90095064043999E-02 
2473	 9.89335402846336E-02 
2474	 9.86393764615059E-02 
2475	 9.84647572040558E-02 
2476	 9.82740372419357E-02 
2477	 9.81608107686043E-02 
2478	 9.83414351940155E-02 
2479	 9.84332486987114E-02 
2480	 9.84230116009712E-02 
2481	 9.83346477150917E-02 
2482	 9.81068089604378E-02 
2483	 9.80075672268867E-02 
2484	 9.78823229670525E-02 
2485	 9.77936014533043E-02 
2486	 9.77217480540276E-02 
2487	 9.76098924875259E-02 
2488	 9.77014824748039E-02 
2489	 9.78844687342644E-02 
2490	 9.78472307324409E-02 
2491	 9.79853272438049E-02 
2492	 9.82577726244926E-02 
2493	 9.83915254473686E-02 
2494	 0.09870695322752 
2495	 9.90676656365395E-02 
2496	 9.92541611194611E-02 
2497	 9.96049717068672E-02 
2498	 0.100010573863983 
2499	 0.100173056125641 
2500	 0.100259527564049 
