Wavelength	4e.000
350	 6.38925656676292E-02 
351	 6.09504356980324E-02 
352	 0.059646587818861 
353	 5.97437471151352E-02 
354	 5.70811331272125E-02 
355	 5.56811802089214E-02 
356	 5.44753074645996E-02 
357	 5.23803606629372E-02 
358	 5.16767278313637E-02 
359	 5.01223765313625E-02 
360	 4.84480410814285E-02 
361	 4.83814254403114E-02 
362	 4.68823350965977E-02 
363	 4.54717427492142E-02 
364	 4.46743853390217E-02 
365	 4.31541092693806E-02 
366	 4.44296486675739E-02 
367	 4.43569272756577E-02 
368	 4.03821431100369E-02 
369	 4.08548079431057E-02 
370	 4.15063127875328E-02 
371	 4.13159616291523E-02 
372	 4.12301197648048E-02 
373	 4.16074991226196E-02 
374	 4.19815555214882E-02 
375	 4.20449301600456E-02 
376	 4.18641790747643E-02 
377	 4.14067767560482E-02 
378	 4.04972173273563E-02 
379	 3.93216460943222E-02 
380	 3.93381640315056E-02 
381	 4.02127429842949E-02 
382	 3.97212170064449E-02 
383	 3.56727279722691E-02 
384	 3.66919636726379E-02 
385	 3.84797751903534E-02 
386	 3.79532873630524E-02 
387	 3.61227169632912E-02 
388	 3.52743491530418E-02 
389	 3.49806100130081E-02 
390	 0.034529622644186 
391	 0.035641398280859 
392	 0.034979123622179 
393	 3.35243679583073E-02 
394	 3.46491783857346E-02 
395	 3.44312191009521E-02 
396	 3.39128151535988E-02 
397	 3.38250137865543E-02 
398	 3.32627706229687E-02 
399	 3.34624275565147E-02 
400	 3.35874743759632E-02 
401	 0.032693687826395 
402	 3.18002849817276E-02 
403	 3.20891141891479E-02 
404	 3.30250635743141E-02 
405	 3.29201333224773E-02 
406	 3.24310660362244E-02 
407	 3.18536460399628E-02 
408	 3.14402617514133E-02 
409	 0.031514048576355 
410	 0.031267624348402 
411	 3.10006104409695E-02 
412	 3.13055776059628E-02 
413	 3.23713906109333E-02 
414	 3.26886065304279E-02 
415	 3.23833338916302E-02 
416	 3.30101773142815E-02 
417	 3.32757271826267E-02 
418	 3.34267467260361E-02 
419	 3.37261818349361E-02 
420	 3.38016487658024E-02 
421	 3.41243743896484E-02 
422	 3.48252803087235E-02 
423	 3.57558876276016E-02 
424	 3.60273569822311E-02 
425	 3.65307070314884E-02 
426	 3.75242978334427E-02 
427	 3.84019091725349E-02 
428	 0.038953173905611 
429	 3.96041497588158E-02 
430	 4.06272113323212E-02 
431	 4.13600094616413E-02 
432	 4.22532074153423E-02 
433	 4.32780422270298E-02 
434	 4.41730506718159E-02 
435	 4.51646037399769E-02 
436	 4.64058108627796E-02 
437	 4.77571822702885E-02 
438	 4.86270785331726E-02 
439	 4.97643500566483E-02 
440	 5.10653182864189E-02 
441	 0.052252933382988 
442	 5.34478239715099E-02 
443	 5.46272434294224E-02 
444	 0.05579898878932 
445	 5.69943971931934E-02 
446	 5.81169053912163E-02 
447	 5.92109113931656E-02 
448	 6.03597424924374E-02 
449	 6.16827756166458E-02 
450	 6.30935728549957E-02 
451	 6.43730685114861E-02 
452	 6.53472170233727E-02 
453	 0.066406212747097 
454	 6.76623433828354E-02 
455	 6.89395889639854E-02 
456	 6.97968974709511E-02 
457	 7.09829181432724E-02 
458	 7.22247138619423E-02 
459	 7.32151940464973E-02 
460	 7.42728412151337E-02 
461	 7.51224383711815E-02 
462	 7.59280472993851E-02 
463	 7.70173743367195E-02 
464	 7.78252556920052E-02 
465	 0.078707717359066 
466	 0.079718291759491 
467	 8.02703946828842E-02 
468	 8.11839550733566E-02 
469	 8.21232870221138E-02 
470	 8.26535597443581E-02 
471	 0.08343555778265 
472	 8.40586498379707E-02 
473	 8.44932571053505E-02 
474	 8.50148797035217E-02 
475	 8.53488966822624E-02 
476	 8.56811329722404E-02 
477	 0.086094930768013 
478	 8.62804725766182E-02 
479	 8.64488631486893E-02 
480	 8.66370871663094E-02 
481	 8.68271663784981E-02 
482	 0.08710727840662 
483	 8.72551426291466E-02 
484	 8.72447788715363E-02 
485	 0.087294764816761 
486	 8.74456241726875E-02 
487	 8.75083580613136E-02 
488	 8.73944684863091E-02 
489	 8.74864310026169E-02 
490	 8.77033174037933E-02 
491	 8.78797918558121E-02 
492	 8.78508388996124E-02 
493	 8.79661813378334E-02 
494	 8.81382003426552E-02 
495	 8.82802158594131E-02 
496	 8.84001404047012E-02 
497	 8.84850025177002E-02 
498	 8.86404663324356E-02 
499	 8.89134705066681E-02 
500	 8.89213010668755E-02 
501	 8.89624357223511E-02 
502	 8.90839248895645E-02 
503	 8.90949442982674E-02 
504	 8.91106650233269E-02 
505	 8.91059562563896E-02 
506	 8.90378952026367E-02 
507	 8.88698622584343E-02 
508	 8.87213200330734E-02 
509	 8.84979739785194E-02 
510	 8.80723744630814E-02 
511	 8.78025591373444E-02 
512	 8.75226110219955E-02 
513	 8.71358141303062E-02 
514	 8.66968780755997E-02 
515	 8.61386805772781E-02 
516	 8.55977535247803E-02 
517	 8.51984471082687E-02 
518	 8.48406180739403E-02 
519	 8.45087543129921E-02 
520	 8.41979160904884E-02 
521	 8.39143842458725E-02 
522	 8.36910232901573E-02 
523	 8.35214033722878E-02 
524	 0.08342594653368 
525	 8.34993645548821E-02 
526	 0.083608403801918 
527	 8.37821066379547E-02 
528	 8.40881839394569E-02 
529	 8.44577476382256E-02 
530	 8.49035158753395E-02 
531	 8.54530930519104E-02 
532	 8.61409232020378E-02 
533	 8.68838280439377E-02 
534	 8.76710265874863E-02 
535	 8.85156393051147E-02 
536	 8.94498527050018E-02 
537	 9.04500931501389E-02 
538	 9.14606302976608E-02 
539	 9.24220755696297E-02 
540	 9.33964028954506E-02 
541	 9.43756550550461E-02 
542	 9.53579619526863E-02 
543	 9.63764041662216E-02 
544	 9.71950590610504E-02 
545	 9.78874638676643E-02 
546	 9.85902026295662E-02 
547	 9.92337390780449E-02 
548	 9.98378321528435E-02 
549	 0.100368499755859 
550	 0.100746229290962 
551	 0.101036660373211 
552	 0.101261384785175 
553	 0.101434707641602 
554	 0.101568661630154 
555	 0.101701952517033 
556	 0.101792946457863 
557	 0.101791009306908 
558	 0.101881243288517 
559	 0.102022208273411 
560	 0.102198339998722 
561	 0.102461978793144 
562	 0.102769635617733 
563	 0.10317525267601 
564	 0.103737756609917 
565	 0.104446090757847 
566	 0.105209663510323 
567	 0.106052979826927 
568	 0.107082843780518 
569	 0.10827662050724 
570	 0.109603688120842 
571	 0.111057095229626 
572	 0.112690322101116 
573	 0.114443935453892 
574	 0.11627484858036 
575	 0.11818140745163 
576	 0.120323657989502 
577	 0.122655943036079 
578	 0.12516762316227 
579	 0.127898931503296 
580	 0.1307183355093 
581	 0.133651673793793 
582	 0.136745497584343 
583	 0.139942556619644 
584	 0.143284842371941 
585	 0.146789327263832 
586	 0.150452047586441 
587	 0.154237270355225 
588	 0.158160850405693 
589	 0.162212789058685 
590	 0.166308239102364 
591	 0.170393139123917 
592	 0.174525991082191 
593	 0.178764298558235 
594	 0.182947248220444 
595	 0.187157571315765 
596	 0.191407039761543 
597	 0.195623368024826 
598	 0.199843257665634 
599	 0.204075872898102 
600	 0.208325430750847 
601	 0.212549433112144 
602	 0.216835707426071 
603	 0.221114158630371 
604	 0.225260466337204 
605	 0.229356750845909 
606	 0.233371615409851 
607	 0.23734450340271 
608	 0.241396605968475 
609	 0.245286449790001 
610	 0.249083757400513 
611	 0.252890110015869 
612	 0.256575375795364 
613	 0.260248988866806 
614	 0.263885349035263 
615	 0.267390996217728 
616	 0.270876079797745 
617	 0.27425616979599 
618	 0.277523636817932 
619	 0.280859529972076 
620	 0.284165501594543 
621	 0.287381589412689 
622	 0.290481060743332 
623	 0.293541103601456 
624	 0.296582043170929 
625	 0.299558043479919 
626	 0.302379846572876 
627	 0.305239230394363 
628	 0.308054774999619 
629	 0.310748875141144 
630	 0.313374072313309 
631	 0.316030651330948 
632	 0.318651705980301 
633	 0.321109563112259 
634	 0.323514133691788 
635	 0.325918018817902 
636	 0.328311920166016 
637	 0.330611020326614 
638	 0.332871198654175 
639	 0.335044860839844 
640	 0.337112218141556 
641	 0.3392214179039 
642	 0.341226935386658 
643	 0.343170464038849 
644	 0.345194786787033 
645	 0.347186177968979 
646	 0.349011152982712 
647	 0.35068467259407 
648	 0.352466106414795 
649	 0.354230165481567 
650	 0.355946630239487 
651	 0.357603371143341 
652	 0.359146893024445 
653	 0.360621780157089 
654	 0.362091809511185 
655	 0.363620519638062 
656	 0.365125566720963 
657	 0.366502851247787 
658	 0.367750525474548 
659	 0.369082063436508 
660	 0.37041312456131 
661	 0.371679425239563 
662	 0.37284380197525 
663	 0.37400871515274 
664	 0.375121653079987 
665	 0.376204490661621 
666	 0.377354800701141 
667	 0.378465801477432 
668	 0.379472136497498 
669	 0.38037583231926 
670	 0.381317675113678 
671	 0.382311582565308 
672	 0.383265167474747 
673	 0.384076356887817 
674	 0.384945183992386 
675	 0.385836243629456 
676	 0.386689811944962 
677	 0.387446224689484 
678	 0.388055860996246 
679	 0.388777881860733 
680	 0.389737457036972 
681	 0.390443563461304 
682	 0.39110803604126 
683	 0.391759723424912 
684	 0.392346441745758 
685	 0.393006533384323 
686	 0.393613547086716 
687	 0.394165754318237 
688	 0.394874334335327 
689	 0.395558536052704 
690	 0.396128416061401 
691	 0.396564722061157 
692	 0.396963775157928 
693	 0.397518634796143 
694	 0.398200362920761 
695	 0.39883103966713 
696	 0.399344682693481 
697	 0.399768888950348 
698	 0.400165051221848 
699	 0.400618225336075 
700	 0.401161730289459 
701	 0.401662915945053 
702	 0.40203645825386 
703	 0.402574926614761 
704	 0.403051316738129 
705	 0.403430044651031 
706	 0.40381395816803 
707	 0.404175877571106 
708	 0.404653608798981 
709	 0.40521764755249 
710	 0.405524671077728 
711	 0.405973315238953 
712	 0.406417697668076 
713	 0.406667828559875 
714	 0.407030522823334 
715	 0.407431602478027 
716	 0.407857537269592 
717	 0.408326297998428 
718	 0.408659040927887 
719	 0.408960044384003 
720	 0.409300029277802 
721	 0.409622579813004 
722	 0.409954339265823 
723	 0.410252571105957 
724	 0.4105024933815 
725	 0.410881161689758 
726	 0.411256164312363 
727	 0.411571800708771 
728	 0.411844551563263 
729	 0.412178486585617 
730	 0.412455707788467 
731	 0.412640988826752 
732	 0.412878781557083 
733	 0.413159817457199 
734	 0.41346749663353 
735	 0.413771718740463 
736	 0.414018660783768 
737	 0.414280772209167 
738	 0.414499878883362 
739	 0.414565414190292 
740	 0.414728432893753 
741	 0.414983332157135 
742	 0.415229767560959 
743	 0.41527858376503 
744	 0.415505349636078 
745	 0.415846705436707 
746	 0.416123479604721 
747	 0.41619136929512 
748	 0.416378349065781 
749	 0.416675627231598 
750	 0.416882246732712 
751	 0.417004615068436 
752	 0.417158603668213 
753	 0.417398542165756 
754	 0.417681336402893 
755	 0.41792505979538 
756	 0.41812452673912 
757	 0.418320447206497 
758	 0.418622136116028 
759	 0.418907195329666 
760	 0.419127017259598 
761	 0.419278860092163 
762	 0.419380366802216 
763	 0.419550955295563 
764	 0.419827252626419 
765	 0.420144975185394 
766	 0.4203782081604 
767	 0.420500010251999 
768	 0.420582056045532 
769	 0.420872896909714 
770	 0.42109352350235 
771	 0.421250522136688 
772	 0.421444833278656 
773	 0.421685725450516 
774	 0.421876847743988 
775	 0.422038197517395 
776	 0.422274976968765 
777	 0.42248272895813 
778	 0.42260080575943 
779	 0.422658145427704 
780	 0.422813206911087 
781	 0.423107773065567 
782	 0.423322230577469 
783	 0.423316568136215 
784	 0.423498779535294 
785	 0.423727601766586 
786	 0.423913419246674 
787	 0.424017339944839 
788	 0.424127042293549 
789	 0.424268484115601 
790	 0.424441456794739 
791	 0.424623429775238 
792	 0.42484650015831 
793	 0.424995064735413 
794	 0.42502948641777 
795	 0.425163894891739 
796	 0.425258636474609 
797	 0.425363689661026 
798	 0.425542563199997 
799	 0.425579816102982 
800	 0.425678163766861 
801	 0.425890266895294 
802	 0.42612636089325 
803	 0.426269292831421 
804	 0.426377236843109 
805	 0.426512688398361 
806	 0.426702082157135 
807	 0.426788747310638 
808	 0.426817625761032 
809	 0.426888316869736 
810	 0.427101403474808 
811	 0.427258908748627 
812	 0.427359223365784 
813	 0.427469521760941 
814	 0.427457451820374 
815	 0.427605539560318 
816	 0.427866160869598 
817	 0.427908688783646 
818	 0.427949070930481 
819	 0.427968710660934 
820	 0.428027331829071 
821	 0.428360849618912 
822	 0.428641885519028 
823	 0.42874750494957 
824	 0.4286889731884 
825	 0.428668886423111 
826	 0.42869970202446 
827	 0.42879980802536 
828	 0.428967356681824 
829	 0.429131418466568 
830	 0.429270088672638 
831	 0.429348945617676 
832	 0.429342776536942 
833	 0.429461300373077 
834	 0.429592400789261 
835	 0.429650247097015 
836	 0.429668873548508 
837	 0.429716616868973 
838	 0.429783761501312 
839	 0.429851531982422 
840	 0.429945856332779 
841	 0.430015206336975 
842	 0.430078029632568 
843	 0.430166125297546 
844	 0.430217862129211 
845	 0.430305570363998 
846	 0.430414289236069 
847	 0.43046647310257 
848	 0.430459916591644 
849	 0.430511832237244 
850	 0.430660337209702 
851	 0.430828541517258 
852	 0.43106335401535 
853	 0.431214243173599 
854	 0.43120676279068 
855	 0.431193798780441 
856	 0.43129426240921 
857	 0.431442618370056 
858	 0.43151667714119 
859	 0.431433588266373 
860	 0.431509613990784 
861	 0.431684464216232 
862	 0.431736320257187 
863	 0.431800246238709 
864	 0.431864410638809 
865	 0.43193119764328 
866	 0.43200871348381 
867	 0.431959062814713 
868	 0.431921094655991 
869	 0.43194380402565 
870	 0.431906133890152 
871	 0.432008683681488 
872	 0.432139098644257 
873	 0.432181984186172 
874	 0.432169795036316 
875	 0.432198494672775 
876	 0.432169735431671 
877	 0.432034611701965 
878	 0.432140022516251 
879	 0.43227231502533 
880	 0.43234384059906 
881	 0.432332307100296 
882	 0.432173162698746 
883	 0.432082921266556 
884	 0.432126373052597 
885	 0.432223618030548 
886	 0.432275772094727 
887	 0.432341426610947 
888	 0.432352930307388 
889	 0.432110548019409 
890	 0.432008624076843 
891	 0.431893587112427 
892	 0.431702941656113 
893	 0.431695431470871 
894	 0.431665807962418 
895	 0.431597977876663 
896	 0.431520402431488 
897	 0.431452810764313 
898	 0.431319832801819 
899	 0.431157201528549 
900	 0.43102839589119 
901	 0.430935949087143 
902	 0.4308822453022 
903	 0.430806308984756 
904	 0.430647134780884 
905	 0.43049767613411 
906	 0.430437386035919 
907	 0.430478632450104 
908	 0.430559813976288 
909	 0.430503368377686 
910	 0.430319905281067 
911	 0.430159538984299 
912	 0.43024006485939 
913	 0.430240243673325 
914	 0.4301478266716 
915	 0.430093675851822 
916	 0.430306553840637 
917	 0.430441051721573 
918	 0.430583715438843 
919	 0.430806666612625 
920	 0.43099319934845 
921	 0.430969893932343 
922	 0.430935561656952 
923	 0.431037038564682 
924	 0.431011885404587 
925	 0.431145519018173 
926	 0.431439608335495 
927	 0.431765466928482 
928	 0.431923419237137 
929	 0.432006120681763 
930	 0.432088255882263 
931	 0.432218700647354 
932	 0.432352244853973 
933	 0.432646811008453 
934	 0.4329893887043 
935	 0.433173209428787 
936	 0.433349668979645 
937	 0.433620065450668 
938	 0.433926343917847 
939	 0.434148848056793 
940	 0.434562474489212 
941	 0.434855848550797 
942	 0.434997230768204 
943	 0.43522036075592 
944	 0.435455679893494 
945	 0.435671389102936 
946	 0.435851365327835 
947	 0.435994416475296 
948	 0.436070621013641 
949	 0.436150848865509 
950	 0.436264723539352 
951	 0.436364829540253 
952	 0.436319231987 
953	 0.436246752738953 
954	 0.43624946475029 
955	 0.436320662498474 
956	 0.43625482916832 
957	 0.436091959476471 
958	 0.435952097177505 
959	 0.435976028442383 
960	 0.435858368873596 
961	 0.435667634010315 
962	 0.43547859787941 
963	 0.435193449258804 
964	 0.434899806976318 
965	 0.434581279754639 
966	 0.434252977371216 
967	 0.434055864810944 
968	 0.433871507644653 
969	 0.433668911457062 
970	 0.433491587638855 
971	 0.433506071567535 
972	 0.433371931314468 
973	 0.43325600028038 
974	 0.433388620615005 
975	 0.433720082044601 
976	 0.43403771519661 
977	 0.434334009885788 
978	 0.434612214565277 
979	 0.434655755758286 
980	 0.434824377298355 
981	 0.435112208127975 
982	 0.43537712097168 
983	 0.435508877038956 
984	 0.435538768768311 
985	 0.435621082782745 
986	 0.435846000909805 
987	 0.43593955039978 
988	 0.436215162277222 
989	 0.436523109674454 
990	 0.436681538820267 
991	 0.437002867460251 
992	 0.437282145023346 
993	 0.437445968389511 
994	 0.437540590763092 
995	 0.437807619571686 
996	 0.438157171010971 
997	 0.43843537569046 
998	 0.438535511493683 
999	 0.438563883304596 
1000	 0.438693344593048 
1001	 0.433987140655518 
1002	 0.434138178825378 
1003	 0.434203445911407 
1004	 0.434307157993317 
1005	 0.434399276971817 
1006	 0.43450203537941 
1007	 0.434610068798065 
1008	 0.434726476669312 
1009	 0.434841394424438 
1010	 0.434953391551971 
1011	 0.435077905654907 
1012	 0.435182154178619 
1013	 0.43528488278389 
1014	 0.435388803482056 
1015	 0.435492873191834 
1016	 0.435548931360245 
1017	 0.435675263404846 
1018	 0.43579113483429 
1019	 0.435888469219208 
1020	 0.436032742261887 
1021	 0.436156183481216 
1022	 0.436257839202881 
1023	 0.436381548643112 
1024	 0.436541587114334 
1025	 0.436663448810577 
1026	 0.436741083860397 
1027	 0.436857104301453 
1028	 0.436974346637726 
1029	 0.437106877565384 
1030	 0.437250167131424 
1031	 0.437413185834885 
1032	 0.43753308057785 
1033	 0.437648743391037 
1034	 0.43775936961174 
1035	 0.437886148691177 
1036	 0.438043713569641 
1037	 0.438237547874451 
1038	 0.438395470380783 
1039	 0.438555777072906 
1040	 0.43873405456543 
1041	 0.438891440629959 
1042	 0.439071595668793 
1043	 0.439269870519638 
1044	 0.439511746168137 
1045	 0.439723908901215 
1046	 0.439912796020508 
1047	 0.440109461545944 
1048	 0.440272122621536 
1049	 0.440435767173767 
1050	 0.440619140863419 
1051	 0.440815150737762 
1052	 0.441014021635056 
1053	 0.441204607486725 
1054	 0.441400736570358 
1055	 0.441586703062058 
1056	 0.441770195960999 
1057	 0.441943258047104 
1058	 0.442103117704391 
1059	 0.442254960536957 
1060	 0.442448914051056 
1061	 0.442589432001114 
1062	 0.442704677581787 
1063	 0.442826598882675 
1064	 0.442917913198471 
1065	 0.443019479513168 
1066	 0.443137884140015 
1067	 0.443264037370682 
1068	 0.443364948034287 
1069	 0.443434715270996 
1070	 0.443528831005096 
1071	 0.443628370761871 
1072	 0.443731337785721 
1073	 0.44385239481926 
1074	 0.443987816572189 
1075	 0.444083839654922 
1076	 0.444163650274277 
1077	 0.444239318370819 
1078	 0.444294780492783 
1079	 0.444350749254227 
1080	 0.444389015436172 
1081	 0.44442144036293 
1082	 0.444467663764954 
1083	 0.444510787725449 
1084	 0.444568127393723 
1085	 0.444637984037399 
1086	 0.444700360298157 
1087	 0.444757074117661 
1088	 0.444804966449738 
1089	 0.444863557815552 
1090	 0.444922268390656 
1091	 0.444954574108124 
1092	 0.444998204708099 
1093	 0.445033758878708 
1094	 0.445030003786087 
1095	 0.445023030042648 
1096	 0.445018023252487 
1097	 0.445036619901657 
1098	 0.445067763328552 
1099	 0.445081114768982 
1100	 0.445114403963089 
1101	 0.445129483938217 
1102	 0.445115089416504 
1103	 0.445103347301483 
1104	 0.445096969604492 
1105	 0.445062309503555 
1106	 0.445024907588959 
1107	 0.445002824068069 
1108	 0.444977253675461 
1109	 0.444950342178345 
1110	 0.444918781518936 
1111	 0.44489711523056 
1112	 0.444860756397247 
1113	 0.444816201925278 
1114	 0.444789797067642 
1115	 0.444739580154419 
1116	 0.444681078195572 
1117	 0.444637984037399 
1118	 0.444583922624588 
1119	 0.444540321826935 
1120	 0.444448471069336 
1121	 0.444348901510239 
1122	 0.44420725107193 
1123	 0.4440096616745 
1124	 0.443781048059464 
1125	 0.443502962589264 
1126	 0.44319087266922 
1127	 0.442819863557816 
1128	 0.442345678806305 
1129	 0.44184747338295 
1130	 0.441242516040802 
1131	 0.440542370080948 
1132	 0.439863920211792 
1133	 0.439073473215103 
1134	 0.438222348690033 
1135	 0.437321364879608 
1136	 0.436326116323471 
1137	 0.435334384441376 
1138	 0.434302657842636 
1139	 0.433258444070816 
1140	 0.432183355093002 
1141	 0.431159138679504 
1142	 0.430062890052795 
1143	 0.428992390632629 
1144	 0.427959769964218 
1145	 0.42683818936348 
1146	 0.425752997398376 
1147	 0.424625515937805 
1148	 0.423420399427414 
1149	 0.422245442867279 
1150	 0.420972228050232 
1151	 0.419660329818726 
1152	 0.418257236480713 
1153	 0.416772574186325 
1154	 0.415213376283646 
1155	 0.413590639829636 
1156	 0.411864846944809 
1157	 0.410026133060455 
1158	 0.408213108778 
1159	 0.406308174133301 
1160	 0.404417634010315 
1161	 0.402579814195633 
1162	 0.400690913200378 
1163	 0.39895224571228 
1164	 0.397337883710861 
1165	 0.395873874425888 
1166	 0.394680142402649 
1167	 0.393664479255676 
1168	 0.392827957868576 
1169	 0.392126381397247 
1170	 0.391682863235474 
1171	 0.391190439462662 
1172	 0.390872985124588 
1173	 0.390400439500809 
1174	 0.389969527721405 
1175	 0.38939905166626 
1176	 0.38875937461853 
1177	 0.387999564409256 
1178	 0.38715386390686 
1179	 0.386161237955093 
1180	 0.385109275579453 
1181	 0.383993625640869 
1182	 0.38283833861351 
1183	 0.381748795509338 
1184	 0.380643337965012 
1185	 0.379588544368744 
1186	 0.378639250993729 
1187	 0.377736628055573 
1188	 0.376949846744537 
1189	 0.376254975795746 
1190	 0.375658363103867 
1191	 0.375176817178726 
1192	 0.374753892421722 
1193	 0.374431759119034 
1194	 0.374150007963181 
1195	 0.37392795085907 
1196	 0.373758494853973 
1197	 0.373635828495026 
1198	 0.373590677976608 
1199	 0.373595207929611 
1200	 0.373669028282166 
1201	 0.373829126358032 
1202	 0.374058991670609 
1203	 0.374397069215775 
1204	 0.374865800142288 
1205	 0.37542861700058 
1206	 0.376099765300751 
1207	 0.376880258321762 
1208	 0.377760350704193 
1209	 0.378743380308151 
1210	 0.379831314086914 
1211	 0.38103786110878 
1212	 0.38237339258194 
1213	 0.3837930560112 
1214	 0.385312467813492 
1215	 0.386948943138123 
1216	 0.388700097799301 
1217	 0.390506476163864 
1218	 0.39245343208313 
1219	 0.394428312778473 
1220	 0.39640286564827 
1221	 0.398534744977951 
1222	 0.400577574968338 
1223	 0.402639359235764 
1224	 0.404650300741196 
1225	 0.406645238399506 
1226	 0.408535838127136 
1227	 0.41040375828743 
1228	 0.412164926528931 
1229	 0.413841962814331 
1230	 0.415441930294037 
1231	 0.416959285736084 
1232	 0.418418735265732 
1233	 0.419795632362366 
1234	 0.421085894107819 
1235	 0.42230686545372 
1236	 0.423464208841324 
1237	 0.424523264169693 
1238	 0.42554172873497 
1239	 0.42650106549263 
1240	 0.427408963441849 
1241	 0.4283047914505 
1242	 0.429107666015625 
1243	 0.429877191781998 
1244	 0.430609464645386 
1245	 0.431294947862625 
1246	 0.431915760040283 
1247	 0.432511448860168 
1248	 0.433065742254257 
1249	 0.433607578277588 
1250	 0.434109151363373 
1251	 0.434587478637695 
1252	 0.435051381587982 
1253	 0.435488492250443 
1254	 0.435886234045029 
1255	 0.436272293329239 
1256	 0.436635345220566 
1257	 0.436994552612305 
1258	 0.437337815761566 
1259	 0.437662363052368 
1260	 0.437976688146591 
1261	 0.438281625509262 
1262	 0.438551932573318 
1263	 0.438836067914963 
1264	 0.439118325710297 
1265	 0.439398020505905 
1266	 0.439687669277191 
1267	 0.439986228942871 
1268	 0.440269708633423 
1269	 0.440546810626984 
1270	 0.440839111804962 
1271	 0.441135346889496 
1272	 0.441421568393707 
1273	 0.44172066450119 
1274	 0.44200524687767 
1275	 0.442267298698425 
1276	 0.442536324262619 
1277	 0.442813009023666 
1278	 0.443079710006714 
1279	 0.443346798419952 
1280	 0.443595618009567 
1281	 0.443838864564896 
1282	 0.444065004587173 
1283	 0.44428288936615 
1284	 0.444470793008804 
1285	 0.444636940956116 
1286	 0.444786608219147 
1287	 0.444910824298859 
1288	 0.44499671459198 
1289	 0.445096045732498 
1290	 0.445186585187912 
1291	 0.445264875888824 
1292	 0.445345610380173 
1293	 0.445395112037659 
1294	 0.445437997579575 
1295	 0.445433348417282 
1296	 0.445392489433289 
1297	 0.445338487625122 
1298	 0.445248544216156 
1299	 0.445146918296814 
1300	 0.445031315088272 
1301	 0.444900333881378 
1302	 0.444738447666168 
1303	 0.444579184055328 
1304	 0.444418907165527 
1305	 0.444242656230927 
1306	 0.444063097238541 
1307	 0.443863183259964 
1308	 0.443650722503662 
1309	 0.44341453909874 
1310	 0.443172097206116 
1311	 0.442911773920059 
1312	 0.44265154004097 
1313	 0.442387521266937 
1314	 0.442105144262314 
1315	 0.441826373338699 
1316	 0.4415023624897 
1317	 0.441168934106827 
1318	 0.440775543451309 
1319	 0.440335541963577 
1320	 0.439876735210419 
1321	 0.439394354820251 
1322	 0.438856899738312 
1323	 0.438320398330688 
1324	 0.437680423259735 
1325	 0.436969131231308 
1326	 0.436197400093079 
1327	 0.43538910150528 
1328	 0.434463441371918 
1329	 0.433434247970581 
1330	 0.43236842751503 
1331	 0.431205362081528 
1332	 0.430008351802826 
1333	 0.428795576095581 
1334	 0.42749896645546 
1335	 0.426196336746216 
1336	 0.424826353788376 
1337	 0.4234938621521 
1338	 0.422135293483734 
1339	 0.420847058296204 
1340	 0.419573932886124 
1341	 0.418339371681213 
1342	 0.417152047157288 
1343	 0.415973305702209 
1344	 0.414811968803406 
1345	 0.41367182135582 
1346	 0.412568479776382 
1347	 0.411460489034653 
1348	 0.410397797822952 
1349	 0.40926793217659 
1350	 0.408115148544312 
1351	 0.40694534778595 
1352	 0.405740708112717 
1353	 0.404514193534851 
1354	 0.403253704309464 
1355	 0.40201610326767 
1356	 0.400756359100342 
1357	 0.399504274129868 
1358	 0.398287147283554 
1359	 0.39703905582428 
1360	 0.395782679319382 
1361	 0.394502878189087 
1362	 0.393157958984375 
1363	 0.391874492168427 
1364	 0.390529870986938 
1365	 0.389179557561874 
1366	 0.387739151716232 
1367	 0.386276930570602 
1368	 0.384714961051941 
1369	 0.383074074983597 
1370	 0.3813656270504 
1371	 0.379603534936905 
1372	 0.37776330113411 
1373	 0.375863999128342 
1374	 0.373849928379059 
1375	 0.371732145547867 
1376	 0.36955252289772 
1377	 0.36729821562767 
1378	 0.364913135766983 
1379	 0.362448632717133 
1380	 0.359878033399582 
1381	 0.357182919979095 
1382	 0.354385048151016 
1383	 0.351431727409363 
1384	 0.348494797945023 
1385	 0.345418453216553 
1386	 0.34242570400238 
1387	 0.339352756738663 
1388	 0.336518049240112 
1389	 0.333677053451538 
1390	 0.331118583679199 
1391	 0.328833729028702 
1392	 0.326621800661087 
1393	 0.324776589870453 
1394	 0.323115050792694 
1395	 0.321580022573471 
1396	 0.320362955331802 
1397	 0.318955421447754 
1398	 0.317708045244217 
1399	 0.316093862056732 
1400	 0.314438164234161 
1401	 0.312396377325058 
1402	 0.310143172740936 
1403	 0.307508409023285 
1404	 0.304557651281357 
1405	 0.30136975646019 
1406	 0.29783821105957 
1407	 0.294118732213974 
1408	 0.290088474750519 
1409	 0.285989999771118 
1410	 0.281623601913452 
1411	 0.277255713939667 
1412	 0.272716552019119 
1413	 0.268319368362427 
1414	 0.263792484998703 
1415	 0.259495496749878 
1416	 0.255196750164032 
1417	 0.251233100891113 
1418	 0.247394904494286 
1419	 0.243901610374451 
1420	 0.24064502120018 
1421	 0.2378119379282 
1422	 0.235251203179359 
1423	 0.233121290802956 
1424	 0.231449693441391 
1425	 0.230069205164909 
1426	 0.229099050164223 
1427	 0.228569269180298 
1428	 0.228443324565887 
1429	 0.228711783885956 
1430	 0.229358077049255 
1431	 0.230410397052765 
1432	 0.231799572706223 
1433	 0.233622267842293 
1434	 0.23562978208065 
1435	 0.238013103604317 
1436	 0.240508198738098 
1437	 0.243293702602386 
1438	 0.246053531765938 
1439	 0.249024257063866 
1440	 0.251911282539368 
1441	 0.254896104335785 
1442	 0.257726907730103 
1443	 0.260555356740952 
1444	 0.263258844614029 
1445	 0.265851259231567 
1446	 0.268340826034546 
1447	 0.270763725042343 
1448	 0.273065775632858 
1449	 0.275253504514694 
1450	 0.277340114116669 
1451	 0.279322803020477 
1452	 0.281214386224747 
1453	 0.283005118370056 
1454	 0.284669995307922 
1455	 0.286245137453079 
1456	 0.287693917751312 
1457	 0.289008527994156 
1458	 0.29022216796875 
1459	 0.291334867477417 
1460	 0.292323350906372 
1461	 0.293205201625824 
1462	 0.293941915035248 
1463	 0.294556647539139 
1464	 0.295030266046524 
1465	 0.295350074768066 
1466	 0.295555502176285 
1467	 0.295613318681717 
1468	 0.295537054538727 
1469	 0.295298397541046 
1470	 0.295029819011688 
1471	 0.294818520545959 
1472	 0.29447004199028 
1473	 0.294473171234131 
1474	 0.2945177257061 
1475	 0.295006096363068 
1476	 0.295715183019638 
1477	 0.296857923269272 
1478	 0.298414289951324 
1479	 0.300139546394348 
1480	 0.302292823791504 
1481	 0.304389327764511 
1482	 0.306773364543915 
1483	 0.308930963277817 
1484	 0.311166554689407 
1485	 0.313172936439514 
1486	 0.31506022810936 
1487	 0.316779613494873 
1488	 0.318333178758621 
1489	 0.319805681705475 
1490	 0.321104019880295 
1491	 0.322379350662231 
1492	 0.323576480150223 
1493	 0.324713855981827 
1494	 0.325758427381516 
1495	 0.32677561044693 
1496	 0.327720582485199 
1497	 0.328660845756531 
1498	 0.329576522111893 
1499	 0.330455988645554 
1500	 0.3313048183918 
1501	 0.332129746675491 
1502	 0.332911878824234 
1503	 0.333677768707275 
1504	 0.334419310092926 
1505	 0.335148632526398 
1506	 0.335872739553452 
1507	 0.336552649736404 
1508	 0.337211638689041 
1509	 0.337835997343063 
1510	 0.33841073513031 
1511	 0.338964968919754 
1512	 0.339481115341187 
1513	 0.339994221925735 
1514	 0.340500503778458 
1515	 0.340971052646637 
1516	 0.341424614191055 
1517	 0.341854244470596 
1518	 0.342237740755081 
1519	 0.342612743377686 
1520	 0.342972248792648 
1521	 0.343323469161987 
1522	 0.343643218278885 
1523	 0.343964964151382 
1524	 0.344263195991516 
1525	 0.34454470872879 
1526	 0.344816654920578 
1527	 0.345074743032455 
1528	 0.345317661762238 
1529	 0.345548093318939 
1530	 0.345765709877014 
1531	 0.345964550971985 
1532	 0.346161514520645 
1533	 0.34634605050087 
1534	 0.346533924341202 
1535	 0.346717059612274 
1536	 0.346896678209305 
1537	 0.34707772731781 
1538	 0.347247302532196 
1539	 0.347422122955322 
1540	 0.347553640604019 
1541	 0.347659945487976 
1542	 0.347763776779175 
1543	 0.347834318876266 
1544	 0.34791687130928 
1545	 0.348006516695023 
1546	 0.348081767559052 
1547	 0.348148018121719 
1548	 0.348203986883163 
1549	 0.348245829343796 
1550	 0.348297506570816 
1551	 0.34835147857666 
1552	 0.348385483026505 
1553	 0.348411440849304 
1554	 0.34844434261322 
1555	 0.34845045208931 
1556	 0.348489463329315 
1557	 0.348552614450455 
1558	 0.348616749048233 
1559	 0.348695337772369 
1560	 0.348766386508942 
1561	 0.348830610513687 
1562	 0.348920255899429 
1563	 0.349019318819046 
1564	 0.349122017621994 
1565	 0.349253326654434 
1566	 0.349366396665573 
1567	 0.349462151527405 
1568	 0.349575579166412 
1569	 0.349691122770309 
1570	 0.349818468093872 
1571	 0.34996297955513 
1572	 0.350100725889206 
1573	 0.350258678197861 
1574	 0.35038349032402 
1575	 0.350491493940353 
1576	 0.350594222545624 
1577	 0.350664258003235 
1578	 0.350756973028183 
1579	 0.350852876901627 
1580	 0.350958079099655 
1581	 0.351080566644669 
1582	 0.351192802190781 
1583	 0.351301461458206 
1584	 0.351419538259506 
1585	 0.351542204618454 
1586	 0.351659119129181 
1587	 0.351773589849472 
1588	 0.351900964975357 
1589	 0.352027088403702 
1590	 0.352159589529037 
1591	 0.352329820394516 
1592	 0.35245817899704 
1593	 0.352565318346024 
1594	 0.352666527032852 
1595	 0.352745234966278 
1596	 0.352819859981537 
1597	 0.352895200252533 
1598	 0.352951347827911 
1599	 0.352980673313141 
1600	 0.353019386529922 
1601	 0.353060930967331 
1602	 0.353083997964859 
1603	 0.353112459182739 
1604	 0.353113204240799 
1605	 0.353091776371002 
1606	 0.353050798177719 
1607	 0.352986425161362 
1608	 0.352911293506622 
1609	 0.352810740470886 
1610	 0.352707028388977 
1611	 0.352614194154739 
1612	 0.352478384971619 
1613	 0.352329105138779 
1614	 0.352138966321945 
1615	 0.351913779973984 
1616	 0.351647019386292 
1617	 0.3513543009758 
1618	 0.351004391908646 
1619	 0.350605666637421 
1620	 0.350161075592041 
1621	 0.34967452287674 
1622	 0.349126875400543 
1623	 0.348529815673828 
1624	 0.347868740558624 
1625	 0.347125649452209 
1626	 0.346356451511383 
1627	 0.345485419034958 
1628	 0.344675838947296 
1629	 0.343802362680435 
1630	 0.343052834272385 
1631	 0.342308789491653 
1632	 0.341744184494019 
1633	 0.341296583414078 
1634	 0.340983927249908 
1635	 0.340871065855026 
1636	 0.340798705816269 
1637	 0.340897649526596 
1638	 0.340942919254303 
1639	 0.341092973947525 
1640	 0.341113209724426 
1641	 0.341127038002014 
1642	 0.34098556637764 
1643	 0.340728521347046 
1644	 0.340379536151886 
1645	 0.339910209178925 
1646	 0.339345872402191 
1647	 0.33866885304451 
1648	 0.337921857833862 
1649	 0.337085008621216 
1650	 0.336145877838135 
1651	 0.335153877735138 
1652	 0.334020256996155 
1653	 0.332769125699997 
1654	 0.331388384103775 
1655	 0.329889059066772 
1656	 0.328230381011963 
1657	 0.326458483934402 
1658	 0.324474304914474 
1659	 0.322293996810913 
1660	 0.320007383823395 
1661	 0.317552268505096 
1662	 0.314944624900818 
1663	 0.312182068824768 
1664	 0.309273838996887 
1665	 0.306176781654358 
1666	 0.30296316742897 
1667	 0.299604177474976 
1668	 0.296208500862122 
1669	 0.292700082063675 
1670	 0.289112627506256 
1671	 0.285400241613388 
1672	 0.281681567430496 
1673	 0.277890980243683 
1674	 0.274059146642685 
1675	 0.270223438739777 
1676	 0.266408085823059 
1677	 0.262548923492432 
1678	 0.258667349815369 
1679	 0.254754394292831 
1680	 0.250855922698975 
1681	 0.246889352798462 
1682	 0.242992401123047 
1683	 0.239122986793518 
1684	 0.235428884625435 
1685	 0.231767237186432 
1686	 0.228269383311272 
1687	 0.224893435835838 
1688	 0.221668675541878 
1689	 0.218574821949005 
1690	 0.21560862660408 
1691	 0.212856203317642 
1692	 0.210196450352669 
1693	 0.207657098770142 
1694	 0.205181777477264 
1695	 0.20284529030323 
1696	 0.200485855340958 
1697	 0.19818103313446 
1698	 0.195856139063835 
1699	 0.193560436367989 
1700	 0.191325858235359 
1701	 0.189084231853485 
1702	 0.18693707883358 
1703	 0.184815973043442 
1704	 0.182841181755066 
1705	 0.180940926074982 
1706	 0.179125115275383 
1707	 0.177553281188011 
1708	 0.176019847393036 
1709	 0.174587428569794 
1710	 0.17328754067421 
1711	 0.171976074576378 
1712	 0.170782953500748 
1713	 0.169670790433884 
1714	 0.16861318051815 
1715	 0.16773147881031 
1716	 0.166907519102097 
1717	 0.16619299352169 
1718	 0.165665194392204 
1719	 0.165216192603111 
1720	 0.164898067712784 
1721	 0.164749577641487 
1722	 0.164736464619637 
1723	 0.164895370602608 
1724	 0.165260598063469 
1725	 0.165754422545433 
1726	 0.16640231013298 
1727	 0.167258396744728 
1728	 0.168244287371635 
1729	 0.169395968317986 
1730	 0.170695528388023 
1731	 0.171992316842079 
1732	 0.173363268375397 
1733	 0.17470321059227 
1734	 0.175974398851395 
1735	 0.177240818738937 
1736	 0.178353816270828 
1737	 0.17930905520916 
1738	 0.180121541023254 
1739	 0.180684238672256 
1740	 0.181036323308945 
1741	 0.181205719709396 
1742	 0.181108728051186 
1743	 0.18091107904911 
1744	 0.180523321032524 
1745	 0.180061340332031 
1746	 0.179411560297012 
1747	 0.178819999098778 
1748	 0.178097367286682 
1749	 0.177536621689796 
1750	 0.17698809504509 
1751	 0.176620364189148 
1752	 0.176362454891205 
1753	 0.176274284720421 
1754	 0.176326185464859 
1755	 0.176556929945946 
1756	 0.176943585276604 
1757	 0.177487969398499 
1758	 0.178255066275597 
1759	 0.179126054048538 
1760	 0.180193543434143 
1761	 0.181479021906853 
1762	 0.18282388150692 
1763	 0.184367656707764 
1764	 0.186053141951561 
1765	 0.187849506735802 
1766	 0.18985615670681 
1767	 0.191861256957054 
1768	 0.193940654397011 
1769	 0.196074575185776 
1770	 0.198054626584053 
1771	 0.200057998299599 
1772	 0.201968878507614 
1773	 0.20370925962925 
1774	 0.205460876226425 
1775	 0.207045689225197 
1776	 0.208532735705376 
1777	 0.209945902228355 
1778	 0.21114481985569 
1779	 0.212299212813377 
1780	 0.213352620601654 
1781	 0.214280053973198 
1782	 0.215200051665306 
1783	 0.216007634997368 
1784	 0.216778323054314 
1785	 0.217440783977509 
1786	 0.218072444200516 
1787	 0.218640640377998 
1788	 0.219221502542496 
1789	 0.219785153865814 
1790	 0.220345333218575 
1791	 0.220902353525162 
1792	 0.221450611948967 
1793	 0.221959829330444 
1794	 0.222542017698288 
1795	 0.223107993602753 
1796	 0.223676547408104 
1797	 0.224270671606064 
1798	 0.224835529923439 
1799	 0.225391805171967 
1800	 0.225975558161736 
1801	 0.224896058440208 
1802	 0.225609064102173 
1803	 0.226293459534645 
1804	 0.226960897445679 
1805	 0.227676317095757 
1806	 0.228326126933098 
1807	 0.228961586952209 
1808	 0.229579284787178 
1809	 0.230182275176048 
1810	 0.23073947429657 
1811	 0.231263712048531 
1812	 0.231785103678703 
1813	 0.232261076569557 
1814	 0.232752308249474 
1815	 0.233240455389023 
1816	 0.233732208609581 
1817	 0.234215393662453 
1818	 0.234699949622154 
1819	 0.235151842236519 
1820	 0.235589072108269 
1821	 0.23602007329464 
1822	 0.236428186297417 
1823	 0.236835643649101 
1824	 0.237230658531189 
1825	 0.237623915076256 
1826	 0.237976416945457 
1827	 0.238287761807442 
1828	 0.238596007227898 
1829	 0.238885954022408 
1830	 0.239170134067535 
1831	 0.23943167924881 
1832	 0.239711627364159 
1833	 0.239962384104729 
1834	 0.240196049213409 
1835	 0.2404655367136 
1836	 0.240736812353134 
1837	 0.241032347083092 
1838	 0.241356357932091 
1839	 0.241684198379517 
1840	 0.242030456662178 
1841	 0.242375642061234 
1842	 0.24272982776165 
1843	 0.243100583553314 
1844	 0.243473157286644 
1845	 0.243795320391655 
1846	 0.244118958711624 
1847	 0.244423136115074 
1848	 0.244667515158653 
1849	 0.244883358478546 
1850	 0.245045304298401 
1851	 0.245165184140205 
1852	 0.24521966278553 
1853	 0.245229735970497 
1854	 0.245207086205482 
1855	 0.245130211114883 
1856	 0.245014429092407 
1857	 0.244870141148567 
1858	 0.244666919112206 
1859	 0.244413942098618 
1860	 0.244120702147484 
1861	 0.243757590651512 
1862	 0.243339568376541 
1863	 0.24287723004818 
1864	 0.242310583591461 
1865	 0.241698712110519 
1866	 0.241001471877098 
1867	 0.240169122815132 
1868	 0.239307820796967 
1869	 0.238341316580772 
1870	 0.237299755215645 
1871	 0.23619769513607 
1872	 0.235028386116028 
1873	 0.233780398964882 
1874	 0.232475504279137 
1875	 0.231109693646431 
1876	 0.229529052972794 
1877	 0.227891370654106 
1878	 0.226059719920158 
1879	 0.223998218774796 
1880	 0.221925765275955 
1881	 0.219620496034622 
1882	 0.217101767659187 
1883	 0.21446618437767 
1884	 0.211637035012245 
1885	 0.208394974470139 
1886	 0.205080032348633 
1887	 0.201468348503113 
1888	 0.197559013962746 
1889	 0.193770736455917 
1890	 0.189682573080063 
1891	 0.185512661933899 
1892	 0.181316316127777 
1893	 0.176839336752892 
1894	 0.172069296240807 
1895	 0.167365089058876 
1896	 0.16241854429245 
1897	 0.157297819852829 
1898	 0.152460262179375 
1899	 0.147346496582031 
1900	 0.142225667834282 
1901	 0.137122735381126 
1902	 0.131538078188896 
1903	 0.126069992780685 
1904	 0.120532736182213 
1905	 0.114840708673 
1906	 0.109053239226341 
1907	 0.103769466280937 
1908	 0.098297081887722 
1909	 9.30210500955582E-02 
1910	 8.80269259214401E-02 
1911	 0.082881860435009 
1912	 7.81392753124237E-02 
1913	 7.38119706511498E-02 
1914	 6.98795020580292E-02 
1915	 6.67590275406837E-02 
1916	 6.43163695931435E-02 
1917	 6.24971874058247E-02 
1918	 6.13226294517517E-02 
1919	 6.10982775688171E-02 
1920	 6.16284422576427E-02 
1921	 6.29652291536331E-02 
1922	 6.51875212788582E-02 
1923	 6.82720243930817E-02 
1924	 7.17063769698143E-02 
1925	 0.075800858438015 
1926	 8.00748318433762E-02 
1927	 8.47775936126709E-02 
1928	 0.089553639292717 
1929	 9.47997868061066E-02 
1930	 9.97975543141365E-02 
1931	 0.10478263348341 
1932	 0.109588332474232 
1933	 0.113821618258953 
1934	 0.117860458791256 
1935	 0.121617257595062 
1936	 0.12495881319046 
1937	 0.128243267536163 
1938	 0.131337881088257 
1939	 0.134211644530296 
1940	 0.136894479393959 
1941	 0.139475792646408 
1942	 0.141690894961357 
1943	 0.143908306956291 
1944	 0.145994335412979 
1945	 0.147926673293114 
1946	 0.149912461638451 
1947	 0.15174300968647 
1948	 0.153502658009529 
1949	 0.155212908983231 
1950	 0.156792789697647 
1951	 0.158225819468498 
1952	 0.159649357199669 
1953	 0.16098527610302 
1954	 0.162254482507706 
1955	 0.16358694434166 
1956	 0.164837181568146 
1957	 0.166095823049545 
1958	 0.167365744709969 
1959	 0.168489992618561 
1960	 0.169628873467445 
1961	 0.170756295323372 
1962	 0.171820387244225 
1963	 0.172934114933014 
1964	 0.17409485578537 
1965	 0.175188690423965 
1966	 0.176273033022881 
1967	 0.177361518144608 
1968	 0.17833985388279 
1969	 0.179342910647392 
1970	 0.18033355474472 
1971	 0.181295290589333 
1972	 0.182313412427902 
1973	 0.18328495323658 
1974	 0.184250965714455 
1975	 0.185249403119087 
1976	 0.186168313026428 
1977	 0.18702407181263 
1978	 0.187897905707359 
1979	 0.188744738698006 
1980	 0.189557388424873 
1981	 0.19043530523777 
1982	 0.19125260412693 
1983	 0.192046746611595 
1984	 0.192830950021744 
1985	 0.193506360054016 
1986	 0.194166779518127 
1987	 0.194794565439224 
1988	 0.195362716913223 
1989	 0.195926994085312 
1990	 0.196493312716484 
1991	 0.196996822953224 
1992	 0.197459921240807 
1993	 0.197910249233246 
1994	 0.198280543088913 
1995	 0.198604241013527 
1996	 0.198904752731323 
1997	 0.199137970805168 
1998	 0.199352398514748 
1999	 0.199543684720993 
2000	 0.19967432320118 
2001	 0.199759483337402 
2002	 0.199806064367294 
2003	 0.199804529547691 
2004	 0.199760779738426 
2005	 0.199691757559776 
2006	 0.19955487549305 
2007	 0.1993488073349 
2008	 0.199106156826019 
2009	 0.198821365833282 
2010	 0.198499158024788 
2011	 0.198181062936783 
2012	 0.197801724076271 
2013	 0.1973827034235 
2014	 0.19694259762764 
2015	 0.196426630020142 
2016	 0.195847943425179 
2017	 0.195228397846222 
2018	 0.194526627659798 
2019	 0.193812921643257 
2020	 0.193070143461227 
2021	 0.192286610603333 
2022	 0.19147615134716 
2023	 0.190629795193672 
2024	 0.189679130911827 
2025	 0.188716530799866 
2026	 0.187711387872696 
2027	 0.186603426933289 
2028	 0.185568019747734 
2029	 0.184541761875153 
2030	 0.183496907353401 
2031	 0.182489261031151 
2032	 0.181430071592331 
2033	 0.180311232805252 
2034	 0.179232686758041 
2035	 0.178135171532631 
2036	 0.177036359906197 
2037	 0.176050335168839 
2038	 0.175054177641869 
2039	 0.174109771847725 
2040	 0.173238173127174 
2041	 0.172347962856293 
2042	 0.171451717615128 
2043	 0.170622631907463 
2044	 0.16980829834938 
2045	 0.169047623872757 
2046	 0.168352901935577 
2047	 0.167674884200096 
2048	 0.167058229446411 
2049	 0.166429683566093 
2050	 0.165798351168633 
2051	 0.165222853422165 
2052	 0.164642781019211 
2053	 0.164071783423424 
2054	 0.163559287786484 
2055	 0.163106754422188 
2056	 0.162638187408447 
2057	 0.162205964326859 
2058	 0.161763802170753 
2059	 0.161322966217995 
2060	 0.160891696810722 
2061	 0.160458087921143 
2062	 0.160043656826019 
2063	 0.159641683101654 
2064	 0.159248188138008 
2065	 0.158868327736855 
2066	 0.15851166844368 
2067	 0.158126428723335 
2068	 0.15777288377285 
2069	 0.157413825392723 
2070	 0.157051712274551 
2071	 0.15670083463192 
2072	 0.156358614563942 
2073	 0.156020969152451 
2074	 0.155695334076881 
2075	 0.155366018414497 
2076	 0.155038490891457 
2077	 0.154720515012741 
2078	 0.154404550790787 
2079	 0.154088944196701 
2080	 0.153787150979042 
2081	 0.153477758169174 
2082	 0.153167217969894 
2083	 0.152855396270752 
2084	 0.152527436614037 
2085	 0.152198225259781 
2086	 0.151845157146454 
2087	 0.151463225483894 
2088	 0.151095673441887 
2089	 0.150714367628098 
2090	 0.150342628359795 
2091	 0.149977847933769 
2092	 0.149606689810753 
2093	 0.14922408759594 
2094	 0.148865908384323 
2095	 0.148492693901062 
2096	 0.148166865110397 
2097	 0.147891581058502 
2098	 0.147599279880524 
2099	 0.147341325879097 
2100	 0.14710833132267 
2101	 0.146840795874596 
2102	 0.146565496921539 
2103	 0.146288558840752 
2104	 0.146003320813179 
2105	 0.145704954862595 
2106	 0.145410224795341 
2107	 0.14508929848671 
2108	 0.144758999347687 
2109	 0.144390940666199 
2110	 0.143990471959114 
2111	 0.14358289539814 
2112	 0.14313431084156 
2113	 0.142692923545837 
2114	 0.14223949611187 
2115	 0.141794636845589 
2116	 0.141335338354111 
2117	 0.140896871685982 
2118	 0.140479356050491 
2119	 0.140068516135216 
2120	 0.139707624912262 
2121	 0.139372050762177 
2122	 0.139071270823479 
2123	 0.13882851600647 
2124	 0.138568386435509 
2125	 0.138353317975998 
2126	 0.13809198141098 
2127	 0.137818723917007 
2128	 0.137529924511909 
2129	 0.137206673622131 
2130	 0.136890515685081 
2131	 0.136576473712921 
2132	 0.136247023940086 
2133	 0.135902628302574 
2134	 0.135573387145996 
2135	 0.135186493396759 
2136	 0.13480880856514 
2137	 0.134425967931747 
2138	 0.134011834859848 
2139	 0.133640393614769 
2140	 0.133276090025902 
2141	 0.132943212985992 
2142	 0.132623225450516 
2143	 0.132349357008934 
2144	 0.132094368338585 
2145	 0.131902992725372 
2146	 0.131760790944099 
2147	 0.131657898426056 
2148	 0.131635308265686 
2149	 0.131597146391869 
2150	 0.131601706147194 
2151	 0.131589099764824 
2152	 0.131579622626305 
2153	 0.131563514471054 
2154	 0.131540313363075 
2155	 0.131487593054771 
2156	 0.131426990032196 
2157	 0.131348222494125 
2158	 0.131260111927986 
2159	 0.131164208054543 
2160	 0.131047248840332 
2161	 0.130903512239456 
2162	 0.130765929818153 
2163	 0.130611971020699 
2164	 0.130464226007462 
2165	 0.130308151245117 
2166	 0.130173966288567 
2167	 0.13004757463932 
2168	 0.129923731088638 
2169	 0.129803255200386 
2170	 0.129704564809799 
2171	 0.129610240459442 
2172	 0.129532501101494 
2173	 0.129471614956856 
2174	 0.129439920186996 
2175	 0.129394635558128 
2176	 0.129392236471176 
2177	 0.129438742995262 
2178	 0.129520058631897 
2179	 0.12964154779911 
2180	 0.129830285906792 
2181	 0.130003541707993 
2182	 0.130214393138885 
2183	 0.130401626229286 
2184	 0.130583360791206 
2185	 0.13077549636364 
2186	 0.130961492657661 
2187	 0.131162479519844 
2188	 0.131390571594238 
2189	 0.131596788764 
2190	 0.131792470812798 
2191	 0.13200256228447 
2192	 0.132218778133392 
2193	 0.132423296570778 
2194	 0.132640674710274 
2195	 0.132839232683182 
2196	 0.133026450872421 
2197	 0.13319456577301 
2198	 0.133359342813492 
2199	 0.133489042520523 
2200	 0.133577823638916 
2201	 0.133639514446259 
2202	 0.133648484945297 
2203	 0.133609533309937 
2204	 0.133538573980331 
2205	 0.133409589529037 
2206	 0.133277833461761 
2207	 0.133125334978104 
2208	 0.132941871881485 
2209	 0.132737055420876 
2210	 0.132499545812607 
2211	 0.132249787449837 
2212	 0.131923571228981 
2213	 0.13155409693718 
2214	 0.131133854389191 
2215	 0.130628734827042 
2216	 0.13010960817337 
2217	 0.129608303308487 
2218	 0.128989472985268 
2219	 0.128314107656479 
2220	 0.127551928162575 
2221	 0.126706033945084 
2222	 0.125721722841263 
2223	 0.124742701649666 
2224	 0.123709917068481 
2225	 0.122623644769192 
2226	 0.121467508375645 
2227	 0.120183661580086 
2228	 0.118777066469193 
2229	 0.117357775568962 
2230	 0.115796901285648 
2231	 0.114315494894981 
2232	 0.112857423722744 
2233	 0.111323855817318 
2234	 0.109807670116425 
2235	 0.108179695904255 
2236	 0.106473177671432 
2237	 0.104717865586281 
2238	 0.102844513952732 
2239	 0.101006768643856 
2240	 9.91586297750473E-02 
2241	 9.72420796751976E-02 
2242	 9.53571498394012E-02 
2243	 9.33380201458931E-02 
2244	 9.11634787917137E-02 
2245	 8.90298038721085E-02 
2246	 8.67560207843781E-02 
2247	 8.46059322357178E-02 
2248	 8.25384631752968E-02 
2249	 8.04542750120163E-02 
2250	 7.84183368086815E-02 
2251	 7.64112174510956E-02 
2252	 0.074265331029892 
2253	 7.22511559724808E-02 
2254	 7.02571645379066E-02 
2255	 6.82689398527145E-02 
2256	 6.65097385644913E-02 
2257	 0.064752534031868 
2258	 6.31008148193359E-02 
2259	 6.15902654826641E-02 
2260	 6.00491166114807E-02 
2261	 0.058534812182188 
2262	 5.71016594767571E-02 
2263	 5.56496046483517E-02 
2264	 5.43879270553589E-02 
2265	 0.053288459777832 
2266	 0.052182137966156 
2267	 5.12154921889305E-02 
2268	 5.02108335494995E-02 
2269	 4.91824224591255E-02 
2270	 4.82507385313511E-02 
2271	 4.73518185317516E-02 
2272	 4.65216003358364E-02 
2273	 4.57914508879185E-02 
2274	 4.50609438121319E-02 
2275	 4.44055497646332E-02 
2276	 4.37296740710735E-02 
2277	 4.30673323571682E-02 
2278	 4.24003265798092E-02 
2279	 4.17058244347572E-02 
2280	 4.10586781799793E-02 
2281	 4.04530689120293E-02 
2282	 3.98300401866436E-02 
2283	 3.92412319779396E-02 
2284	 3.86353246867657E-02 
2285	 3.79482433199883E-02 
2286	 3.72804030776024E-02 
2287	 3.66218723356724E-02 
2288	 0.035967230796814 
2289	 3.53850498795509E-02 
2290	 0.034798976033926 
2291	 3.42453122138977E-02 
2292	 3.37328724563122E-02 
2293	 3.31893563270569E-02 
2294	 3.27054709196091E-02 
2295	 3.22446897625923E-02 
2296	 3.17978225648403E-02 
2297	 3.14470268785954E-02 
2298	 3.11766248196363E-02 
2299	 3.09527572244406E-02 
2300	 3.08012515306473E-02 
2301	 0.030684869736433 
2302	 3.06114666163921E-02 
2303	 0.030621001496911 
2304	 3.07011697441339E-02 
2305	 3.08244433254004E-02 
2306	 3.10258846729994E-02 
2307	 3.12602929770947E-02 
2308	 3.15211340785027E-02 
2309	 3.18586304783821E-02 
2310	 3.22671718895435E-02 
2311	 3.27343419194222E-02 
2312	 3.33049297332764E-02 
2313	 3.38641293346882E-02 
2314	 3.44996526837349E-02 
2315	 3.50821800529957E-02 
2316	 3.56603264808655E-02 
2317	 3.62000167369843E-02 
2318	 3.67327108979225E-02 
2319	 3.72070744633675E-02 
2320	 3.76525223255157E-02 
2321	 3.80512177944183E-02 
2322	 3.84105034172535E-02 
2323	 3.86988893151283E-02 
2324	 3.89324650168419E-02 
2325	 3.90896871685982E-02 
2326	 3.91691848635674E-02 
2327	 3.91872003674507E-02 
2328	 3.91220636665821E-02 
2329	 3.90157178044319E-02 
2330	 0.038854006677866 
2331	 3.86120975017548E-02 
2332	 0.038310419768095 
2333	 3.80570702254772E-02 
2334	 3.77561077475548E-02 
2335	 3.74469347298145E-02 
2336	 3.71311083436012E-02 
2337	 3.67830730974674E-02 
2338	 3.64574901759624E-02 
2339	 3.61379571259022E-02 
2340	 3.58770005404949E-02 
2341	 3.56341786682606E-02 
2342	 0.035410650074482 
2343	 3.51988151669502E-02 
2344	 3.50088253617287E-02 
2345	 3.49021330475807E-02 
2346	 3.48432883620262E-02 
2347	 3.48813608288765E-02 
2348	 3.50308790802956E-02 
2349	 3.52929010987282E-02 
2350	 3.56354340910912E-02 
2351	 3.60378101468086E-02 
2352	 3.64409424364567E-02 
2353	 3.68183627724648E-02 
2354	 3.72119434177876E-02 
2355	 3.76004502177238E-02 
2356	 3.79969403147697E-02 
2357	 3.83548140525818E-02 
2358	 3.86518575251102E-02 
2359	 3.89905087649822E-02 
2360	 3.93018387258053E-02 
2361	 3.95352467894554E-02 
2362	 3.97397726774216E-02 
2363	 3.98603081703186E-02 
2364	 3.99635396897793E-02 
2365	 4.00794483721256E-02 
2366	 4.02105823159218E-02 
2367	 4.03408482670784E-02 
2368	 4.04407903552055E-02 
2369	 4.05407249927521E-02 
2370	 4.06095050275326E-02 
2371	 4.06774841248989E-02 
2372	 4.07449975609779E-02 
2373	 4.07666005194187E-02 
2374	 0.040777288377285 
2375	 4.07933853566647E-02 
2376	 4.08059768378735E-02 
2377	 4.08078543841839E-02 
2378	 4.07824777066708E-02 
2379	 4.07704785466194E-02 
2380	 4.07037623226643E-02 
2381	 4.05802428722382E-02 
2382	 4.04997915029526E-02 
2383	 4.04244661331177E-02 
2384	 4.03514988720417E-02 
2385	 4.03125993907452E-02 
2386	 0.040243674069643 
2387	 0.040156863629818 
2388	 4.00644689798355E-02 
2389	 3.99637557566166E-02 
2390	 3.98822501301765E-02 
2391	 3.98214124143124E-02 
2392	 3.97042036056519E-02 
2393	 3.95334810018539E-02 
2394	 3.93915735185146E-02 
2395	 0.039230078458786 
2396	 3.90847511589527E-02 
2397	 3.90102975070477E-02 
2398	 3.88791263103485E-02 
2399	 3.86917404830456E-02 
2400	 3.85329127311707E-02 
2401	 3.83676365017891E-02 
2402	 3.81573848426342E-02 
2403	 0.037958201020956 
2404	 0.037767942994833 
2405	 3.76431830227375E-02 
2406	 0.03756482899189 
2407	 3.74568402767181E-02 
2408	 3.73165607452393E-02 
2409	 0.037154845893383 
2410	 3.69983911514282E-02 
2411	 3.68911996483803E-02 
2412	 3.67390662431717E-02 
2413	 3.65413352847099E-02 
2414	 3.63358557224274E-02 
2415	 3.61556299030781E-02 
2416	 0.036019504070282 
2417	 3.59239131212235E-02 
2418	 3.58371734619141E-02 
2419	 3.56965623795986E-02 
2420	 3.55318300426006E-02 
2421	 3.53276841342449E-02 
2422	 3.51379439234734E-02 
2423	 3.49690392613411E-02 
2424	 0.034809023141861 
2425	 3.46141718327999E-02 
2426	 3.43256257474422E-02 
2427	 3.41721847653389E-02 
2428	 0.034005630761385 
2429	 3.37375998497009E-02 
2430	 3.36636379361153E-02 
2431	 3.35629247128963E-02 
2432	 3.33968177437782E-02 
2433	 3.33798006176949E-02 
2434	 3.32878939807415E-02 
2435	 3.30624207854271E-02 
2436	 3.28732021152973E-02 
2437	 3.27084548771381E-02 
2438	 0.032526396214962 
2439	 3.23302000761032E-02 
2440	 0.032208725810051 
2441	 3.21460515260696E-02 
2442	 3.20742316544056E-02 
2443	 3.19869816303253E-02 
2444	 3.18177938461304E-02 
2445	 3.16357389092445E-02 
2446	 3.14094014465809E-02 
2447	 3.12203411012888E-02 
2448	 3.10990456491709E-02 
2449	 3.08724027127028E-02 
2450	 3.07788625359535E-02 
2451	 3.07287704199553E-02 
2452	 3.05500123649836E-02 
2453	 3.05089056491852E-02 
2454	 3.04500330239534E-02 
2455	 3.02238650619984E-02 
2456	 3.00322473049164E-02 
2457	 2.99333073198795E-02 
2458	 2.98356935381889E-02 
2459	 2.97907404601574E-02 
2460	 2.98333968967199E-02 
2461	 2.97271311283112E-02 
2462	 2.95968987047672E-02 
2463	 2.95919738709927E-02 
2464	 0.029566640034318 
2465	 2.94784139841795E-02 
2466	 2.93188616633415E-02 
2467	 2.91796922683716E-02 
2468	 2.91177835315466E-02 
2469	 0.029225030913949 
2470	 2.93128099292517E-02 
2471	 2.93160006403923E-02 
2472	 2.93590500950813E-02 
2473	 2.93534975498915E-02 
2474	 2.94723324477673E-02 
2475	 2.95468345284462E-02 
2476	 2.94721405953169E-02 
2477	 2.94608995318413E-02 
2478	 2.94502656906843E-02 
2479	 2.95100007206202E-02 
2480	 2.97375284135342E-02 
2481	 2.98822149634361E-02 
2482	 2.99261827021837E-02 
2483	 2.99545042216778E-02 
2484	 3.01181264221668E-02 
2485	 2.99620591104031E-02 
2486	 2.98710726201534E-02 
2487	 2.98643931746483E-02 
2488	 2.97840088605881E-02 
2489	 2.99203284084797E-02 
2490	 3.02328690886498E-02 
2491	 3.05687990039587E-02 
2492	 3.07347401976585E-02 
2493	 3.08159403502941E-02 
2494	 3.08599080890417E-02 
2495	 3.09166368097067E-02 
2496	 0.030965905636549 
2497	 0.030980197712779 
2498	 3.10118608176708E-02 
2499	 3.08321919292212E-02 
2500	 3.08461599051952E-02 
