Wavelength	5d.000
350	 7.66176581382751E-02 
351	 7.52584040164948E-02 
352	 7.03815221786499E-02 
353	 6.35539218783379E-02 
354	 6.44888877868652E-02 
355	 6.58013299107552E-02 
356	 6.48039057850838E-02 
357	 6.11970648169518E-02 
358	 5.76355792582035E-02 
359	 0.056270781904459 
360	 5.65752759575844E-02 
361	 5.64789287745953E-02 
362	 5.43581135571003E-02 
363	 5.21847866475582E-02 
364	 5.06609529256821E-02 
365	 4.83541376888752E-02 
366	 5.02883829176426E-02 
367	 5.18540069460869E-02 
368	 4.92871440947056E-02 
369	 4.90151010453701E-02 
370	 4.85584326088429E-02 
371	 4.73431870341301E-02 
372	 0.046078372746706 
373	 0.046108178794384 
374	 4.72795963287354E-02 
375	 4.84164468944073E-02 
376	 4.72276173532009E-02 
377	 4.62527647614479E-02 
378	 4.54290062189102E-02 
379	 4.43645268678665E-02 
380	 4.38786298036575E-02 
381	 0.044893354177475 
382	 0.045759342610836 
383	 4.38801534473896E-02 
384	 4.30835746228695E-02 
385	 4.30216789245605E-02 
386	 4.28706631064415E-02 
387	 4.18899059295654E-02 
388	 4.08398546278477E-02 
389	 4.06756401062012E-02 
390	 4.15401495993137E-02 
391	 4.05842587351799E-02 
392	 3.98577302694321E-02 
393	 3.97792719304562E-02 
394	 3.96186113357544E-02 
395	 3.95118966698647E-02 
396	 3.91849130392075E-02 
397	 3.87161299586296E-02 
398	 3.88649068772793E-02 
399	 3.83824482560158E-02 
400	 3.79230082035065E-02 
401	 3.81418541073799E-02 
402	 3.72235625982285E-02 
403	 0.036831047385931 
404	 3.68776582181454E-02 
405	 3.60406488180161E-02 
406	 3.59235368669033E-02 
407	 3.58430743217468E-02 
408	 0.035407155752182 
409	 3.55351790785789E-02 
410	 3.45773324370384E-02 
411	 3.36819961667061E-02 
412	 3.43054383993149E-02 
413	 3.47131490707397E-02 
414	 3.42238135635853E-02 
415	 3.33834663033485E-02 
416	 3.36568467319012E-02 
417	 3.35676595568657E-02 
418	 3.32160443067551E-02 
419	 0.032887976616621 
420	 3.26180905103683E-02 
421	 3.22648957371712E-02 
422	 3.22444811463356E-02 
423	 3.29027026891708E-02 
424	 3.27091850340366E-02 
425	 0.032253373414278 
426	 3.19673717021942E-02 
427	 0.031895637512207 
428	 3.17502021789551E-02 
429	 3.16417850553989E-02 
430	 3.16206179559231E-02 
431	 3.12027093023062E-02 
432	 3.12769040465355E-02 
433	 3.15290950238705E-02 
434	 3.11192814260721E-02 
435	 3.11196818947792E-02 
436	 3.11580449342728E-02 
437	 3.10291983187199E-02 
438	 3.10453586280346E-02 
439	 3.09497583657503E-02 
440	 3.08373011648655E-02 
441	 3.08354254812002E-02 
442	 0.030760457739234 
443	 3.07700652629137E-02 
444	 3.07915229350328E-02 
445	 3.05929724127054E-02 
446	 3.05438786745071E-02 
447	 3.05083803832531E-02 
448	 3.03964670747519E-02 
449	 3.03902849555016E-02 
450	 3.05649600923061E-02 
451	 3.06784939020872E-02 
452	 3.04715149104595E-02 
453	 3.04051227867603E-02 
454	 0.030429320409894 
455	 3.04206963628531E-02 
456	 3.02276276051998E-02 
457	 3.03252283483744E-02 
458	 3.04534025490284E-02 
459	 3.03481537848711E-02 
460	 3.02534475922585E-02 
461	 3.00768315792084E-02 
462	 2.98900790512562E-02 
463	 2.98417061567307E-02 
464	 2.99039762467146E-02 
465	 3.00274230539799E-02 
466	 3.00895106047392E-02 
467	 2.98496708273888E-02 
468	 2.97880303114653E-02 
469	 2.98197902739048E-02 
470	 2.97748632729054E-02 
471	 2.99326758831739E-02 
472	 2.98097487539053E-02 
473	 2.95514389872551E-02 
474	 2.97583136707544E-02 
475	 2.96984817832708E-02 
476	 2.96530462801456E-02 
477	 2.98031363636255E-02 
478	 2.97494456171989E-02 
479	 2.95815523713827E-02 
480	 0.029482651501894 
481	 2.96035446226597E-02 
482	 2.95913647860289E-02 
483	 2.95767821371555E-02 
484	 0.029591228812933 
485	 2.95158140361309E-02 
486	 2.96528246253729E-02 
487	 2.97540705651045E-02 
488	 2.96055004000664E-02 
489	 2.94895470142365E-02 
490	 2.94090043753386E-02 
491	 2.93850041925907E-02 
492	 2.94293947517872E-02 
493	 2.94114835560322E-02 
494	 2.93946042656899E-02 
495	 2.94448360800743E-02 
496	 2.96088494360447E-02 
497	 2.95526925474405E-02 
498	 2.94648483395576E-02 
499	 2.95856073498726E-02 
500	 0.029584851115942 
501	 2.94752158224583E-02 
502	 2.93772052973509E-02 
503	 2.94753443449736E-02 
504	 2.95745059847832E-02 
505	 2.95895617455244E-02 
506	 0.029522905126214 
507	 2.95275915414095E-02 
508	 2.95167714357376E-02 
509	 2.95454934239388E-02 
510	 2.96797510236502E-02 
511	 2.96059641987085E-02 
512	 2.95911654829979E-02 
513	 2.97264978289604E-02 
514	 2.98155657947063E-02 
515	 2.97863502055407E-02 
516	 2.97365095466375E-02 
517	 2.97658145427704E-02 
518	 2.97933649271727E-02 
519	 2.98624821007252E-02 
520	 2.99508068710566E-02 
521	 0.029995271936059 
522	 3.00440024584532E-02 
523	 0.030037047341466 
524	 0.029987595975399 
525	 3.00946533679962E-02 
526	 3.01146991550922E-02 
527	 3.00941746681929E-02 
528	 3.01523599773645E-02 
529	 3.01908757537603E-02 
530	 3.02139408886433E-02 
531	 3.02421040832996E-02 
532	 3.03042512387037E-02 
533	 3.03005892783403E-02 
534	 3.03457714617252E-02 
535	 3.04869171231985E-02 
536	 3.04302927106619E-02 
537	 3.04211266338825E-02 
538	 3.04751265794039E-02 
539	 3.04855965077877E-02 
540	 3.04987095296383E-02 
541	 3.05588841438293E-02 
542	 3.06593775749207E-02 
543	 3.07132415473461E-02 
544	 3.07600386440754E-02 
545	 3.07929143309593E-02 
546	 3.08142993599176E-02 
547	 3.09243034571409E-02 
548	 3.10441069304943E-02 
549	 3.11290621757507E-02 
550	 0.031175684183836 
551	 3.12363523989916E-02 
552	 0.031362634152174 
553	 3.15503627061844E-02 
554	 3.16585227847099E-02 
555	 3.17883230745792E-02 
556	 0.0319834202528 
557	 3.22452150285244E-02 
558	 0.032471414655447 
559	 3.27561907470226E-02 
560	 3.30979749560356E-02 
561	 3.33388634026051E-02 
562	 3.35838049650192E-02 
563	 3.38941179215908E-02 
564	 3.42816188931465E-02 
565	 3.46259064972401E-02 
566	 3.49856168031693E-02 
567	 3.53561565279961E-02 
568	 3.56900207698345E-02 
569	 3.60688120126724E-02 
570	 3.64146195352077E-02 
571	 3.67022082209587E-02 
572	 3.70743423700333E-02 
573	 3.74142117798328E-02 
574	 3.77293601632118E-02 
575	 0.03807457908988 
576	 3.84781360626221E-02 
577	 3.88864129781723E-02 
578	 3.92849668860435E-02 
579	 3.97090576589108E-02 
580	 4.01067398488522E-02 
581	 4.04912941157818E-02 
582	 4.08930741250515E-02 
583	 0.041340097784996 
584	 4.18018139898777E-02 
585	 4.22600619494915E-02 
586	 4.27100546658039E-02 
587	 4.31922748684883E-02 
588	 4.36851866543293E-02 
589	 4.41944673657417E-02 
590	 4.47834543883801E-02 
591	 4.53262776136398E-02 
592	 4.58947382867336E-02 
593	 4.65735159814358E-02 
594	 4.72083315253258E-02 
595	 4.78986278176308E-02 
596	 4.86526340246201E-02 
597	 4.93962168693542E-02 
598	 5.02187386155128E-02 
599	 5.11515662074089E-02 
600	 0.052181676030159 
601	 5.32040409743786E-02 
602	 5.43261170387268E-02 
603	 0.055572684854269 
604	 5.69357350468636E-02 
605	 5.84630444645882E-02 
606	 6.00558519363403E-02 
607	 6.17314167320728E-02 
608	 6.36576786637306E-02 
609	 6.56703040003777E-02 
610	 6.78448900580406E-02 
611	 7.02669993042946E-02 
612	 7.28243738412857E-02 
613	 0.075564906001091 
614	 7.85280391573906E-02 
615	 8.17500352859497E-02 
616	 8.52285921573639E-02 
617	 8.89604166150093E-02 
618	 9.29445177316666E-02 
619	 9.71929356455803E-02 
620	 0.101749278604984 
621	 0.106605738401413 
622	 0.111737035214901 
623	 0.117142967879772 
624	 0.122869305312634 
625	 0.128879353404045 
626	 0.135073468089104 
627	 0.141617745161057 
628	 0.148410260677338 
629	 0.155351355671883 
630	 0.162462815642357 
631	 0.169813841581345 
632	 0.177365332841873 
633	 0.185004130005836 
634	 0.192704528570175 
635	 0.200457870960236 
636	 0.208279564976692 
637	 0.216188415884972 
638	 0.224042505025864 
639	 0.231819093227386 
640	 0.239516541361809 
641	 0.247069850564003 
642	 0.254499584436417 
643	 0.261813193559647 
644	 0.269020408391953 
645	 0.276073276996613 
646	 0.282904803752899 
647	 0.289495825767517 
648	 0.295920372009277 
649	 0.302177548408508 
650	 0.308202803134918 
651	 0.313959389925003 
652	 0.319579184055328 
653	 0.324990421533585 
654	 0.330206364393234 
655	 0.335298418998718 
656	 0.340138584375381 
657	 0.344737976789474 
658	 0.349159479141235 
659	 0.353538423776627 
660	 0.35769909620285 
661	 0.361646145582199 
662	 0.365459531545639 
663	 0.369242131710052 
664	 0.372844099998474 
665	 0.376259803771973 
666	 0.379635244607925 
667	 0.382842868566513 
668	 0.385863214731216 
669	 0.388755142688751 
670	 0.391741245985031 
671	 0.394620388746262 
672	 0.397336900234222 
673	 0.399924963712692 
674	 0.402486890554428 
675	 0.405024170875549 
676	 0.407507598400116 
677	 0.409888714551926 
678	 0.412025094032288 
679	 0.414199262857437 
680	 0.416592925786972 
681	 0.418780922889709 
682	 0.420813024044037 
683	 0.422759652137756 
684	 0.424709647893906 
685	 0.426753461360931 
686	 0.428665637969971 
687	 0.430405497550964 
688	 0.432237029075623 
689	 0.434177339076996 
690	 0.436044275760651 
691	 0.437691241502762 
692	 0.439273595809937 
693	 0.440963357686996 
694	 0.442718505859375 
695	 0.444368481636047 
696	 0.446004241704941 
697	 0.447491407394409 
698	 0.448849499225616 
699	 0.450370371341705 
700	 0.452001303434372 
701	 0.453567445278168 
702	 0.454964578151703 
703	 0.456520736217499 
704	 0.45793417096138 
705	 0.459189862012863 
706	 0.460476815700531 
707	 0.461790502071381 
708	 0.46318793296814 
709	 0.464584022760391 
710	 0.465634167194366 
711	 0.466962248086929 
712	 0.468382269144058 
713	 0.469559252262115 
714	 0.470619529485703 
715	 0.471718370914459 
716	 0.472895950078964 
717	 0.474091112613678 
718	 0.475166857242584 
719	 0.476213365793228 
720	 0.477254658937454 
721	 0.478134095668793 
722	 0.479128688573837 
723	 0.480145782232285 
724	 0.481057941913605 
725	 0.482111543416977 
726	 0.482965558767319 
727	 0.483726352453232 
728	 0.484767615795136 
729	 0.48566472530365 
730	 0.486394137144089 
731	 0.487043738365173 
732	 0.487788081169128 
733	 0.488527059555054 
734	 0.489235728979111 
735	 0.489911437034607 
736	 0.490547657012939 
737	 0.491232007741928 
738	 0.491869390010834 
739	 0.492293626070023 
740	 0.492887407541275 
741	 0.49351704120636 
742	 0.494070738554001 
743	 0.494570583105087 
744	 0.495047837495804 
745	 0.495486885309219 
746	 0.495873987674713 
747	 0.496238589286804 
748	 0.496651381254196 
749	 0.497084945440292 
750	 0.49744987487793 
751	 0.497664719820023 
752	 0.497934550046921 
753	 0.49829575419426 
754	 0.498534739017487 
755	 0.498818099498749 
756	 0.499089181423187 
757	 0.499287188053131 
758	 0.499478846788406 
759	 0.499723017215729 
760	 0.499940872192383 
761	 0.500018715858459 
762	 0.500070214271545 
763	 0.500206470489502 
764	 0.500440657138824 
765	 0.500674724578857 
766	 0.500660300254822 
767	 0.50059574842453 
768	 0.500689148902893 
769	 0.500990509986877 
770	 0.50106281042099 
771	 0.500984847545624 
772	 0.500990271568298 
773	 0.500983893871307 
774	 0.501011848449707 
775	 0.501071691513062 
776	 0.501118421554565 
777	 0.501151561737061 
778	 0.501071333885193 
779	 0.500897467136383 
780	 0.500861167907715 
781	 0.500963151454926 
782	 0.500950813293457 
783	 0.500669717788696 
784	 0.500559449195862 
785	 0.500552415847778 
786	 0.500536561012268 
787	 0.500401079654694 
788	 0.500258505344391 
789	 0.500124752521515 
790	 0.500031113624573 
791	 0.500030517578125 
792	 0.500020146369934 
793	 0.499970018863678 
794	 0.499850958585739 
795	 0.499572545289993 
796	 0.499384462833405 
797	 0.499316453933716 
798	 0.49927431344986 
799	 0.499038070440292 
800	 0.498855650424957 
801	 0.498794853687286 
802	 0.498756021261215 
803	 0.498635023832321 
804	 0.498499780893326 
805	 0.498376160860062 
806	 0.498189210891724 
807	 0.498087644577026 
808	 0.498044461011887 
809	 0.497996807098389 
810	 0.497936546802521 
811	 0.497755199670792 
812	 0.497538834810257 
813	 0.497421711683273 
814	 0.497246205806732 
815	 0.497118055820465 
816	 0.497066080570221 
817	 0.497029304504395 
818	 0.496903300285339 
819	 0.496705591678619 
820	 0.496526181697845 
821	 0.496529370546341 
822	 0.496576726436615 
823	 0.496547162532806 
824	 0.496404081583023 
825	 0.496354699134827 
826	 0.496195107698441 
827	 0.495965033769608 
828	 0.49582228064537 
829	 0.49587419629097 
830	 0.495952397584915 
831	 0.495907694101334 
832	 0.495668828487396 
833	 0.495563119649887 
834	 0.495560735464096 
835	 0.495566785335541 
836	 0.495481431484222 
837	 0.495436578989029 
838	 0.495393335819244 
839	 0.495320349931717 
840	 0.495338171720505 
841	 0.495302140712738 
842	 0.495228260755539 
843	 0.495187729597092 
844	 0.495167762041092 
845	 0.495120644569397 
846	 0.49508860707283 
847	 0.495154649019241 
848	 0.495145857334137 
849	 0.495100438594818 
850	 0.495095580816269 
851	 0.495216995477676 
852	 0.495465606451035 
853	 0.49563804268837 
854	 0.49563080072403 
855	 0.495631456375122 
856	 0.495658129453659 
857	 0.495742499828339 
858	 0.495872288942337 
859	 0.495897263288498 
860	 0.495949417352676 
861	 0.49598640203476 
862	 0.495941936969757 
863	 0.496166676282883 
864	 0.496459305286407 
865	 0.496688216924667 
866	 0.496818423271179 
867	 0.496755391359329 
868	 0.496720224618912 
869	 0.496835917234421 
870	 0.497026205062866 
871	 0.497262120246887 
872	 0.497491866350174 
873	 0.497680962085724 
874	 0.497836023569107 
875	 0.49800255894661 
876	 0.498088836669922 
877	 0.498072445392609 
878	 0.498313993215561 
879	 0.498606234788895 
880	 0.498874694108963 
881	 0.499099344015121 
882	 0.499158769845963 
883	 0.49925708770752 
884	 0.499473661184311 
885	 0.499759525060654 
886	 0.500009536743164 
887	 0.500299453735352 
888	 0.500575482845306 
889	 0.500638782978058 
890	 0.500769138336182 
891	 0.500948071479797 
892	 0.501146614551544 
893	 0.501413464546204 
894	 0.501663327217102 
895	 0.50190806388855 
896	 0.502193987369537 
897	 0.502601981163025 
898	 0.502864181995392 
899	 0.502992570400238 
900	 0.503118574619293 
901	 0.503385066986084 
902	 0.503650546073914 
903	 0.503923118114471 
904	 0.504265487194061 
905	 0.504596352577209 
906	 0.504870057106018 
907	 0.505188941955566 
908	 0.505683064460754 
909	 0.505886197090149 
910	 0.506036460399628 
911	 0.506295144557953 
912	 0.506653428077698 
913	 0.506998836994171 
914	 0.50728714466095 
915	 0.50760406255722 
916	 0.508168578147888 
917	 0.508661210536957 
918	 0.50905841588974 
919	 0.50941663980484 
920	 0.50981605052948 
921	 0.509984791278839 
922	 0.510120451450348 
923	 0.51043438911438 
924	 0.510839402675629 
925	 0.511347532272339 
926	 0.511913180351257 
927	 0.512458622455597 
928	 0.512870252132416 
929	 0.513235628604889 
930	 0.513588309288025 
931	 0.51393073797226 
932	 0.514230966567993 
933	 0.514597833156586 
934	 0.515101671218872 
935	 0.515714585781097 
936	 0.51606410741806 
937	 0.516546845436096 
938	 0.517138183116913 
939	 0.517554104328156 
940	 0.518095135688782 
941	 0.518632411956787 
942	 0.519112229347229 
943	 0.519590437412262 
944	 0.520202398300171 
945	 0.520692586898804 
946	 0.521069526672363 
947	 0.521622180938721 
948	 0.522031366825104 
949	 0.522302567958832 
950	 0.522651433944702 
951	 0.523416817188263 
952	 0.52386474609375 
953	 0.524096369743347 
954	 0.524340867996216 
955	 0.524750232696533 
956	 0.52501392364502 
957	 0.525228917598724 
958	 0.525518894195557 
959	 0.52589225769043 
960	 0.526218473911285 
961	 0.526407063007355 
962	 0.526473939418793 
963	 0.526604294776917 
964	 0.526653826236725 
965	 0.526812136173248 
966	 0.52715277671814 
967	 0.527311086654663 
968	 0.527543246746063 
969	 0.527911782264709 
970	 0.528361201286316 
971	 0.528702795505524 
972	 0.52894139289856 
973	 0.529193341732025 
974	 0.529612958431244 
975	 0.530338764190674 
976	 0.531167566776276 
977	 0.531911790370941 
978	 0.532462298870087 
979	 0.532888293266296 
980	 0.533384561538696 
981	 0.533916532993317 
982	 0.534400105476379 
983	 0.534886121749878 
984	 0.535397827625275 
985	 0.53602522611618 
986	 0.536783576011658 
987	 0.537391185760498 
988	 0.538046896457672 
989	 0.538666248321533 
990	 0.539154529571533 
991	 0.539746463298798 
992	 0.540147066116333 
993	 0.540488421916962 
994	 0.540999352931976 
995	 0.541667342185974 
996	 0.542312026023865 
997	 0.542801082134247 
998	 0.543129086494446 
999	 0.543580651283264 
1000	 0.544047057628632 
1001	 0.544101715087891 
1002	 0.544521152973175 
1003	 0.544971346855164 
1004	 0.545349597930908 
1005	 0.545641243457794 
1006	 0.545984625816345 
1007	 0.546329438686371 
1008	 0.546672582626343 
1009	 0.547032535076141 
1010	 0.547354221343994 
1011	 0.547653496265411 
1012	 0.547951698303223 
1013	 0.548222720623016 
1014	 0.548513412475586 
1015	 0.548810541629791 
1016	 0.549111068248749 
1017	 0.549415647983551 
1018	 0.549694359302521 
1019	 0.550019919872284 
1020	 0.550343096256256 
1021	 0.550671517848969 
1022	 0.551048815250397 
1023	 0.551357626914978 
1024	 0.551639974117279 
1025	 0.551918625831604 
1026	 0.552140116691589 
1027	 0.552396595478058 
1028	 0.552678823471069 
1029	 0.552935779094696 
1030	 0.553156197071075 
1031	 0.553418278694153 
1032	 0.553643941879272 
1033	 0.553826987743378 
1034	 0.554087102413177 
1035	 0.554381728172302 
1036	 0.554641902446747 
1037	 0.554911434650421 
1038	 0.55517053604126 
1039	 0.555394053459167 
1040	 0.555644392967224 
1041	 0.555936694145203 
1042	 0.556191623210907 
1043	 0.556446731090546 
1044	 0.556662976741791 
1045	 0.556875824928284 
1046	 0.55708247423172 
1047	 0.557290554046631 
1048	 0.55749249458313 
1049	 0.557689547538757 
1050	 0.557884752750397 
1051	 0.558090806007385 
1052	 0.558314740657806 
1053	 0.558569312095642 
1054	 0.558891415596008 
1055	 0.55913633108139 
1056	 0.559352457523346 
1057	 0.559599280357361 
1058	 0.559832632541656 
1059	 0.560031712055206 
1060	 0.56027615070343 
1061	 0.560543119907379 
1062	 0.560778737068176 
1063	 0.56101655960083 
1064	 0.56128317117691 
1065	 0.561559438705444 
1066	 0.561797082424164 
1067	 0.561971962451935 
1068	 0.562196552753448 
1069	 0.562427222728729 
1070	 0.562645554542542 
1071	 0.562865436077118 
1072	 0.563139379024506 
1073	 0.563341498374939 
1074	 0.563543677330017 
1075	 0.563774287700653 
1076	 0.56399542093277 
1077	 0.564276874065399 
1078	 0.564525425434113 
1079	 0.564738929271698 
1080	 0.564942955970764 
1081	 0.565105199813843 
1082	 0.565290987491608 
1083	 0.565482974052429 
1084	 0.565704464912415 
1085	 0.565938234329224 
1086	 0.566138386726379 
1087	 0.566303670406342 
1088	 0.566514492034912 
1089	 0.566730320453644 
1090	 0.566927671432495 
1091	 0.5671666264534 
1092	 0.567360043525696 
1093	 0.567494690418243 
1094	 0.567625641822815 
1095	 0.567751109600067 
1096	 0.567887187004089 
1097	 0.568029880523682 
1098	 0.568161904811859 
1099	 0.568286180496216 
1100	 0.568367302417755 
1101	 0.568435609340668 
1102	 0.568540573120117 
1103	 0.568633556365967 
1104	 0.568723022937775 
1105	 0.568807005882263 
1106	 0.568890810012817 
1107	 0.568939447402954 
1108	 0.568963408470154 
1109	 0.569007337093353 
1110	 0.569074809551239 
1111	 0.569146275520325 
1112	 0.569206297397614 
1113	 0.56924968957901 
1114	 0.569297254085541 
1115	 0.569325864315033 
1116	 0.569342434406281 
1117	 0.569391906261444 
1118	 0.569428741931915 
1119	 0.569463074207306 
1120	 0.569480419158936 
1121	 0.569509327411652 
1122	 0.569486141204834 
1123	 0.56944066286087 
1124	 0.569377422332764 
1125	 0.569285750389099 
1126	 0.569165289402008 
1127	 0.569005250930786 
1128	 0.568802535533905 
1129	 0.56856381893158 
1130	 0.568304717540741 
1131	 0.568013310432434 
1132	 0.567691802978516 
1133	 0.567301750183105 
1134	 0.566875755786896 
1135	 0.566416621208191 
1136	 0.565898656845093 
1137	 0.565356433391571 
1138	 0.56478875875473 
1139	 0.56420636177063 
1140	 0.563573718070984 
1141	 0.562976241111755 
1142	 0.562383532524109 
1143	 0.561764180660248 
1144	 0.561146080493927 
1145	 0.560486078262329 
1146	 0.559815227985382 
1147	 0.559064865112305 
1148	 0.558217644691467 
1149	 0.557356476783752 
1150	 0.556381464004517 
1151	 0.555339574813843 
1152	 0.554165661334991 
1153	 0.552881836891174 
1154	 0.551500797271729 
1155	 0.549969017505646 
1156	 0.548403918743134 
1157	 0.54672908782959 
1158	 0.545110046863556 
1159	 0.543417930603027 
1160	 0.541784107685089 
1161	 0.540225565433502 
1162	 0.538672924041748 
1163	 0.537332355976105 
1164	 0.536232352256775 
1165	 0.535390377044678 
1166	 0.534881711006165 
1167	 0.534675896167755 
1168	 0.534708201885223 
1169	 0.534989237785339 
1170	 0.535654127597809 
1171	 0.536300659179688 
1172	 0.537231028079987 
1173	 0.538022816181183 
1174	 0.538927495479584 
1175	 0.539632678031921 
1176	 0.540323615074158 
1177	 0.540819764137268 
1178	 0.541152000427246 
1179	 0.541394889354706 
1180	 0.541502892971039 
1181	 0.541500091552734 
1182	 0.541429758071899 
1183	 0.541282176971436 
1184	 0.541062951087952 
1185	 0.540824770927429 
1186	 0.540582835674286 
1187	 0.540282666683197 
1188	 0.540038824081421 
1189	 0.53979879617691 
1190	 0.539587199687958 
1191	 0.539423108100891 
1192	 0.539236426353455 
1193	 0.539073646068573 
1194	 0.538875997066498 
1195	 0.538639962673187 
1196	 0.538423418998718 
1197	 0.538198351860046 
1198	 0.537976086139679 
1199	 0.537761747837067 
1200	 0.537580907344818 
1201	 0.537436723709106 
1202	 0.537326514720917 
1203	 0.537284314632416 
1204	 0.537303507328033 
1205	 0.537394523620605 
1206	 0.537536978721619 
1207	 0.537773311138153 
1208	 0.538082838058472 
1209	 0.538473844528198 
1210	 0.538951873779297 
1211	 0.539491951465607 
1212	 0.540128290653229 
1213	 0.540807068347931 
1214	 0.541536629199982 
1215	 0.542338132858276 
1216	 0.543212473392487 
1217	 0.54412055015564 
1218	 0.545106172561646 
1219	 0.546113550662994 
1220	 0.547148406505585 
1221	 0.548265039920807 
1222	 0.549332678318024 
1223	 0.550446033477783 
1224	 0.551523983478546 
1225	 0.552595138549805 
1226	 0.553612649440765 
1227	 0.554634213447571 
1228	 0.555577158927917 
1229	 0.556467831134796 
1230	 0.557313919067383 
1231	 0.558098554611206 
1232	 0.55886834859848 
1233	 0.559597671031952 
1234	 0.560280382633209 
1235	 0.560923933982849 
1236	 0.561547160148621 
1237	 0.5621258020401 
1238	 0.56268435716629 
1239	 0.563223361968994 
1240	 0.563747704029083 
1241	 0.564234256744385 
1242	 0.564640998840332 
1243	 0.565042078495026 
1244	 0.565412163734436 
1245	 0.565746963024139 
1246	 0.566039860248566 
1247	 0.566331744194031 
1248	 0.566585600376129 
1249	 0.566851258277893 
1250	 0.567123472690582 
1251	 0.567365229129791 
1252	 0.567597091197968 
1253	 0.567805409431458 
1254	 0.567986965179443 
1255	 0.568158447742462 
1256	 0.568315744400024 
1257	 0.568455159664154 
1258	 0.568568170070648 
1259	 0.568683803081512 
1260	 0.568786680698395 
1261	 0.568885087966919 
1262	 0.5689817070961 
1263	 0.569070875644684 
1264	 0.569158732891083 
1265	 0.569231331348419 
1266	 0.569326162338257 
1267	 0.569430351257324 
1268	 0.569532096385956 
1269	 0.569641649723053 
1270	 0.569751858711243 
1271	 0.569860517978668 
1272	 0.569971680641174 
1273	 0.570086121559143 
1274	 0.570205867290497 
1275	 0.570325434207916 
1276	 0.570451319217682 
1277	 0.570581436157227 
1278	 0.570721745491028 
1279	 0.570866167545319 
1280	 0.571019172668457 
1281	 0.571191728115082 
1282	 0.571356594562531 
1283	 0.571524679660797 
1284	 0.571688771247864 
1285	 0.571850121021271 
1286	 0.572001934051514 
1287	 0.572174072265625 
1288	 0.572355389595032 
1289	 0.572527825832367 
1290	 0.57272070646286 
1291	 0.57287323474884 
1292	 0.573020398616791 
1293	 0.573120176792145 
1294	 0.573185384273529 
1295	 0.573237478733063 
1296	 0.573256075382233 
1297	 0.573260724544525 
1298	 0.573257327079773 
1299	 0.573223292827606 
1300	 0.573142886161804 
1301	 0.573077321052551 
1302	 0.57301652431488 
1303	 0.572923004627228 
1304	 0.572826266288757 
1305	 0.572702169418335 
1306	 0.572544276714325 
1307	 0.572369396686554 
1308	 0.572186350822449 
1309	 0.571964681148529 
1310	 0.571750998497009 
1311	 0.571525692939758 
1312	 0.57127320766449 
1313	 0.571019172668457 
1314	 0.570725440979004 
1315	 0.570407211780548 
1316	 0.570045650005341 
1317	 0.569665253162384 
1318	 0.569232523441315 
1319	 0.568751871585846 
1320	 0.568239092826843 
1321	 0.56771457195282 
1322	 0.567105889320374 
1323	 0.566479921340942 
1324	 0.565732419490814 
1325	 0.564896881580353 
1326	 0.56398868560791 
1327	 0.562995135784149 
1328	 0.561926245689392 
1329	 0.560783445835114 
1330	 0.559578478336334 
1331	 0.558278918266296 
1332	 0.556948840618134 
1333	 0.555584192276001 
1334	 0.554126560688019 
1335	 0.552713871002197 
1336	 0.55124694108963 
1337	 0.549883008003235 
1338	 0.548517525196075 
1339	 0.54729300737381 
1340	 0.546119093894959 
1341	 0.545089542865753 
1342	 0.544170320034027 
1343	 0.543338060379028 
1344	 0.542626261711121 
1345	 0.541964471340179 
1346	 0.541403710842133 
1347	 0.540861308574677 
1348	 0.540410578250885 
1349	 0.539924740791321 
1350	 0.539476931095123 
1351	 0.538989126682281 
1352	 0.538491189479828 
1353	 0.537972092628479 
1354	 0.537434160709381 
1355	 0.536880910396576 
1356	 0.536312162876129 
1357	 0.535723686218262 
1358	 0.53511655330658 
1359	 0.534492433071136 
1360	 0.533864736557007 
1361	 0.533199369907379 
1362	 0.53248530626297 
1363	 0.531783044338226 
1364	 0.531038701534271 
1365	 0.530279636383057 
1366	 0.529441773891449 
1367	 0.528577387332916 
1368	 0.527635872364044 
1369	 0.526642024517059 
1370	 0.525542497634888 
1371	 0.524399936199188 
1372	 0.52313631772995 
1373	 0.521807849407196 
1374	 0.520290017127991 
1375	 0.518672168254852 
1376	 0.516863524913788 
1377	 0.514920353889465 
1378	 0.512721717357636 
1379	 0.510362923145294 
1380	 0.507764577865601 
1381	 0.504923045635223 
1382	 0.501872479915619 
1383	 0.498548090457916 
1384	 0.495135605335236 
1385	 0.49145320057869 
1386	 0.487799286842346 
1387	 0.483890473842621 
1388	 0.480289489030838 
1389	 0.476595193147659 
1390	 0.473290890455246 
1391	 0.470321416854858 
1392	 0.467452824115753 
1393	 0.465056926012039 
1394	 0.462915569543839 
1395	 0.461016118526459 
1396	 0.459531933069229 
1397	 0.457931727170944 
1398	 0.456613898277283 
1399	 0.454928368330002 
1400	 0.453289061784744 
1401	 0.451211601495743 
1402	 0.448964148759842 
1403	 0.446261763572693 
1404	 0.443211227655411 
1405	 0.439901381731033 
1406	 0.436211854219437 
1407	 0.432319194078445 
1408	 0.428081125020981 
1409	 0.423780649900436 
1410	 0.419188290834427 
1411	 0.414604336023331 
1412	 0.409849464893341 
1413	 0.405246317386627 
1414	 0.400520354509354 
1415	 0.396017044782639 
1416	 0.391526877880096 
1417	 0.387347459793091 
1418	 0.38327369093895 
1419	 0.379545718431473 
1420	 0.376010775566101 
1421	 0.372953712940216 
1422	 0.370143175125122 
1423	 0.367857158184052 
1424	 0.366063117980957 
1425	 0.364654183387756 
1426	 0.363739758729935 
1427	 0.363401651382446 
1428	 0.363643884658813 
1429	 0.364398956298828 
1430	 0.365693390369415 
1431	 0.367554575204849 
1432	 0.369885683059692 
1433	 0.372816324234009 
1434	 0.37600103020668 
1435	 0.379713177680969 
1436	 0.383578300476074 
1437	 0.387844383716583 
1438	 0.392057329416275 
1439	 0.396579951047897 
1440	 0.400934278964996 
1441	 0.405412167310715 
1442	 0.409612894058228 
1443	 0.413795948028564 
1444	 0.417702376842499 
1445	 0.421399742364883 
1446	 0.424853503704071 
1447	 0.428124934434891 
1448	 0.431153625249863 
1449	 0.433937907218933 
1450	 0.43650358915329 
1451	 0.438838303089142 
1452	 0.440980941057205 
1453	 0.442871689796448 
1454	 0.444582998752594 
1455	 0.446104407310486 
1456	 0.447443306446075 
1457	 0.448588103055954 
1458	 0.449542552232742 
1459	 0.450315475463867 
1460	 0.450890958309174 
1461	 0.451267719268799 
1462	 0.451442360877991 
1463	 0.451448082923889 
1464	 0.451215833425522 
1465	 0.450771480798721 
1466	 0.450076580047607 
1467	 0.449187755584717 
1468	 0.448082327842712 
1469	 0.446741193532944 
1470	 0.445418924093246 
1471	 0.444150865077972 
1472	 0.442685723304749 
1473	 0.441733181476593 
1474	 0.440834581851959 
1475	 0.440595060586929 
1476	 0.440693736076355 
1477	 0.441390186548233 
1478	 0.442693203687668 
1479	 0.444218367338181 
1480	 0.446344077587128 
1481	 0.448369979858398 
1482	 0.450795024633408 
1483	 0.452882677316666 
1484	 0.455056965351105 
1485	 0.456901997327805 
1486	 0.458548963069916 
1487	 0.460010230541229 
1488	 0.461249858140945 
1489	 0.462375164031982 
1490	 0.463286072015762 
1491	 0.464152634143829 
1492	 0.464863955974579 
1493	 0.465568035840988 
1494	 0.466177105903625 
1495	 0.466781824827194 
1496	 0.467340677976608 
1497	 0.467895776033401 
1498	 0.468414455652237 
1499	 0.468944787979126 
1500	 0.469463169574738 
1501	 0.469992756843567 
1502	 0.470522791147232 
1503	 0.471057742834091 
1504	 0.471598714590073 
1505	 0.472142398357391 
1506	 0.472700625658035 
1507	 0.473244935274124 
1508	 0.473798960447311 
1509	 0.474326550960541 
1510	 0.474823951721191 
1511	 0.475326299667358 
1512	 0.475809097290039 
1513	 0.476301729679108 
1514	 0.476796954870224 
1515	 0.477300822734833 
1516	 0.477821707725525 
1517	 0.478327333927155 
1518	 0.47883802652359 
1519	 0.479333013296127 
1520	 0.479805648326874 
1521	 0.480276674032211 
1522	 0.480731517076492 
1523	 0.481227934360504 
1524	 0.481720805168152 
1525	 0.482221782207489 
1526	 0.482736110687256 
1527	 0.483264029026031 
1528	 0.483792454004288 
1529	 0.484330981969833 
1530	 0.484870970249176 
1531	 0.485425382852554 
1532	 0.485949099063873 
1533	 0.486463338136673 
1534	 0.486983150243759 
1535	 0.487485647201538 
1536	 0.487993121147156 
1537	 0.488518536090851 
1538	 0.489014744758606 
1539	 0.4894999563694 
1540	 0.489959865808487 
1541	 0.490414500236511 
1542	 0.490823924541473 
1543	 0.491198658943176 
1544	 0.491550892591476 
1545	 0.491867184638977 
1546	 0.492174863815308 
1547	 0.492456376552582 
1548	 0.492734611034393 
1549	 0.493003487586975 
1550	 0.493251830339432 
1551	 0.493501007556915 
1552	 0.49369865655899 
1553	 0.493846446275711 
1554	 0.494011878967285 
1555	 0.494147300720215 
1556	 0.494294673204422 
1557	 0.494445204734802 
1558	 0.494608342647552 
1559	 0.494767040014267 
1560	 0.494937688112259 
1561	 0.495121687650681 
1562	 0.495321035385132 
1563	 0.495526820421219 
1564	 0.495741993188858 
1565	 0.495986312627792 
1566	 0.496216833591461 
1567	 0.496438384056091 
1568	 0.496672302484512 
1569	 0.496914446353912 
1570	 0.497154504060745 
1571	 0.497392416000366 
1572	 0.497644931077957 
1573	 0.4979128241539 
1574	 0.498165428638458 
1575	 0.498421877622604 
1576	 0.498676031827927 
1577	 0.498909562826157 
1578	 0.499161750078201 
1579	 0.499432533979416 
1580	 0.49969419836998 
1581	 0.499951869249344 
1582	 0.500218510627747 
1583	 0.500490963459015 
1584	 0.500758528709412 
1585	 0.501024067401886 
1586	 0.501301527023315 
1587	 0.501559674739838 
1588	 0.501861155033112 
1589	 0.502203166484833 
1590	 0.502536296844482 
1591	 0.502903759479523 
1592	 0.503245174884796 
1593	 0.503562867641449 
1594	 0.503898024559021 
1595	 0.504235982894897 
1596	 0.504570066928864 
1597	 0.504902720451355 
1598	 0.50524777173996 
1599	 0.505597054958344 
1600	 0.50594574213028 
1601	 0.506317675113678 
1602	 0.506669282913208 
1603	 0.507005751132965 
1604	 0.50733757019043 
1605	 0.507663786411285 
1606	 0.50798088312149 
1607	 0.508294284343719 
1608	 0.508593440055847 
1609	 0.508869767189026 
1610	 0.509157121181488 
1611	 0.509438455104828 
1612	 0.509721696376801 
1613	 0.510023713111877 
1614	 0.510301768779755 
1615	 0.510582268238068 
1616	 0.51082843542099 
1617	 0.511052131652832 
1618	 0.511253237724304 
1619	 0.511430203914642 
1620	 0.511575877666473 
1621	 0.51168829202652 
1622	 0.511791884899139 
1623	 0.511869609355927 
1624	 0.511931002140045 
1625	 0.511978983879089 
1626	 0.512011706829071 
1627	 0.512012183666229 
1628	 0.512015461921692 
1629	 0.511999845504761 
1630	 0.512000322341919 
1631	 0.512001216411591 
1632	 0.51201319694519 
1633	 0.512042999267578 
1634	 0.512068271636963 
1635	 0.512091815471649 
1636	 0.512122750282288 
1637	 0.512183964252472 
1638	 0.512200951576233 
1639	 0.512215495109558 
1640	 0.512192010879517 
1641	 0.512121975421906 
1642	 0.512040138244629 
1643	 0.511950492858887 
1644	 0.51181697845459 
1645	 0.511657238006592 
1646	 0.511460542678833 
1647	 0.511232972145081 
1648	 0.510951280593872 
1649	 0.510637700557709 
1650	 0.510256230831146 
1651	 0.509827613830566 
1652	 0.509327352046967 
1653	 0.508772671222687 
1654	 0.508134603500366 
1655	 0.507413983345032 
1656	 0.506617605686188 
1657	 0.505739450454712 
1658	 0.504791498184204 
1659	 0.503747940063477 
1660	 0.502685904502869 
1661	 0.501582503318787 
1662	 0.500402629375458 
1663	 0.499167174100876 
1664	 0.497861266136169 
1665	 0.496481537818909 
1666	 0.495021730661392 
1667	 0.493508964776993 
1668	 0.491922706365585 
1669	 0.490268528461456 
1670	 0.48851004242897 
1671	 0.486662328243256 
1672	 0.484720647335052 
1673	 0.482678800821304 
1674	 0.480535089969635 
1675	 0.478300452232361 
1676	 0.476019144058228 
1677	 0.473630458116531 
1678	 0.471204310655594 
1679	 0.468688935041428 
1680	 0.466171354055405 
1681	 0.463569015264511 
1682	 0.461014658212662 
1683	 0.458460777997971 
1684	 0.455990195274353 
1685	 0.453557372093201 
1686	 0.451152831315994 
1687	 0.448787599802017 
1688	 0.446437478065491 
1689	 0.444110155105591 
1690	 0.441793501377106 
1691	 0.439529210329056 
1692	 0.437294453382492 
1693	 0.435106784105301 
1694	 0.4328573346138 
1695	 0.430630177259445 
1696	 0.428289651870728 
1697	 0.425860971212387 
1698	 0.423400670289993 
1699	 0.420870184898376 
1700	 0.418430328369141 
1701	 0.415948212146759 
1702	 0.413580417633057 
1703	 0.411234200000763 
1704	 0.40903377532959 
1705	 0.406914800405502 
1706	 0.404861390590668 
1707	 0.403069287538528 
1708	 0.401296108961105 
1709	 0.399610459804535 
1710	 0.398038327693939 
1711	 0.396389365196228 
1712	 0.394812881946564 
1713	 0.393224269151688 
1714	 0.391603767871857 
1715	 0.390125006437302 
1716	 0.388627916574478 
1717	 0.387165129184723 
1718	 0.38574156165123 
1719	 0.384292960166931 
1720	 0.382971316576004 
1721	 0.381747245788574 
1722	 0.38065579533577 
1723	 0.379799455404282 
1724	 0.37907537817955 
1725	 0.378531098365784 
1726	 0.378282427787781 
1727	 0.37828728556633 
1728	 0.378573209047318 
1729	 0.379183143377304 
1730	 0.380058377981186 
1731	 0.381086379289627 
1732	 0.382314652204514 
1733	 0.383599728345871 
1734	 0.384941041469574 
1735	 0.386360347270966 
1736	 0.387664794921875 
1737	 0.388838797807693 
1738	 0.389851957559586 
1739	 0.39060440659523 
1740	 0.391170114278793 
1741	 0.391490370035172 
1742	 0.391523063182831 
1743	 0.391430526971817 
1744	 0.39109081029892 
1745	 0.390666455030441 
1746	 0.390052616596222 
1747	 0.389447093009949 
1748	 0.388741940259933 
1749	 0.3880275785923 
1750	 0.387262105941772 
1751	 0.386496722698212 
1752	 0.385647416114807 
1753	 0.384897798299789 
1754	 0.384172439575195 
1755	 0.383555561304092 
1756	 0.382970750331879 
1757	 0.382538050413132 
1758	 0.382237553596497 
1759	 0.382114708423615 
1760	 0.382138550281525 
1761	 0.382315963506699 
1762	 0.382667750120163 
1763	 0.38320928812027 
1764	 0.383905649185181 
1765	 0.384783923625946 
1766	 0.385838776826859 
1767	 0.386930257081985 
1768	 0.388110846281052 
1769	 0.389367401599884 
1770	 0.390548348426819 
1771	 0.391750663518906 
1772	 0.392924427986145 
1773	 0.394021838903427 
1774	 0.395122587680817 
1775	 0.396111756563187 
1776	 0.397068738937378 
1777	 0.397974133491516 
1778	 0.398760139942169 
1779	 0.399592518806458 
1780	 0.400397658348084 
1781	 0.401154547929764 
1782	 0.401957988739014 
1783	 0.402683526277542 
1784	 0.403386443853378 
1785	 0.404081881046295 
1786	 0.404766142368317 
1787	 0.405460506677628 
1788	 0.406130820512772 
1789	 0.406786322593689 
1790	 0.407434493303299 
1791	 0.408057004213333 
1792	 0.408704906702042 
1793	 0.409350484609604 
1794	 0.409974038600922 
1795	 0.410579651594162 
1796	 0.411167293787003 
1797	 0.411839962005615 
1798	 0.412522852420807 
1799	 0.41324445605278 
1800	 0.414003551006317 
1801	 0.407738089561462 
1802	 0.408786237239838 
1803	 0.409801959991455 
1804	 0.410819619894028 
1805	 0.411910474300385 
1806	 0.412907630205154 
1807	 0.41392382979393 
1808	 0.41484734416008 
1809	 0.415727525949478 
1810	 0.416532784700394 
1811	 0.417270988225937 
1812	 0.417978346347809 
1813	 0.418607622385025 
1814	 0.419242411851883 
1815	 0.419839322566986 
1816	 0.420397073030472 
1817	 0.420951217412949 
1818	 0.421488106250763 
1819	 0.42198571562767 
1820	 0.422464191913605 
1821	 0.422918736934662 
1822	 0.423333644866943 
1823	 0.423756033182144 
1824	 0.424109160900116 
1825	 0.424446433782578 
1826	 0.424754709005356 
1827	 0.425012111663818 
1828	 0.425251185894012 
1829	 0.425500869750977 
1830	 0.425680249929428 
1831	 0.42581894993782 
1832	 0.425909250974655 
1833	 0.425936281681061 
1834	 0.425926476716995 
1835	 0.425889074802399 
1836	 0.425849050283432 
1837	 0.425811380147934 
1838	 0.425768494606018 
1839	 0.425730437040329 
1840	 0.425675064325333 
1841	 0.425644516944885 
1842	 0.425642639398575 
1843	 0.42561936378479 
1844	 0.425591558218002 
1845	 0.425557225942612 
1846	 0.425481975078583 
1847	 0.425407499074936 
1848	 0.425272732973099 
1849	 0.425128221511841 
1850	 0.424889504909515 
1851	 0.424597144126892 
1852	 0.424236357212067 
1853	 0.423774421215057 
1854	 0.423304080963135 
1855	 0.422766834497452 
1856	 0.422159492969513 
1857	 0.421536862850189 
1858	 0.420835733413696 
1859	 0.420093208551407 
1860	 0.41933798789978 
1861	 0.418442398309708 
1862	 0.41746798157692 
1863	 0.416444540023804 
1864	 0.415220260620117 
1865	 0.413952797651291 
1866	 0.412576019763947 
1867	 0.410948246717453 
1868	 0.409269005060196 
1869	 0.407408952713013 
1870	 0.405456721782684 
1871	 0.403392463922501 
1872	 0.401287585496902 
1873	 0.399102002382278 
1874	 0.396842628717422 
1875	 0.394509822130203 
1876	 0.391852855682373 
1877	 0.389142215251923 
1878	 0.386167407035828 
1879	 0.382870972156525 
1880	 0.379613786935806 
1881	 0.376025378704071 
1882	 0.372136354446411 
1883	 0.368110060691834 
1884	 0.363858342170715 
1885	 0.359004586935043 
1886	 0.354104101657867 
1887	 0.348751127719879 
1888	 0.342973083257675 
1889	 0.337395340204239 
1890	 0.331326872110367 
1891	 0.325112700462341 
1892	 0.31876939535141 
1893	 0.311902225017548 
1894	 0.304493337869644 
1895	 0.297124296426773 
1896	 0.28928342461586 
1897	 0.281037747859955 
1898	 0.273187696933746 
1899	 0.264788836240768 
1900	 0.256328791379929 
1901	 0.247869595885277 
1902	 0.238571092486382 
1903	 0.229431137442589 
1904	 0.220196828246117 
1905	 0.210681989789009 
1906	 0.201057866215706 
1907	 0.19228196144104 
1908	 0.183238804340363 
1909	 0.174539044499397 
1910	 0.16631244122982 
1911	 0.157877698540688 
1912	 0.150159448385239 
1913	 0.143104955554008 
1914	 0.136695593595505 
1915	 0.131608471274376 
1916	 0.127634435892105 
1917	 0.124627530574799 
1918	 0.122673153877258 
1919	 0.122262619435787 
1920	 0.12301129847765 
1921	 0.125036641955376 
1922	 0.128487333655357 
1923	 0.133257836103439 
1924	 0.138595029711723 
1925	 0.144971877336502 
1926	 0.15159210562706 
1927	 0.158864006400108 
1928	 0.166246011853218 
1929	 0.174360349774361 
1930	 0.182019874453545 
1931	 0.189661264419556 
1932	 0.196985498070717 
1933	 0.20337601006031 
1934	 0.209493085741997 
1935	 0.215189561247826 
1936	 0.220243155956268 
1937	 0.225215196609497 
1938	 0.229900285601616 
1939	 0.23426029086113 
1940	 0.238329485058784 
1941	 0.242251604795456 
1942	 0.24563430249691 
1943	 0.249033316969872 
1944	 0.252226233482361 
1945	 0.255197763442993 
1946	 0.258265525102615 
1947	 0.261106252670288 
1948	 0.263887584209442 
1949	 0.266606122255325 
1950	 0.269099712371826 
1951	 0.271365821361542 
1952	 0.273632884025574 
1953	 0.275757879018784 
1954	 0.277774125337601 
1955	 0.27990847826004 
1956	 0.281911343336105 
1957	 0.283872842788696 
1958	 0.28583699464798 
1959	 0.287591636180878 
1960	 0.28934907913208 
1961	 0.291066586971283 
1962	 0.292684227228165 
1963	 0.294327229261398 
1964	 0.295978039503098 
1965	 0.297566950321198 
1966	 0.299124985933304 
1967	 0.300698965787888 
1968	 0.302134782075882 
1969	 0.30358612537384 
1970	 0.304993838071823 
1971	 0.306361377239227 
1972	 0.307813674211502 
1973	 0.30920422077179 
1974	 0.310618370771408 
1975	 0.312097668647766 
1976	 0.313486874103546 
1977	 0.314826995134354 
1978	 0.316177845001221 
1979	 0.31750625371933 
1980	 0.318768173456192 
1981	 0.320109367370605 
1982	 0.321410894393921 
1983	 0.322723537683487 
1984	 0.324039608240128 
1985	 0.325252234935761 
1986	 0.326487898826599 
1987	 0.327686667442322 
1988	 0.32881572842598 
1989	 0.329982757568359 
1990	 0.331177026033401 
1991	 0.332313805818558 
1992	 0.333449006080627 
1993	 0.334561079740524 
1994	 0.335552662611008 
1995	 0.336532115936279 
1996	 0.337453246116638 
1997	 0.338302791118622 
1998	 0.339156448841095 
1999	 0.339999914169312 
2000	 0.340777635574341 
2001	 0.341531574726105 
2002	 0.342222332954407 
2003	 0.342845320701599 
2004	 0.343446284532547 
2005	 0.34400862455368 
2006	 0.344526529312134 
2007	 0.34502848982811 
2008	 0.345444679260254 
2009	 0.345796853303909 
2010	 0.346097946166992 
2011	 0.346321493387222 
2012	 0.346464931964874 
2013	 0.34653514623642 
2014	 0.34654775261879 
2015	 0.346456378698349 
2016	 0.346269994974136 
2017	 0.346016526222229 
2018	 0.345677196979523 
2019	 0.345256477594376 
2020	 0.344775319099426 
2021	 0.344177424907684 
2022	 0.343496859073639 
2023	 0.342727899551392 
2024	 0.341812014579773 
2025	 0.340863078832626 
2026	 0.339848130941391 
2027	 0.338697552680969 
2028	 0.337592005729675 
2029	 0.336452007293701 
2030	 0.335310518741608 
2031	 0.334149748086929 
2032	 0.333011597394943 
2033	 0.331830203533173 
2034	 0.330728679895401 
2035	 0.329632222652435 
2036	 0.328599661588669 
2037	 0.32771447300911 
2038	 0.326871693134308 
2039	 0.326138436794281 
2040	 0.325540959835052 
2041	 0.324965626001358 
2042	 0.324443489313126 
2043	 0.324015766382217 
2044	 0.323667913675308 
2045	 0.323378413915634 
2046	 0.323188096284866 
2047	 0.323024153709412 
2048	 0.322921365499496 
2049	 0.322853147983551 
2050	 0.322821855545044 
2051	 0.322850823402405 
2052	 0.322935998439789 
2053	 0.323039174079895 
2054	 0.323166340589523 
2055	 0.323340117931366 
2056	 0.323519468307495 
2057	 0.323718875646591 
2058	 0.323925673961639 
2059	 0.324165016412735 
2060	 0.324391305446625 
2061	 0.324636310338974 
2062	 0.324851661920547 
2063	 0.325048089027405 
2064	 0.325251847505569 
2065	 0.325464189052582 
2066	 0.325622528791428 
2067	 0.325798630714417 
2068	 0.326008796691895 
2069	 0.326177567243576 
2070	 0.326331257820129 
2071	 0.326469540596008 
2072	 0.32660123705864 
2073	 0.326697170734406 
2074	 0.326767116785049 
2075	 0.326818525791168 
2076	 0.326853364706039 
2077	 0.326847702264786 
2078	 0.326829642057419 
2079	 0.326760053634644 
2080	 0.326647073030472 
2081	 0.326494306325912 
2082	 0.326307773590088 
2083	 0.326074540615082 
2084	 0.325765997171402 
2085	 0.325423926115036 
2086	 0.325007528066635 
2087	 0.324490159749985 
2088	 0.323988318443298 
2089	 0.323431491851807 
2090	 0.322880327701569 
2091	 0.322315961122513 
2092	 0.321749210357666 
2093	 0.321130871772766 
2094	 0.320581525564194 
2095	 0.320012599229813 
2096	 0.319531798362732 
2097	 0.319116234779358 
2098	 0.3187475502491 
2099	 0.31844037771225 
2100	 0.318187266588211 
2101	 0.317938566207886 
2102	 0.317737370729446 
2103	 0.317526400089264 
2104	 0.317325264215469 
2105	 0.317140728235245 
2106	 0.316970825195313 
2107	 0.316807389259338 
2108	 0.316681176424026 
2109	 0.316518574953079 
2110	 0.316354930400848 
2111	 0.316172361373901 
2112	 0.315967947244644 
2113	 0.315751761198044 
2114	 0.315518468618393 
2115	 0.3152816593647 
2116	 0.315036684274673 
2117	 0.314776539802551 
2118	 0.314505577087402 
2119	 0.314231842756271 
2120	 0.313942521810532 
2121	 0.31362509727478 
2122	 0.313321739435196 
2123	 0.313018351793289 
2124	 0.312706977128983 
2125	 0.312411546707153 
2126	 0.312076836824417 
2127	 0.311733096837997 
2128	 0.31135681271553 
2129	 0.310959905385971 
2130	 0.310516387224197 
2131	 0.310046434402466 
2132	 0.30953061580658 
2133	 0.308967649936676 
2134	 0.308378219604492 
2135	 0.307704418897629 
2136	 0.307007163763046 
2137	 0.306267321109772 
2138	 0.305436968803406 
2139	 0.30466702580452 
2140	 0.303891658782959 
2141	 0.303117752075195 
2142	 0.302360117435455 
2143	 0.30159005522728 
2144	 0.300773918628693 
2145	 0.300039529800415 
2146	 0.299326241016388 
2147	 0.298651546239853 
2148	 0.298068255186081 
2149	 0.297440975904465 
2150	 0.296834647655487 
2151	 0.296198517084122 
2152	 0.295547425746918 
2153	 0.294884771108627 
2154	 0.294169276952744 
2155	 0.293415576219559 
2156	 0.292687237262726 
2157	 0.291929453611374 
2158	 0.291185081005096 
2159	 0.290483236312866 
2160	 0.289712488651276 
2161	 0.288869053125381 
2162	 0.288106769323349 
2163	 0.287298142910004 
2164	 0.286612242460251 
2165	 0.285988807678223 
2166	 0.285447716712952 
2167	 0.285002678632736 
2168	 0.284589022397995 
2169	 0.284246176481247 
2170	 0.283950001001358 
2171	 0.283692121505737 
2172	 0.283493041992188 
2173	 0.283369660377502 
2174	 0.283277153968811 
2175	 0.283236533403397 
2176	 0.283240407705307 
2177	 0.283234119415283 
2178	 0.283265143632889 
2179	 0.283272802829742 
2180	 0.283265739679337 
2181	 0.283291280269623 
2182	 0.283337950706482 
2183	 0.283371835947037 
2184	 0.283410400152206 
2185	 0.283459037542343 
2186	 0.283502399921417 
2187	 0.283562988042831 
2188	 0.283625483512878 
2189	 0.283729076385498 
2190	 0.283839643001556 
2191	 0.283988833427429 
2192	 0.284194588661194 
2193	 0.284407049417496 
2194	 0.284652858972549 
2195	 0.284894734621048 
2196	 0.285163551568985 
2197	 0.285419970750809 
2198	 0.285657286643982 
2199	 0.285885781049728 
2200	 0.286065071821213 
2201	 0.286216884851456 
2202	 0.286321640014648 
2203	 0.286366939544678 
2204	 0.286427289247513 
2205	 0.286466777324677 
2206	 0.286488026380539 
2207	 0.286509037017822 
2208	 0.286493122577667 
2209	 0.286433756351471 
2210	 0.286370933055878 
2211	 0.286292940378189 
2212	 0.286195755004883 
2213	 0.286066383123398 
2214	 0.285948008298874 
2215	 0.28583836555481 
2216	 0.285692244768143 
2217	 0.2855384349823 
2218	 0.285366654396057 
2219	 0.285172909498215 
2220	 0.284944593906403 
2221	 0.284726977348328 
2222	 0.284427583217621 
2223	 0.28408494591713 
2224	 0.283681362867355 
2225	 0.283264338970184 
2226	 0.282786220312119 
2227	 0.282194584608078 
2228	 0.281541049480438 
2229	 0.280789464712143 
2230	 0.279893815517426 
2231	 0.278994977474213 
2232	 0.278061002492905 
2233	 0.277020424604416 
2234	 0.275939047336578 
2235	 0.274716675281525 
2236	 0.273377388715744 
2237	 0.271956115961075 
2238	 0.270393341779709 
2239	 0.268792003393173 
2240	 0.267128676176071 
2241	 0.265353262424469 
2242	 0.263551503419876 
2243	 0.261567026376724 
2244	 0.259406358003616 
2245	 0.257197737693787 
2246	 0.254753768444061 
2247	 0.252388209104538 
2248	 0.250034302473068 
2249	 0.247616857290268 
2250	 0.24518446624279 
2251	 0.242770686745644 
2252	 0.240109369158745 
2253	 0.237524420022964 
2254	 0.234904676675797 
2255	 0.232254222035408 
2256	 0.229863658547401 
2257	 0.227446705102921 
2258	 0.22512486577034 
2259	 0.222905442118645 
2260	 0.220730304718018 
2261	 0.218583986163139 
2262	 0.21657606959343 
2263	 0.214650452136993 
2264	 0.212831988930702 
2265	 0.211135417222977 
2266	 0.209482908248901 
2267	 0.207971811294556 
2268	 0.206434115767479 
2269	 0.204921200871468 
2270	 0.203484490513802 
2271	 0.202053159475327 
2272	 0.200719073414803 
2273	 0.199519827961922 
2274	 0.198290169239044 
2275	 0.19714081287384 
2276	 0.195939615368843 
2277	 0.19471862912178 
2278	 0.193513780832291 
2279	 0.192273825407028 
2280	 0.191070958971977 
2281	 0.189910724759102 
2282	 0.188727721571922 
2283	 0.187571331858635 
2284	 0.186404913663864 
2285	 0.185087084770203 
2286	 0.183787852525711 
2287	 0.182425990700722 
2288	 0.181009560823441 
2289	 0.179739847779274 
2290	 0.178390637040138 
2291	 0.176991552114487 
2292	 0.175602927803993 
2293	 0.174100011587143 
2294	 0.172651559114456 
2295	 0.171208068728447 
2296	 0.169776678085327 
2297	 0.16852755844593 
2298	 0.167364791035652 
2299	 0.166316673159599 
2300	 0.165407285094261 
2301	 0.164647296071053 
2302	 0.163948491215706 
2303	 0.163526639342308 
2304	 0.163311779499054 
2305	 0.163304165005684 
2306	 0.163516253232956 
2307	 0.163950607180595 
2308	 0.164601981639862 
2309	 0.165493592619896 
2310	 0.166713207960129 
2311	 0.167963996529579 
2312	 0.169522538781166 
2313	 0.170973896980286 
2314	 0.17249807715416 
2315	 0.17396205663681 
2316	 0.175479650497437 
2317	 0.17681510746479 
2318	 0.178139954805374 
2319	 0.179219499230385 
2320	 0.180127784609795 
2321	 0.180867791175842 
2322	 0.181378841400146 
2323	 0.181788191199303 
2324	 0.182018905878067 
2325	 0.182144269347191 
2326	 0.182116642594337 
2327	 0.182011500000954 
2328	 0.181754842400551 
2329	 0.181451350450516 
2330	 0.181078031659126 
2331	 0.180610567331314 
2332	 0.180017948150635 
2333	 0.179326131939888 
2334	 0.178456708788872 
2335	 0.177490964531898 
2336	 0.176434904336929 
2337	 0.175297662615776 
2338	 0.174167886376381 
2339	 0.172959968447685 
2340	 0.171792328357697 
2341	 0.170605838298798 
2342	 0.169387653470039 
2343	 0.168318510055542 
2344	 0.167361959815025 
2345	 0.166585668921471 
2346	 0.166054382920265 
2347	 0.165766969323158 
2348	 0.165679395198822 
2349	 0.165880993008614 
2350	 0.166333496570587 
2351	 0.166930183768272 
2352	 0.167626574635506 
2353	 0.168397814035416 
2354	 0.169129014015198 
2355	 0.169811844825745 
2356	 0.170457482337952 
2357	 0.170963674783707 
2358	 0.171348690986633 
2359	 0.171551287174225 
2360	 0.171658009290695 
2361	 0.171701341867447 
2362	 0.171665534377098 
2363	 0.171572893857956 
2364	 0.171373665332794 
2365	 0.171101793646812 
2366	 0.170858189463615 
2367	 0.170681223273277 
2368	 0.170506864786148 
2369	 0.170305952429771 
2370	 0.170084476470947 
2371	 0.169861033558846 
2372	 0.169659897685051 
2373	 0.169491499662399 
2374	 0.169297933578491 
2375	 0.169019535183907 
2376	 0.168693706393242 
2377	 0.16837602853775 
2378	 0.168060198426247 
2379	 0.167754575610161 
2380	 0.167462587356567 
2381	 0.1670982837677 
2382	 0.166709244251251 
2383	 0.166261777281761 
2384	 0.165855139493942 
2385	 0.16543360054493 
2386	 0.165029972791672 
2387	 0.1646698564291 
2388	 0.164209261536598 
2389	 0.163714155554771 
2390	 0.16317968070507 
2391	 0.162550002336502 
2392	 0.162033349275589 
2393	 0.161528289318085 
2394	 0.161045014858246 
2395	 0.160660460591316 
2396	 0.160138830542564 
2397	 0.159573569893837 
2398	 0.158973500132561 
2399	 0.158288598060608 
2400	 0.157636031508446 
2401	 0.156969979405403 
2402	 0.156375274062157 
2403	 0.155664876103401 
2404	 0.155050978064537 
2405	 0.154405489563942 
2406	 0.153593748807907 
2407	 0.152904659509659 
2408	 0.152156040072441 
2409	 0.151291415095329 
2410	 0.150599136948586 
2411	 0.14988549053669 
2412	 0.149163961410522 
2413	 0.148479744791985 
2414	 0.147586047649384 
2415	 0.146654665470123 
2416	 0.145702138543129 
2417	 0.144739717245102 
2418	 0.143844217061996 
2419	 0.142945095896721 
2420	 0.142106875777245 
2421	 0.141231656074524 
2422	 0.140321493148804 
2423	 0.139455139636993 
2424	 0.138555511832237 
2425	 0.137569800019264 
2426	 0.136571377515793 
2427	 0.135502874851227 
2428	 0.134341418743134 
2429	 0.133267506957054 
2430	 0.132164195179939 
2431	 0.131092101335526 
2432	 0.130109265446663 
2433	 0.129087448120117 
2434	 0.128185495734215 
2435	 0.127204433083534 
2436	 0.126101985573769 
2437	 0.125016823410988 
2438	 0.123764388263226 
2439	 0.122596770524979 
2440	 0.121471025049686 
2441	 0.12034073472023 
2442	 0.119475610554218 
2443	 0.118600435554981 
2444	 0.117783263325691 
2445	 0.116962447762489 
2446	 0.116002105176449 
2447	 0.11502780765295 
2448	 0.113900259137154 
2449	 0.112852990627289 
2450	 0.111883029341698 
2451	 0.110984995961189 
2452	 0.110341958701611 
2453	 0.109697006642818 
2454	 0.109002836048603 
2455	 0.108302854001522 
2456	 0.107556261122227 
2457	 0.106948189437389 
2458	 0.106517963111401 
2459	 0.106064468622208 
2460	 0.105789326131344 
2461	 0.105716310441494 
2462	 0.10551505535841 
2463	 0.10536028444767 
2464	 0.105062365531921 
2465	 0.104475244879723 
2466	 0.104047805070877 
2467	 0.10367026925087 
2468	 0.103380218148232 
2469	 0.103370614349842 
2470	 0.103221662342548 
2471	 0.1029869094491 
2472	 0.102862313389778 
2473	 0.102654628455639 
2474	 0.102344363927841 
2475	 0.102174915373325 
2476	 0.102188512682915 
2477	 0.101987019181252 
2478	 0.101865693926811 
2479	 0.101871371269226 
2480	 0.101714164018631 
2481	 0.101686932146549 
2482	 0.101705119013786 
2483	 0.101713813841343 
2484	 0.101730324327946 
2485	 0.101527258753777 
2486	 0.101664751768112 
2487	 0.101874999701977 
2488	 0.101869642734528 
2489	 0.102052606642246 
2490	 0.102131992578506 
2491	 0.102360054850578 
2492	 0.10258574038744 
2493	 0.102617770433426 
2494	 0.102848865091801 
2495	 0.102970398962498 
2496	 0.103156358003616 
2497	 0.103573456406593 
2498	 0.104018867015839 
2499	 0.104261763393879 
2500	 0.104225009679794 
