Wavelength	1e.001
350	 0.972335934638977 
351	 0.977150976657867 
352	 0.97645777463913 
353	 0.97757226228714 
354	 0.987801373004913 
355	 0.994755387306213 
356	 0.997481405735016 
357	 1.00166153907776 
358	 1.02661240100861 
359	 1.03917992115021 
360	 1.03607499599457 
361	 1.03352272510529 
362	 1.03964233398438 
363	 1.04957020282745 
364	 1.05902004241943 
365	 1.06675887107849 
366	 1.0589861869812 
367	 1.05157876014709 
368	 1.05746650695801 
369	 1.05862677097321 
370	 1.07007122039795 
371	 1.08218622207642 
372	 1.07464504241943 
373	 1.07891297340393 
374	 1.08435869216919 
375	 1.0850236415863 
376	 1.08869647979736 
377	 1.08559370040894 
378	 1.083829164505 
379	 1.09065556526184 
380	 1.09564316272736 
381	 1.09115707874298 
382	 1.0891535282135 
383	 1.10794317722321 
384	 1.10631084442139 
385	 1.10045158863068 
386	 1.10332942008972 
387	 1.11279761791229 
388	 1.11644113063812 
389	 1.11475241184235 
390	 1.11285531520844 
391	 1.11541354656219 
392	 1.1232408285141 
393	 1.13003742694855 
394	 1.12655651569366 
395	 1.12598168849945 
396	 1.13001441955566 
397	 1.13571083545685 
398	 1.13450944423676 
399	 1.14117574691772 
400	 1.14970052242279 
401	 1.15083539485931 
402	 1.1513386964798 
403	 1.14912045001984 
404	 1.1479012966156 
405	 1.15452337265015 
406	 1.15585935115814 
407	 1.1573725938797 
408	 1.16222846508026 
409	 1.16335701942444 
410	 1.1652979850769 
411	 1.16727113723755 
412	 1.16748130321503 
413	 1.16747450828552 
414	 1.17144656181335 
415	 1.17758440971375 
416	 1.17876374721527 
417	 1.17775988578796 
418	 1.17843198776245 
419	 1.18196654319763 
420	 1.18318593502045 
421	 1.18385720252991 
422	 1.18436455726624 
423	 1.18463051319122 
424	 1.1846798658371 
425	 1.18683469295502 
426	 1.19020879268646 
427	 1.19016826152802 
428	 1.19147706031799 
429	 1.19286954402924 
430	 1.19311892986298 
431	 1.19557571411133 
432	 1.19642579555511 
433	 1.19642341136932 
434	 1.19840669631958 
435	 1.1982958316803 
436	 1.1983335018158 
437	 1.19983434677124 
438	 1.20165026187897 
439	 1.20306205749512 
440	 1.20368146896362 
441	 1.20371437072754 
442	 1.20516550540924 
443	 1.20539474487305 
444	 1.20440268516541 
445	 1.20435357093811 
446	 1.20488035678864 
447	 1.2056131362915 
448	 1.20625221729279 
449	 1.20677673816681 
450	 1.20646989345551 
451	 1.20673322677612 
452	 1.20893788337708 
453	 1.20902132987976 
454	 1.20839381217957 
455	 1.20851767063141 
456	 1.21036446094513 
457	 1.21045958995819 
458	 1.21056616306305 
459	 1.21218585968018 
460	 1.21228742599487 
461	 1.21248435974121 
462	 1.21284544467926 
463	 1.21273303031921 
464	 1.21334731578827 
465	 1.21372103691101 
466	 1.21391761302948 
467	 1.21609437465668 
468	 1.21573376655579 
469	 1.21463751792908 
470	 1.21537029743195 
471	 1.21515500545502 
472	 1.21550178527832 
473	 1.21653187274933 
474	 1.21715128421783 
475	 1.2168710231781 
476	 1.21659934520721 
477	 1.21686553955078 
478	 1.21679866313934 
479	 1.21702003479004 
480	 1.21751308441162 
481	 1.21806812286377 
482	 1.21913743019104 
483	 1.21871185302734 
484	 1.21740388870239 
485	 1.21886801719666 
486	 1.21837246417999 
487	 1.21765840053558 
488	 1.2186861038208 
489	 1.21949255466461 
490	 1.21925592422485 
491	 1.21852779388428 
492	 1.21853065490723 
493	 1.21809458732605 
494	 1.217609167099 
495	 1.21733391284943 
496	 1.21698355674744 
497	 1.21725451946259 
498	 1.21746206283569 
499	 1.21684849262238 
500	 1.21632921695709 
501	 1.21633231639862 
502	 1.21661305427551 
503	 1.21639430522919 
504	 1.21599864959717 
505	 1.2160552740097 
506	 1.21647834777832 
507	 1.21520948410034 
508	 1.21454310417175 
509	 1.21457195281982 
510	 1.21441411972046 
511	 1.21392357349396 
512	 1.21323573589325 
513	 1.21260786056519 
514	 1.21239674091339 
515	 1.21223247051239 
516	 1.21223139762878 
517	 1.2124103307724 
518	 1.21202516555786 
519	 1.2114189863205 
520	 1.21075069904327 
521	 1.2100430727005 
522	 1.20939064025879 
523	 1.20908284187317 
524	 1.20898222923279 
525	 1.20800411701202 
526	 1.20744729042053 
527	 1.20721137523651 
528	 1.20675075054169 
529	 1.20608866214752 
530	 1.20525193214417 
531	 1.20452737808228 
532	 1.20442914962769 
533	 1.20350348949432 
534	 1.20252466201782 
535	 1.20217370986938 
536	 1.20143115520477 
537	 1.20045530796051 
538	 1.19940340518951 
539	 1.19843351840973 
540	 1.19765102863312 
541	 1.19661450386047 
542	 1.19528889656067 
543	 1.19439935684204 
544	 1.19308924674988 
545	 1.19183278083801 
546	 1.19109344482422 
547	 1.18940877914429 
548	 1.18771243095398 
549	 1.18624937534332 
550	 1.18459582328796 
551	 1.18307971954346 
552	 1.18130326271057 
553	 1.17911744117737 
554	 1.1773509979248 
555	 1.17524373531342 
556	 1.17264497280121 
557	 1.16974782943726 
558	 1.16698336601257 
559	 1.16391587257385 
560	 1.16038882732391 
561	 1.15671825408936 
562	 1.15312397480011 
563	 1.14925575256348 
564	 1.14487409591675 
565	 1.14074432849884 
566	 1.13618683815002 
567	 1.13107895851135 
568	 1.12571382522583 
569	 1.11992764472961 
570	 1.1140468120575 
571	 1.10817730426788 
572	 1.10189890861511 
573	 1.09498345851898 
574	 1.08767116069794 
575	 1.08029639720917 
576	 1.07260537147522 
577	 1.0647257566452 
578	 1.05641508102417 
579	 1.04706728458405 
580	 1.03758001327515 
581	 1.02762234210968 
582	 1.01684284210205 
583	 1.00571465492249 
584	 0.994145750999451 
585	 0.981919288635254 
586	 0.968822419643402 
587	 0.955238223075867 
588	 0.941139400005341 
589	 0.926448047161102 
590	 0.91116327047348 
591	 0.895512282848358 
592	 0.8795126080513 
593	 0.863186836242676 
594	 0.846968412399292 
595	 0.830485820770264 
596	 0.813670516014099 
597	 0.796755135059357 
598	 0.779720544815063 
599	 0.76241272687912 
600	 0.744821131229401 
601	 0.72742748260498 
602	 0.709839165210724 
603	 0.692206799983978 
604	 0.674875497817993 
605	 0.657876133918762 
606	 0.64134955406189 
607	 0.62528520822525 
608	 0.609564423561096 
609	 0.594568729400635 
610	 0.580228924751282 
611	 0.566410660743713 
612	 0.553285658359528 
613	 0.540733456611633 
614	 0.528805434703827 
615	 0.517611145973206 
616	 0.507057785987854 
617	 0.497128248214722 
618	 0.487820982933044 
619	 0.479120939970016 
620	 0.471063017845154 
621	 0.463630735874176 
622	 0.456762492656708 
623	 0.450284600257874 
624	 0.444307833909988 
625	 0.438866496086121 
626	 0.433900237083435 
627	 0.429217845201492 
628	 0.424903362989426 
629	 0.421025544404984 
630	 0.417516082525253 
631	 0.414101481437683 
632	 0.410914540290833 
633	 0.408211946487427 
634	 0.405670493841171 
635	 0.403197288513184 
636	 0.400839298963547 
637	 0.398790091276169 
638	 0.396993398666382 
639	 0.395254164934158 
640	 0.393473923206329 
641	 0.391977459192276 
642	 0.390593558549881 
643	 0.389236867427826 
644	 0.387892305850983 
645	 0.386684715747833 
646	 0.385649472475052 
647	 0.384720832109451 
648	 0.38369157910347 
649	 0.382666289806366 
650	 0.381708413362503 
651	 0.380862414836884 
652	 0.380145817995071 
653	 0.379468083381653 
654	 0.378762543201447 
655	 0.377996742725372 
656	 0.377244681119919 
657	 0.376592963933945 
658	 0.376045674085617 
659	 0.375440388917923 
660	 0.374816417694092 
661	 0.374236792325974 
662	 0.373754978179932 
663	 0.373304635286331 
664	 0.37280198931694 
665	 0.372259020805359 
666	 0.371781259775162 
667	 0.371339499950409 
668	 0.370902448892593 
669	 0.370465636253357 
670	 0.370103299617767 
671	 0.369693845510483 
672	 0.369301617145538 
673	 0.36902442574501 
674	 0.36857283115387 
675	 0.368123918771744 
676	 0.367770671844482 
677	 0.367455393075943 
678	 0.367196947336197 
679	 0.36690691113472 
680	 0.366532623767853 
681	 0.366197109222412 
682	 0.365849494934082 
683	 0.365538448095322 
684	 0.36533185839653 
685	 0.364998787641525 
686	 0.364685237407684 
687	 0.364447474479675 
688	 0.364161223173141 
689	 0.363837480545044 
690	 0.36354723572731 
691	 0.363342732191086 
692	 0.363167285919189 
693	 0.362878382205963 
694	 0.362554371356964 
695	 0.362390071153641 
696	 0.362243324518204 
697	 0.36206904053688 
698	 0.361837774515152 
699	 0.361522674560547 
700	 0.36122915148735 
701	 0.360995769500732 
702	 0.360812842845917 
703	 0.360577940940857 
704	 0.360414355993271 
705	 0.360303103923798 
706	 0.360132157802582 
707	 0.359947115182877 
708	 0.359750211238861 
709	 0.359542578458786 
710	 0.359331667423248 
711	 0.359090775251389 
712	 0.358911603689194 
713	 0.358845680952072 
714	 0.358657687902451 
715	 0.358409255743027 
716	 0.358153373003006 
717	 0.357932150363922 
718	 0.357773065567017 
719	 0.357729762792587 
720	 0.357725560665131 
721	 0.357458919286728 
722	 0.357281118631363 
723	 0.357157438993454 
724	 0.356974393129349 
725	 0.356796234846115 
726	 0.356641739606857 
727	 0.356494843959808 
728	 0.356321185827255 
729	 0.356164127588272 
730	 0.356034249067307 
731	 0.355930209159851 
732	 0.355841249227524 
733	 0.355727672576904 
734	 0.355540037155151 
735	 0.355292499065399 
736	 0.355233997106552 
737	 0.355134934186935 
738	 0.35497385263443 
739	 0.354858428239822 
740	 0.354657292366028 
741	 0.354471504688263 
742	 0.354344397783279 
743	 0.354190081357956 
744	 0.354160636663437 
745	 0.354098588228226 
746	 0.353876054286957 
747	 0.353742986917496 
748	 0.353639036417007 
749	 0.353565454483032 
750	 0.353537082672119 
751	 0.353404551744461 
752	 0.353256553411484 
753	 0.353114187717438 
754	 0.352881610393524 
755	 0.35269683599472 
756	 0.352646827697754 
757	 0.352695882320404 
758	 0.352519124746323 
759	 0.352260023355484 
760	 0.352058291435242 
761	 0.352018445730209 
762	 0.352032899856567 
763	 0.351954221725464 
764	 0.351770997047424 
765	 0.351617574691772 
766	 0.35152280330658 
767	 0.351486533880234 
768	 0.351457178592682 
769	 0.351281553506851 
770	 0.351141661405563 
771	 0.351026564836502 
772	 0.350867390632629 
773	 0.35067355632782 
774	 0.350581854581833 
775	 0.350556701421738 
776	 0.350432932376862 
777	 0.350320845842361 
778	 0.35019987821579 
779	 0.350072592496872 
780	 0.350011259317398 
781	 0.349896222352982 
782	 0.349847972393036 
783	 0.349928915500641 
784	 0.349767714738846 
785	 0.349497377872467 
786	 0.349274843931198 
787	 0.349236994981766 
788	 0.349289119243622 
789	 0.349308133125305 
790	 0.349234491586685 
791	 0.349090427160263 
792	 0.348872601985931 
793	 0.348712682723999 
794	 0.348684370517731 
795	 0.348681598901749 
796	 0.348542422056198 
797	 0.348372220993042 
798	 0.348333865404129 
799	 0.348309218883514 
800	 0.348240554332733 
801	 0.348112225532532 
802	 0.347953349351883 
803	 0.347875952720642 
804	 0.347821623086929 
805	 0.347739309072495 
806	 0.347628116607666 
807	 0.347467750310898 
808	 0.347355037927628 
809	 0.347332954406738 
810	 0.347201228141785 
811	 0.347103714942932 
812	 0.347037702798843 
813	 0.346955895423889 
814	 0.346966177225113 
815	 0.346911460161209 
816	 0.346771419048309 
817	 0.346662938594818 
818	 0.346645385026932 
819	 0.346607714891434 
820	 0.34649184346199 
821	 0.346370458602905 
822	 0.346320182085037 
823	 0.346260666847229 
824	 0.346133917570114 
825	 0.346100658178329 
826	 0.346009135246277 
827	 0.345903784036636 
828	 0.345884501934052 
829	 0.34580671787262 
830	 0.345733821392059 
831	 0.345682919025421 
832	 0.345621526241302 
833	 0.345555067062378 
834	 0.345528781414032 
835	 0.345529198646545 
836	 0.34544774889946 
837	 0.345416843891144 
838	 0.345365554094315 
839	 0.345214575529099 
840	 0.344978839159012 
841	 0.344951003789902 
842	 0.34500327706337 
843	 0.344903767108917 
844	 0.344864070415497 
845	 0.344895035028458 
846	 0.34491366147995 
847	 0.344799518585205 
848	 0.344680547714233 
849	 0.344577819108963 
850	 0.344550341367722 
851	 0.344697564840317 
852	 0.344569534063339 
853	 0.3443683385849 
854	 0.344287157058716 
855	 0.344188362360001 
856	 0.344211757183075 
857	 0.344205230474472 
858	 0.344048112630844 
859	 0.344081670045853 
860	 0.343995958566666 
861	 0.343802750110626 
862	 0.343688488006592 
863	 0.343757390975952 
864	 0.343791782855988 
865	 0.343726456165314 
866	 0.343662023544312 
867	 0.343748331069946 
868	 0.343731582164764 
869	 0.343548566102982 
870	 0.343464553356171 
871	 0.343340992927551 
872	 0.343251615762711 
873	 0.343234837055206 
874	 0.343156784772873 
875	 0.343130588531494 
876	 0.343143224716187 
877	 0.343119978904724 
878	 0.342905342578888 
879	 0.342817008495331 
880	 0.342830181121826 
881	 0.342781960964203 
882	 0.342794805765152 
883	 0.342820405960083 
884	 0.342803359031677 
885	 0.342707812786102 
886	 0.342631459236145 
887	 0.342537820339203 
888	 0.342446953058243 
889	 0.342450708150864 
890	 0.342454016208649 
891	 0.342481464147568 
892	 0.342521220445633 
893	 0.342469036579132 
894	 0.342354357242584 
895	 0.342274725437164 
896	 0.342281848192215 
897	 0.342277139425278 
898	 0.342159628868103 
899	 0.342050284147263 
900	 0.342067927122116 
901	 0.341989606618881 
902	 0.342050194740295 
903	 0.34213650226593 
904	 0.34202167391777 
905	 0.341882199048996 
906	 0.341797411441803 
907	 0.341680437326431 
908	 0.341409832239151 
909	 0.341510742902756 
910	 0.341710835695267 
911	 0.341765284538269 
912	 0.34158331155777 
913	 0.341387003660202 
914	 0.341306239366531 
915	 0.341327279806137 
916	 0.341275304555893 
917	 0.341253519058228 
918	 0.34118577837944 
919	 0.341027915477753 
920	 0.340851306915283 
921	 0.340862542390823 
922	 0.340946674346924 
923	 0.340952575206757 
924	 0.34087860584259 
925	 0.340828686952591 
926	 0.340801328420639 
927	 0.340772658586502 
928	 0.340788692235947 
929	 0.340716123580933 
930	 0.340576410293579 
931	 0.340450525283813 
932	 0.340341061353683 
933	 0.340282380580902 
934	 0.340219229459763 
935	 0.340101450681686 
936	 0.340190678834915 
937	 0.340174525976181 
938	 0.340027093887329 
939	 0.339926451444626 
940	 0.339796245098114 
941	 0.33968198299408 
942	 0.339634895324707 
943	 0.339672267436981 
944	 0.339558720588684 
945	 0.339578479528427 
946	 0.33969247341156 
947	 0.339516460895538 
948	 0.339416712522507 
949	 0.339372277259827 
950	 0.339335381984711 
951	 0.339294910430908 
952	 0.339194595813751 
953	 0.339155793190002 
954	 0.339197337627411 
955	 0.339150100946426 
956	 0.339053332805634 
957	 0.339059621095657 
958	 0.33916163444519 
959	 0.339056640863419 
960	 0.339064717292786 
961	 0.339090019464493 
962	 0.339029043912888 
963	 0.338958323001862 
964	 0.339076429605484 
965	 0.339156270027161 
966	 0.33903181552887 
967	 0.338937848806381 
968	 0.338786602020264 
969	 0.338689893484116 
970	 0.338719069957733 
971	 0.338719129562378 
972	 0.338729441165924 
973	 0.338704764842987 
974	 0.338606357574463 
975	 0.33847787976265 
976	 0.338258385658264 
977	 0.338016360998154 
978	 0.337870746850967 
979	 0.337970703840256 
980	 0.337941914796829 
981	 0.337851077318192 
982	 0.337832421064377 
983	 0.337707251310349 
984	 0.337534517049789 
985	 0.337366133928299 
986	 0.337235927581787 
987	 0.337120115756989 
988	 0.337026566267014 
989	 0.336969375610352 
990	 0.336922615766525 
991	 0.336707562208176 
992	 0.336703151464462 
993	 0.336805820465088 
994	 0.336772561073303 
995	 0.336564749479294 
996	 0.336320281028748 
997	 0.336138397455215 
998	 0.336077630519867 
999	 0.336149871349335 
1000	 0.336136817932129 
1001	 0.335961312055588 
1002	 0.335920453071594 
1003	 0.335895985364914 
1004	 0.335845857858658 
1005	 0.33580008149147 
1006	 0.335748732089996 
1007	 0.335676997900009 
1008	 0.335624486207962 
1009	 0.33557653427124 
1010	 0.335545152425766 
1011	 0.335534006357193 
1012	 0.335503876209259 
1013	 0.335496217012405 
1014	 0.335456758737564 
1015	 0.335391163825989 
1016	 0.335313647985458 
1017	 0.335233241319656 
1018	 0.335175424814224 
1019	 0.335110366344452 
1020	 0.335002064704895 
1021	 0.334942370653152 
1022	 0.334899067878723 
1023	 0.334848195314407 
1024	 0.334816038608551 
1025	 0.334789663553238 
1026	 0.334757775068283 
1027	 0.334718942642212 
1028	 0.33470156788826 
1029	 0.334669679403305 
1030	 0.334603637456894 
1031	 0.334502726793289 
1032	 0.33440089225769 
1033	 0.334327071905136 
1034	 0.334231019020081 
1035	 0.334156662225723 
1036	 0.33407536149025 
1037	 0.333970338106155 
1038	 0.33390936255455 
1039	 0.333878189325333 
1040	 0.333829075098038 
1041	 0.333813041448593 
1042	 0.333761096000671 
1043	 0.333685427904129 
1044	 0.333604335784912 
1045	 0.333511739969254 
1046	 0.333420544862747 
1047	 0.333341091871262 
1048	 0.33326181769371 
1049	 0.333204180002213 
1050	 0.333174973726273 
1051	 0.333149909973145 
1052	 0.333151459693909 
1053	 0.333118200302124 
1054	 0.333051353693008 
1055	 0.332992076873779 
1056	 0.33291283249855 
1057	 0.332866609096527 
1058	 0.332810252904892 
1059	 0.332859039306641 
1060	 0.332892000675201 
1061	 0.332844585180283 
1062	 0.332819938659668 
1063	 0.332772135734558 
1064	 0.332701683044434 
1065	 0.332639336585999 
1066	 0.332588106393814 
1067	 0.332550466060638 
1068	 0.332519829273224 
1069	 0.332496136426926 
1070	 0.332469552755356 
1071	 0.33243802189827 
1072	 0.332419127225876 
1073	 0.33239158987999 
1074	 0.332345336675644 
1075	 0.332303911447525 
1076	 0.332232475280762 
1077	 0.332168102264404 
1078	 0.332125872373581 
1079	 0.332064062356949 
1080	 0.331991910934448 
1081	 0.331921398639679 
1082	 0.331840634346008 
1083	 0.331777125597 
1084	 0.331749647855759 
1085	 0.331739813089371 
1086	 0.331729233264923 
1087	 0.331738591194153 
1088	 0.331747382879257 
1089	 0.33175003528595 
1090	 0.331722497940063 
1091	 0.331651359796524 
1092	 0.331594944000244 
1093	 0.331552118062973 
1094	 0.33149129152298 
1095	 0.3314608335495 
1096	 0.331461101770401 
1097	 0.331417411565781 
1098	 0.331369131803513 
1099	 0.331358462572098 
1100	 0.331341058015823 
1101	 0.331309080123901 
1102	 0.331265270709991 
1103	 0.331220299005508 
1104	 0.331159502267838 
1105	 0.33109638094902 
1106	 0.331047058105469 
1107	 0.331004410982132 
1108	 0.330964744091034 
1109	 0.330924093723297 
1110	 0.330893576145172 
1111	 0.330878615379334 
1112	 0.330836057662964 
1113	 0.330788463354111 
1114	 0.330753087997437 
1115	 0.330713093280792 
1116	 0.330693483352661 
1117	 0.330695271492004 
1118	 0.330681473016739 
1119	 0.330663949251175 
1120	 0.330630928277969 
1121	 0.330584913492203 
1122	 0.33054718375206 
1123	 0.330516546964645 
1124	 0.330494225025177 
1125	 0.330491691827774 
1126	 0.330484539270401 
1127	 0.330465376377106 
1128	 0.330455720424652 
1129	 0.330462157726288 
1130	 0.330474138259888 
1131	 0.330479085445404 
1132	 0.330492287874222 
1133	 0.330511629581451 
1134	 0.330522239208221 
1135	 0.330563724040985 
1136	 0.330635488033295 
1137	 0.330699115991592 
1138	 0.330788940191269 
1139	 0.330857396125793 
1140	 0.330911785364151 
1141	 0.330960482358933 
1142	 0.331048369407654 
1143	 0.331133246421814 
1144	 0.331201314926147 
1145	 0.331289887428284 
1146	 0.331374764442444 
1147	 0.331461369991302 
1148	 0.331613212823868 
1149	 0.331792950630188 
1150	 0.331947803497314 
1151	 0.33211812376976 
1152	 0.332324236631393 
1153	 0.33255261182785 
1154	 0.332787454128265 
1155	 0.333056926727295 
1156	 0.333331346511841 
1157	 0.333609759807587 
1158	 0.333883911371231 
1159	 0.334177672863007 
1160	 0.334475696086884 
1161	 0.334732383489609 
1162	 0.334987223148346 
1163	 0.335216104984283 
1164	 0.335378527641296 
1165	 0.335483074188232 
1166	 0.335537493228912 
1167	 0.335527509450912 
1168	 0.335467904806137 
1169	 0.335371404886246 
1170	 0.335211724042892 
1171	 0.335054069757462 
1172	 0.334842413663864 
1173	 0.334665685892105 
1174	 0.334480375051498 
1175	 0.334319144487381 
1176	 0.33415824174881 
1177	 0.334037303924561 
1178	 0.33393606543541 
1179	 0.333861440420151 
1180	 0.333834439516068 
1181	 0.333815068006516 
1182	 0.333810180425644 
1183	 0.333830833435059 
1184	 0.333849281072617 
1185	 0.333889603614807 
1186	 0.333933413028717 
1187	 0.333997160196304 
1188	 0.334042280912399 
1189	 0.334085613489151 
1190	 0.33412754535675 
1191	 0.334158211946487 
1192	 0.334200143814087 
1193	 0.334251493215561 
1194	 0.334301263093948 
1195	 0.334367722272873 
1196	 0.334403157234192 
1197	 0.334428876638412 
1198	 0.33444356918335 
1199	 0.33442285656929 
1200	 0.334411770105362 
1201	 0.334409177303314 
1202	 0.334404677152634 
1203	 0.334398359060287 
1204	 0.334384322166443 
1205	 0.334348797798157 
1206	 0.334294646978378 
1207	 0.334227919578552 
1208	 0.334158152341843 
1209	 0.334051251411438 
1210	 0.333917200565338 
1211	 0.333771377801895 
1212	 0.333591043949127 
1213	 0.333409935235977 
1214	 0.333227157592773 
1215	 0.333022981882095 
1216	 0.332791835069656 
1217	 0.332567751407623 
1218	 0.332332968711853 
1219	 0.332098186016083 
1220	 0.331853598356247 
1221	 0.331599056720734 
1222	 0.331332087516785 
1223	 0.331056177616119 
1224	 0.330805987119675 
1225	 0.330560654401779 
1226	 0.330337762832642 
1227	 0.330137729644775 
1228	 0.329938173294067 
1229	 0.329756319522858 
1230	 0.32956936955452 
1231	 0.329388290643692 
1232	 0.329201757907867 
1233	 0.329002290964127 
1234	 0.328830301761627 
1235	 0.328662633895874 
1236	 0.328509598970413 
1237	 0.328389436006546 
1238	 0.328257381916046 
1239	 0.328119874000549 
1240	 0.327996402978897 
1241	 0.327864825725555 
1242	 0.327750593423843 
1243	 0.327659130096436 
1244	 0.327587217092514 
1245	 0.327517211437225 
1246	 0.32747146487236 
1247	 0.327414393424988 
1248	 0.327369272708893 
1249	 0.327296167612076 
1250	 0.327210009098053 
1251	 0.32712721824646 
1252	 0.327027261257172 
1253	 0.326930701732636 
1254	 0.326842963695526 
1255	 0.326746046543121 
1256	 0.326632738113403 
1257	 0.326527804136276 
1258	 0.326421350240707 
1259	 0.326322853565216 
1260	 0.326223164796829 
1261	 0.326136648654938 
1262	 0.326067179441452 
1263	 0.325994968414307 
1264	 0.325923413038254 
1265	 0.325852751731873 
1266	 0.325796633958817 
1267	 0.325746268033981 
1268	 0.325695216655731 
1269	 0.325666546821594 
1270	 0.325610607862473 
1271	 0.3255275785923 
1272	 0.325472980737686 
1273	 0.325422048568726 
1274	 0.325372725725174 
1275	 0.325339585542679 
1276	 0.325301468372345 
1277	 0.32524773478508 
1278	 0.325217217206955 
1279	 0.325208365917206 
1280	 0.325190722942352 
1281	 0.325184643268585 
1282	 0.325170785188675 
1283	 0.325156807899475 
1284	 0.325130641460419 
1285	 0.3250972032547 
1286	 0.325059503316879 
1287	 0.325015008449554 
1288	 0.324954122304916 
1289	 0.324906021356583 
1290	 0.324858218431473 
1291	 0.32481437921524 
1292	 0.324765741825104 
1293	 0.324739277362823 
1294	 0.324725478887558 
1295	 0.324712455272675 
1296	 0.324713855981827 
1297	 0.324715048074722 
1298	 0.324717372655869 
1299	 0.324721157550812 
1300	 0.324741572141647 
1301	 0.324743419885635 
1302	 0.324727237224579 
1303	 0.324723899364471 
1304	 0.324711620807648 
1305	 0.324712932109833 
1306	 0.324725806713104 
1307	 0.324745059013367 
1308	 0.32478204369545 
1309	 0.324805796146393 
1310	 0.324836492538452 
1311	 0.324872225522995 
1312	 0.324909061193466 
1313	 0.324945688247681 
1314	 0.324982345104218 
1315	 0.325018972158432 
1316	 0.32506588101387 
1317	 0.325106650590897 
1318	 0.325169801712036 
1319	 0.325254261493683 
1320	 0.325333327054977 
1321	 0.3254114985466 
1322	 0.325509607791901 
1323	 0.325614839792252 
1324	 0.325729787349701 
1325	 0.325853049755096 
1326	 0.325999408960342 
1327	 0.326155722141266 
1328	 0.326328098773956 
1329	 0.326531976461411 
1330	 0.326733529567719 
1331	 0.326922386884689 
1332	 0.327146828174591 
1333	 0.327389717102051 
1334	 0.327658385038376 
1335	 0.327914178371429 
1336	 0.328200578689575 
1337	 0.328443169593811 
1338	 0.328672617673874 
1339	 0.328872293233871 
1340	 0.329057663679123 
1341	 0.329214245080948 
1342	 0.32934558391571 
1343	 0.329450011253357 
1344	 0.329529911279678 
1345	 0.329590529203415 
1346	 0.329607903957367 
1347	 0.329644054174423 
1348	 0.329658657312393 
1349	 0.329701125621796 
1350	 0.329761236906052 
1351	 0.329817056655884 
1352	 0.329881101846695 
1353	 0.329949200153351 
1354	 0.330014765262604 
1355	 0.330088168382645 
1356	 0.330172896385193 
1357	 0.33025848865509 
1358	 0.330346584320068 
1359	 0.330437541007996 
1360	 0.330524742603302 
1361	 0.330625951290131 
1362	 0.330756455659866 
1363	 0.330862820148468 
1364	 0.330975472927094 
1365	 0.331092357635498 
1366	 0.331220418214798 
1367	 0.3313367664814 
1368	 0.331487506628037 
1369	 0.331656932830811 
1370	 0.33184739947319 
1371	 0.332045435905457 
1372	 0.332280308008194 
1373	 0.33253002166748 
1374	 0.332837551832199 
1375	 0.33319428563118 
1376	 0.333562791347504 
1377	 0.333959698677063 
1378	 0.334404677152634 
1379	 0.334864139556885 
1380	 0.335380852222443 
1381	 0.33595272898674 
1382	 0.336569011211395 
1383	 0.337232261896133 
1384	 0.337930679321289 
1385	 0.338711082935333 
1386	 0.339465141296387 
1387	 0.340268969535828 
1388	 0.341008543968201 
1389	 0.341761738061905 
1390	 0.342426270246506 
1391	 0.343018919229507 
1392	 0.34358611702919 
1393	 0.344059467315674 
1394	 0.344455510377884 
1395	 0.344814568758011 
1396	 0.345095992088318 
1397	 0.345388889312744 
1398	 0.34561625123024 
1399	 0.34591868519783 
1400	 0.346196591854095 
1401	 0.346593976020813 
1402	 0.347023606300354 
1403	 0.347582817077637 
1404	 0.348255485296249 
1405	 0.34895983338356 
1406	 0.349748402833939 
1407	 0.350590825080872 
1408	 0.351502567529678 
1409	 0.352439910173416 
1410	 0.353467762470245 
1411	 0.354475855827332 
1412	 0.355514854192734 
1413	 0.356521040201187 
1414	 0.357546091079712 
1415	 0.358531057834625 
1416	 0.359511703252792 
1417	 0.3604336977005 
1418	 0.361347258090973 
1419	 0.362174302339554 
1420	 0.362956643104553 
1421	 0.363634318113327 
1422	 0.364252001047134 
1423	 0.364754796028137 
1424	 0.365154504776001 
1425	 0.3654605448246 
1426	 0.365653663873672 
1427	 0.36571604013443 
1428	 0.365653604269028 
1429	 0.365479320287704 
1430	 0.365174680948257 
1431	 0.364741116762161 
1432	 0.364203184843063 
1433	 0.363525122404099 
1434	 0.362795352935791 
1435	 0.361967414617538 
1436	 0.361064732074738 
1437	 0.360059708356857 
1438	 0.359054744243622 
1439	 0.357953608036041 
1440	 0.356896817684174 
1441	 0.355813801288605 
1442	 0.354777067899704 
1443	 0.353733092546463 
1444	 0.352747291326523 
1445	 0.351782739162445 
1446	 0.350901693105698 
1447	 0.350069731473923 
1448	 0.349291354417801 
1449	 0.348579913377762 
1450	 0.347917646169662 
1451	 0.347299039363861 
1452	 0.346735656261444 
1453	 0.34623908996582 
1454	 0.3457852602005 
1455	 0.345380514860153 
1456	 0.345015197992325 
1457	 0.344700276851654 
1458	 0.344422578811646 
1459	 0.344168186187744 
1460	 0.343981236219406 
1461	 0.343850672245026 
1462	 0.343766212463379 
1463	 0.343737065792084 
1464	 0.343758821487427 
1465	 0.343827903270721 
1466	 0.343947559595108 
1467	 0.344121605157852 
1468	 0.3443543612957 
1469	 0.344631403684616 
1470	 0.344901114702225 
1471	 0.345145881175995 
1472	 0.345423400402069 
1473	 0.345584869384766 
1474	 0.345728933811188 
1475	 0.34571447968483 
1476	 0.345629096031189 
1477	 0.345370888710022 
1478	 0.344958066940308 
1479	 0.344475388526917 
1480	 0.343818694353104 
1481	 0.343207329511642 
1482	 0.342494904994965 
1483	 0.341873705387115 
1484	 0.341244161128998 
1485	 0.340687602758408 
1486	 0.340181857347488 
1487	 0.339714795351028 
1488	 0.339299350976944 
1489	 0.33890700340271 
1490	 0.338554501533508 
1491	 0.338223695755005 
1492	 0.337923437356949 
1493	 0.337645351886749 
1494	 0.337408274412155 
1495	 0.337167590856552 
1496	 0.336944609880447 
1497	 0.336728394031525 
1498	 0.3365179002285 
1499	 0.336316615343094 
1500	 0.336121380329132 
1501	 0.335945934057236 
1502	 0.335796356201172 
1503	 0.335632890462875 
1504	 0.335477292537689 
1505	 0.33532440662384 
1506	 0.335154235363007 
1507	 0.335003763437271 
1508	 0.334886163473129 
1509	 0.334746569395065 
1510	 0.334591150283813 
1511	 0.3344546854496 
1512	 0.334324210882187 
1513	 0.334186226129532 
1514	 0.33404865860939 
1515	 0.333926409482956 
1516	 0.333800047636032 
1517	 0.333681702613831 
1518	 0.333596855401993 
1519	 0.333495438098907 
1520	 0.333381742238998 
1521	 0.333271235227585 
1522	 0.333160877227783 
1523	 0.333035439252853 
1524	 0.332908749580383 
1525	 0.332774966955185 
1526	 0.332648575305939 
1527	 0.332518488168716 
1528	 0.332392692565918 
1529	 0.332274049520493 
1530	 0.332150936126709 
1531	 0.332024663686752 
1532	 0.331898868083954 
1533	 0.331772804260254 
1534	 0.33165043592453 
1535	 0.331524431705475 
1536	 0.331411153078079 
1537	 0.331306457519531 
1538	 0.331201732158661 
1539	 0.331098616123199 
1540	 0.331008940935135 
1541	 0.330916464328766 
1542	 0.330855339765549 
1543	 0.330820858478546 
1544	 0.33077996969223 
1545	 0.330763965845108 
1546	 0.330723136663437 
1547	 0.330677211284637 
1548	 0.330618470907211 
1549	 0.330539971590042 
1550	 0.330476999282837 
1551	 0.330404609441757 
1552	 0.330350011587143 
1553	 0.330315142869949 
1554	 0.330268889665604 
1555	 0.330233693122864 
1556	 0.330175638198853 
1557	 0.330099672079086 
1558	 0.330033302307129 
1559	 0.329953759908676 
1560	 0.329887747764587 
1561	 0.329840242862701 
1562	 0.329775124788284 
1563	 0.329699546098709 
1564	 0.329634159803391 
1565	 0.32956525683403 
1566	 0.329500883817673 
1567	 0.32945117354393 
1568	 0.329387903213501 
1569	 0.329318225383759 
1570	 0.329246401786804 
1571	 0.329169005155563 
1572	 0.329091459512711 
1573	 0.329000502824783 
1574	 0.328930974006653 
1575	 0.328874856233597 
1576	 0.328813135623932 
1577	 0.328775525093079 
1578	 0.3287073969841 
1579	 0.328622192144394 
1580	 0.32852977514267 
1581	 0.328421086072922 
1582	 0.328308701515198 
1583	 0.328173011541367 
1584	 0.328061550855637 
1585	 0.327957451343536 
1586	 0.327853083610535 
1587	 0.327769309282303 
1588	 0.327671855688095 
1589	 0.327560663223267 
1590	 0.32745635509491 
1591	 0.327355682849884 
1592	 0.327250868082047 
1593	 0.327148884534836 
1594	 0.327038407325745 
1595	 0.326913416385651 
1596	 0.3268021941185 
1597	 0.32668662071228 
1598	 0.326585739850998 
1599	 0.326503723859787 
1600	 0.326416790485382 
1601	 0.326326280832291 
1602	 0.326253056526184 
1603	 0.326203852891922 
1604	 0.326131105422974 
1605	 0.326079428195953 
1606	 0.325985103845596 
1607	 0.325825691223145 
1608	 0.325708240270615 
1609	 0.325590342283249 
1610	 0.325479060411453 
1611	 0.325386971235275 
1612	 0.325303584337235 
1613	 0.325203150510788 
1614	 0.325141340494156 
1615	 0.325131773948669 
1616	 0.325098782777786 
1617	 0.325076371431351 
1618	 0.325050234794617 
1619	 0.325009167194366 
1620	 0.324976354837418 
1621	 0.324957340955734 
1622	 0.324926435947418 
1623	 0.324890702962875 
1624	 0.324850350618362 
1625	 0.32479065656662 
1626	 0.324753552675247 
1627	 0.324722975492477 
1628	 0.32470041513443 
1629	 0.324694931507111 
1630	 0.324691414833069 
1631	 0.324710637331009 
1632	 0.324695140123367 
1633	 0.324670284986496 
1634	 0.32463812828064 
1635	 0.32457622885704 
1636	 0.324518799781799 
1637	 0.324464052915573 
1638	 0.324403703212738 
1639	 0.324318110942841 
1640	 0.324259072542191 
1641	 0.324196249246597 
1642	 0.32416969537735 
1643	 0.324175983667374 
1644	 0.324192196130753 
1645	 0.324242919683456 
1646	 0.324283838272095 
1647	 0.324341744184494 
1648	 0.324379295110703 
1649	 0.324411183595657 
1650	 0.324436902999878 
1651	 0.324431270360947 
1652	 0.324452668428421 
1653	 0.324472516775131 
1654	 0.32451793551445 
1655	 0.3245769739151 
1656	 0.324669450521469 
1657	 0.324795693159103 
1658	 0.324929445981979 
1659	 0.325099289417267 
1660	 0.325257331132889 
1661	 0.325398713350296 
1662	 0.325580090284348 
1663	 0.325773268938065 
1664	 0.325997620820999 
1665	 0.326256275177002 
1666	 0.326541215181351 
1667	 0.326839148998261 
1668	 0.327178210020065 
1669	 0.327565282583237 
1670	 0.327960073947906 
1671	 0.328381538391113 
1672	 0.328831911087036 
1673	 0.329302489757538 
1674	 0.329793751239777 
1675	 0.330304145812988 
1676	 0.330853402614594 
1677	 0.331412047147751 
1678	 0.332033723592758 
1679	 0.332745313644409 
1680	 0.333425492048264 
1681	 0.334138005971909 
1682	 0.334837138652802 
1683	 0.335512757301331 
1684	 0.336195915937424 
1685	 0.336885660886765 
1686	 0.337592035531998 
1687	 0.338317424058914 
1688	 0.339033961296082 
1689	 0.339762032032013 
1690	 0.340479284524918 
1691	 0.341185420751572 
1692	 0.341865688562393 
1693	 0.342527866363525 
1694	 0.343208581209183 
1695	 0.343862771987915 
1696	 0.344568848609924 
1697	 0.34531906247139 
1698	 0.346063166856766 
1699	 0.346825182437897 
1700	 0.34755864739418 
1701	 0.348297089338303 
1702	 0.349001258611679 
1703	 0.349700778722763 
1704	 0.350352734327316 
1705	 0.350970238447189 
1706	 0.351599365472794 
1707	 0.352134525775909 
1708	 0.352622479200363 
1709	 0.353087782859802 
1710	 0.353474199771881 
1711	 0.353854060173035 
1712	 0.354222476482391 
1713	 0.354587703943253 
1714	 0.354961484670639 
1715	 0.355294317007065 
1716	 0.355640918016434 
1717	 0.355980277061462 
1718	 0.356309652328491 
1719	 0.356638252735138 
1720	 0.356913506984711 
1721	 0.357171088457108 
1722	 0.357397735118866 
1723	 0.357557684183121 
1724	 0.357688397169113 
1725	 0.357764422893524 
1726	 0.357734054327011 
1727	 0.357635885477066 
1728	 0.357499122619629 
1729	 0.357285737991333 
1730	 0.357010096311569 
1731	 0.356732398271561 
1732	 0.356419891119003 
1733	 0.356100738048553 
1734	 0.35579252243042 
1735	 0.355484008789063 
1736	 0.355214864015579 
1737	 0.355002611875534 
1738	 0.354860484600067 
1739	 0.354742556810379 
1740	 0.354621380567551 
1741	 0.354613363742828 
1742	 0.354707568883896 
1743	 0.354809015989304 
1744	 0.355007261037827 
1745	 0.355180233716965 
1746	 0.355344384908676 
1747	 0.355527877807617 
1748	 0.355743020772934 
1749	 0.355931162834167 
1750	 0.356106698513031 
1751	 0.356300085783005 
1752	 0.356517195701599 
1753	 0.356692463159561 
1754	 0.356881648302078 
1755	 0.356994092464447 
1756	 0.357042789459229 
1757	 0.357082724571228 
1758	 0.357064634561539 
1759	 0.356983780860901 
1760	 0.356886059045792 
1761	 0.356751501560211 
1762	 0.356609731912613 
1763	 0.356433838605881 
1764	 0.356186360120773 
1765	 0.355891227722168 
1766	 0.355524003505707 
1767	 0.355136126279831 
1768	 0.354755520820618 
1769	 0.354368507862091 
1770	 0.353994220495224 
1771	 0.353611350059509 
1772	 0.353260099887848 
1773	 0.352949291467667 
1774	 0.352632373571396 
1775	 0.352350413799286 
1776	 0.352104157209396 
1777	 0.35184833407402 
1778	 0.351600557565689 
1779	 0.351375341415405 
1780	 0.351143598556519 
1781	 0.350892871618271 
1782	 0.35063248872757 
1783	 0.350384294986725 
1784	 0.350130409002304 
1785	 0.34990981221199 
1786	 0.349702924489975 
1787	 0.349508821964264 
1788	 0.34930893778801 
1789	 0.349104136228561 
1790	 0.348899960517883 
1791	 0.348702281713486 
1792	 0.34853133559227 
1793	 0.348380327224731 
1794	 0.348217338323593 
1795	 0.348035305738449 
1796	 0.347859472036362 
1797	 0.347685575485229 
1798	 0.347509473562241 
1799	 0.347347766160965 
1800	 0.347156494855881 
1801	 0.346197038888931 
1802	 0.345915287733078 
1803	 0.345640391111374 
1804	 0.345372229814529 
1805	 0.345092356204987 
1806	 0.344821900129318 
1807	 0.344537228345871 
1808	 0.34428533911705 
1809	 0.344050168991089 
1810	 0.343817859888077 
1811	 0.343597680330276 
1812	 0.343384057283401 
1813	 0.343165218830109 
1814	 0.342970669269562 
1815	 0.342794001102448 
1816	 0.342621684074402 
1817	 0.342445611953735 
1818	 0.342259258031845 
1819	 0.342104405164719 
1820	 0.341966331005096 
1821	 0.341826111078262 
1822	 0.341699868440628 
1823	 0.341586709022522 
1824	 0.341464340686798 
1825	 0.341337352991104 
1826	 0.341243118047714 
1827	 0.341173857450485 
1828	 0.34110626578331 
1829	 0.341059416532516 
1830	 0.341005593538284 
1831	 0.340953350067139 
1832	 0.340907841920853 
1833	 0.340872049331665 
1834	 0.340849637985229 
1835	 0.340836495161057 
1836	 0.340822011232376 
1837	 0.34078785777092 
1838	 0.340729743242264 
1839	 0.340695738792419 
1840	 0.340658843517303 
1841	 0.340623646974564 
1842	 0.340589821338654 
1843	 0.340573757886887 
1844	 0.34057155251503 
1845	 0.340585708618164 
1846	 0.340605437755585 
1847	 0.340632170438766 
1848	 0.340675711631775 
1849	 0.340706408023834 
1850	 0.340772718191147 
1851	 0.340870052576065 
1852	 0.34098818898201 
1853	 0.341096103191376 
1854	 0.341198056936264 
1855	 0.341303646564484 
1856	 0.341421246528625 
1857	 0.341547280550003 
1858	 0.341701745986938 
1859	 0.341886639595032 
1860	 0.342098861932755 
1861	 0.342331230640411 
1862	 0.342588603496552 
1863	 0.342871278524399 
1864	 0.343179225921631 
1865	 0.343497753143311 
1866	 0.343864560127258 
1867	 0.344314157962799 
1868	 0.34477311372757 
1869	 0.345254600048065 
1870	 0.345758020877838 
1871	 0.346271395683289 
1872	 0.346798688173294 
1873	 0.347337543964386 
1874	 0.347924888134003 
1875	 0.348506093025208 
1876	 0.349139362573624 
1877	 0.349825084209442 
1878	 0.350591629743576 
1879	 0.351433992385864 
1880	 0.352284014225006 
1881	 0.353198826313019 
1882	 0.354177594184875 
1883	 0.355167180299759 
1884	 0.356228053569794 
1885	 0.357444941997528 
1886	 0.358676999807358 
1887	 0.360029429197311 
1888	 0.361503481864929 
1889	 0.3629449903965 
1890	 0.364499181509018 
1891	 0.366093218326569 
1892	 0.367744028568268 
1893	 0.369543641805649 
1894	 0.371495574712753 
1895	 0.37346076965332 
1896	 0.375565022230148 
1897	 0.37776780128479 
1898	 0.379874259233475 
1899	 0.382146805524826 
1900	 0.384427458047867 
1901	 0.386729955673218 
1902	 0.389270186424255 
1903	 0.391761660575867 
1904	 0.394277840852737 
1905	 0.396881848573685 
1906	 0.39951103925705 
1907	 0.401899337768555 
1908	 0.404366344213486 
1909	 0.406740427017212 
1910	 0.408942937850952 
1911	 0.411213845014572 
1912	 0.413303017616272 
1913	 0.415177673101425 
1914	 0.416873425245285 
1915	 0.418228447437286 
1916	 0.419277101755142 
1917	 0.420038104057312 
1918	 0.420523375272751 
1919	 0.42065691947937 
1920	 0.420463234186172 
1921	 0.419869184494019 
1922	 0.418890714645386 
1923	 0.417532861232758 
1924	 0.415958762168884 
1925	 0.414083242416382 
1926	 0.412136405706406 
1927	 0.410013735294342 
1928	 0.407809287309647 
1929	 0.405385404825211 
1930	 0.403080075979233 
1931	 0.400721073150635 
1932	 0.398413926362991 
1933	 0.396381884813309 
1934	 0.394397169351578 
1935	 0.39252108335495 
1936	 0.390843987464905 
1937	 0.389181137084961 
1938	 0.387571603059769 
1939	 0.386089891195297 
1940	 0.384698867797852 
1941	 0.383357971906662 
1942	 0.382194757461548 
1943	 0.381017446517944 
1944	 0.379915714263916 
1945	 0.378906697034836 
1946	 0.377853214740753 
1947	 0.376888155937195 
1948	 0.375977843999863 
1949	 0.375094085931778 
1950	 0.374288201332092 
1951	 0.373579412698746 
1952	 0.372874945402145 
1953	 0.372224867343903 
1954	 0.371596902608871 
1955	 0.370937168598175 
1956	 0.370310723781586 
1957	 0.369679719209671 
1958	 0.369038790464401 
1959	 0.368467420339584 
1960	 0.367909073829651 
1961	 0.367367535829544 
1962	 0.366855502128601 
1963	 0.366343587636948 
1964	 0.365844190120697 
1965	 0.365363210439682 
1966	 0.364886879920959 
1967	 0.364429712295532 
1968	 0.364016979932785 
1969	 0.363577991724014 
1970	 0.363168358802795 
1971	 0.362804740667343 
1972	 0.362424552440643 
1973	 0.362069755792618 
1974	 0.361701428890228 
1975	 0.361321300268173 
1976	 0.360951513051987 
1977	 0.360590219497681 
1978	 0.360217392444611 
1979	 0.359843730926514 
1980	 0.359480857849121 
1981	 0.359082967042923 
1982	 0.358706116676331 
1983	 0.358355194330215 
1984	 0.358003973960876 
1985	 0.357682764530182 
1986	 0.357379734516144 
1987	 0.357081085443497 
1988	 0.356805950403214 
1989	 0.356507897377014 
1990	 0.356205642223358 
1991	 0.355910927057266 
1992	 0.355603247880936 
1993	 0.355294942855835 
1994	 0.355041295289993 
1995	 0.35478401184082 
1996	 0.354532152414322 
1997	 0.35434952378273 
1998	 0.354149132966995 
1999	 0.353955715894699 
2000	 0.353769898414612 
2001	 0.353593319654465 
2002	 0.353417783975601 
2003	 0.353245139122009 
2004	 0.353090286254883 
2005	 0.352948874235153 
2006	 0.352811694145203 
2007	 0.352673530578613 
2008	 0.352563619613647 
2009	 0.352477997541428 
2010	 0.352379024028778 
2011	 0.352305740118027 
2012	 0.352256804704666 
2013	 0.35221803188324 
2014	 0.352185696363449 
2015	 0.352181524038315 
2016	 0.352198213338852 
2017	 0.352229624986649 
2018	 0.352282881736755 
2019	 0.352347671985626 
2020	 0.352419704198837 
2021	 0.352528214454651 
2022	 0.352656632661819 
2023	 0.35278457403183 
2024	 0.35294571518898 
2025	 0.353110522031784 
2026	 0.353292644023895 
2027	 0.353499740362167 
2028	 0.353702247142792 
2029	 0.353916168212891 
2030	 0.354131072759628 
2031	 0.354352086782455 
2032	 0.354562819004059 
2033	 0.35478538274765 
2034	 0.354987174272537 
2035	 0.355184644460678 
2036	 0.355354905128479 
2037	 0.355511367321014 
2038	 0.355666846036911 
2039	 0.355802237987518 
2040	 0.35591122508049 
2041	 0.356037765741348 
2042	 0.356164783239365 
2043	 0.356274366378784 
2044	 0.356396347284317 
2045	 0.356488615274429 
2046	 0.356544941663742 
2047	 0.356606155633926 
2048	 0.356658756732941 
2049	 0.35670417547226 
2050	 0.356742113828659 
2051	 0.356773525476456 
2052	 0.356800615787506 
2053	 0.356816560029984 
2054	 0.356854766607285 
2055	 0.356904298067093 
2056	 0.35695481300354 
2057	 0.357024669647217 
2058	 0.357068866491318 
2059	 0.357096940279007 
2060	 0.357129007577896 
2061	 0.357145696878433 
2062	 0.357182621955872 
2063	 0.357229769229889 
2064	 0.357280939817429 
2065	 0.357331454753876 
2066	 0.357402086257935 
2067	 0.357499569654465 
2068	 0.357567220926285 
2069	 0.357654273509979 
2070	 0.3577641248703 
2071	 0.357855767011642 
2072	 0.35794386267662 
2073	 0.358025044202805 
2074	 0.358101010322571 
2075	 0.358167171478271 
2076	 0.358217179775238 
2077	 0.358280509710312 
2078	 0.35834151506424 
2079	 0.358408331871033 
2080	 0.358475267887115 
2081	 0.358551323413849 
2082	 0.358627706766129 
2083	 0.358722567558289 
2084	 0.358807682991028 
2085	 0.35890594124794 
2086	 0.359039694070816 
2087	 0.359189033508301 
2088	 0.359357088804245 
2089	 0.35957133769989 
2090	 0.359774500131607 
2091	 0.359986543655396 
2092	 0.360192179679871 
2093	 0.360415488481522 
2094	 0.360618084669113 
2095	 0.360820531845093 
2096	 0.360997974872589 
2097	 0.361183643341064 
2098	 0.361309349536896 
2099	 0.361395239830017 
2100	 0.361458420753479 
2101	 0.361508071422577 
2102	 0.361518114805222 
2103	 0.361530065536499 
2104	 0.36153045296669 
2105	 0.361527115106583 
2106	 0.361500769853592 
2107	 0.361486405134201 
2108	 0.361490607261658 
2109	 0.361464530229568 
2110	 0.361413925886154 
2111	 0.361375093460083 
2112	 0.361315608024597 
2113	 0.361272305250168 
2114	 0.361259669065475 
2115	 0.361223340034485 
2116	 0.361167460680008 
2117	 0.361129641532898 
2118	 0.361084431409836 
2119	 0.361024856567383 
2120	 0.360977292060852 
2121	 0.360928475856781 
2122	 0.360905319452286 
2123	 0.36088702082634 
2124	 0.360885471105576 
2125	 0.360926300287247 
2126	 0.360938310623169 
2127	 0.360945194959641 
2128	 0.360951036214828 
2129	 0.360947608947754 
2130	 0.360948920249939 
2131	 0.360946983098984 
2132	 0.360949784517288 
2133	 0.360944002866745 
2134	 0.360953807830811 
2135	 0.360978305339813 
2136	 0.361046433448792 
2137	 0.361146062612534 
2138	 0.361303001642227 
2139	 0.361427813768387 
2140	 0.361580103635788 
2141	 0.361709088087082 
2142	 0.361810088157654 
2143	 0.361936271190643 
2144	 0.362072616815567 
2145	 0.362202346324921 
2146	 0.36234176158905 
2147	 0.362479031085968 
2148	 0.362592369318008 
2149	 0.36274516582489 
2150	 0.362910836935043 
2151	 0.363094300031662 
2152	 0.363325208425522 
2153	 0.363531142473221 
2154	 0.363736480474472 
2155	 0.363964378833771 
2156	 0.364193767309189 
2157	 0.364414840936661 
2158	 0.364676624536514 
2159	 0.364956557750702 
2160	 0.365263402462006 
2161	 0.365613728761673 
2162	 0.365944445133209 
2163	 0.366299360990524 
2164	 0.366628378629684 
2165	 0.36695522069931 
2166	 0.367253184318542 
2167	 0.367518037557602 
2168	 0.367802113294601 
2169	 0.368074923753738 
2170	 0.368347644805908 
2171	 0.368656039237976 
2172	 0.368919491767883 
2173	 0.369147539138794 
2174	 0.369369029998779 
2175	 0.369580626487732 
2176	 0.369799107313156 
2177	 0.370012581348419 
2178	 0.37023338675499 
2179	 0.370440542697906 
2180	 0.370639652013779 
2181	 0.370825886726379 
2182	 0.370989590883255 
2183	 0.371189683675766 
2184	 0.371381819248199 
2185	 0.37160536646843 
2186	 0.371882259845734 
2187	 0.372123599052429 
2188	 0.372375935316086 
2189	 0.37259903550148 
2190	 0.37279811501503 
2191	 0.372994065284729 
2192	 0.373180210590363 
2193	 0.373346835374832 
2194	 0.373499810695648 
2195	 0.37364199757576 
2196	 0.373762756586075 
2197	 0.373879611492157 
2198	 0.373964697122574 
2199	 0.374066770076752 
2200	 0.374187767505646 
2201	 0.374312102794647 
2202	 0.374432802200317 
2203	 0.37456801533699 
2204	 0.374718636274338 
2205	 0.374858140945435 
2206	 0.375027120113373 
2207	 0.375244647264481 
2208	 0.375428229570389 
2209	 0.375610202550888 
2210	 0.375779092311859 
2211	 0.375914394855499 
2212	 0.376095831394196 
2213	 0.376297831535339 
2214	 0.37648817896843 
2215	 0.376698732376099 
2216	 0.376912117004395 
2217	 0.377097606658936 
2218	 0.37731596827507 
2219	 0.377573251724243 
2220	 0.377818822860718 
2221	 0.378050059080124 
2222	 0.378327488899231 
2223	 0.378593236207962 
2224	 0.37887978553772 
2225	 0.379194498062134 
2226	 0.379500329494476 
2227	 0.379825919866562 
2228	 0.380153745412827 
2229	 0.380510240793228 
2230	 0.380882352590561 
2231	 0.381296753883362 
2232	 0.381734848022461 
2233	 0.382213115692139 
2234	 0.382725238800049 
2235	 0.383273929357529 
2236	 0.383858293294907 
2237	 0.384480208158493 
2238	 0.385169327259064 
2239	 0.385840862989426 
2240	 0.386509478092194 
2241	 0.387242823839188 
2242	 0.387970834970474 
2243	 0.38878870010376 
2244	 0.389717757701874 
2245	 0.390629440546036 
2246	 0.391626447439194 
2247	 0.392571240663528 
2248	 0.39348840713501 
2249	 0.394421309232712 
2250	 0.395324915647507 
2251	 0.396243065595627 
2252	 0.397264122962952 
2253	 0.398256599903107 
2254	 0.399327218532562 
2255	 0.400368481874466 
2256	 0.401319861412048 
2257	 0.402326792478561 
2258	 0.403239548206329 
2259	 0.404088765382767 
2260	 0.404935926198959 
2261	 0.405728548765183 
2262	 0.406521886587143 
2263	 0.407329052686691 
2264	 0.408060908317566 
2265	 0.408743262290955 
2266	 0.409424692392349 
2267	 0.410046607255936 
2268	 0.410672098398209 
2269	 0.411292463541031 
2270	 0.411910533905029 
2271	 0.412518709897995 
2272	 0.413115680217743 
2273	 0.413713842630386 
2274	 0.414287269115448 
2275	 0.41480365395546 
2276	 0.415362060070038 
2277	 0.415908366441727 
2278	 0.416507959365845 
2279	 0.417156577110291 
2280	 0.417818188667297 
2281	 0.418529361486435 
2282	 0.419228404760361 
2283	 0.419934272766113 
2284	 0.420623302459717 
2285	 0.421395808458328 
2286	 0.422165364027023 
2287	 0.422940582036972 
2288	 0.423734217882156 
2289	 0.424449890851974 
2290	 0.425176441669464 
2291	 0.425968497991562 
2292	 0.426787823438644 
2293	 0.427596300840378 
2294	 0.428358733654022 
2295	 0.429028660058975 
2296	 0.429636299610138 
2297	 0.430161535739899 
2298	 0.430623084306717 
2299	 0.430968761444092 
2300	 0.431243568658829 
2301	 0.431336492300034 
2302	 0.431262493133545 
2303	 0.431146621704102 
2304	 0.43089696764946 
2305	 0.43057507276535 
2306	 0.430222153663635 
2307	 0.429698467254639 
2308	 0.428969472646713 
2309	 0.428245186805725 
2310	 0.427408456802368 
2311	 0.426571637392044 
2312	 0.42564070224762 
2313	 0.424819052219391 
2314	 0.423964828252792 
2315	 0.423205435276031 
2316	 0.422585278749466 
2317	 0.421932339668274 
2318	 0.421240031719208 
2319	 0.42070797085762 
2320	 0.420243561267853 
2321	 0.419821679592133 
2322	 0.419527053833008 
2323	 0.419262081384659 
2324	 0.419011324644089 
2325	 0.418851226568222 
2326	 0.418783903121948 
2327	 0.418765306472778 
2328	 0.418836444616318 
2329	 0.418911129236221 
2330	 0.418999761343002 
2331	 0.419200032949448 
2332	 0.419463038444519 
2333	 0.419760763645172 
2334	 0.420199275016785 
2335	 0.420676797628403 
2336	 0.421079158782959 
2337	 0.421518921852112 
2338	 0.421997129917145 
2339	 0.422455877065659 
2340	 0.422926723957062 
2341	 0.423360556364059 
2342	 0.4237020611763 
2343	 0.424031019210815 
2344	 0.424313515424728 
2345	 0.424470722675323 
2346	 0.424517393112183 
2347	 0.42441114783287 
2348	 0.424244433641434 
2349	 0.423996776342392 
2350	 0.4236741065979 
2351	 0.423304110765457 
2352	 0.422861993312836 
2353	 0.422430217266083 
2354	 0.422029405832291 
2355	 0.421618521213531 
2356	 0.42121422290802 
2357	 0.420933037996292 
2358	 0.420738250017166 
2359	 0.420597821474075 
2360	 0.420576959848404 
2361	 0.42053633928299 
2362	 0.420481085777283 
2363	 0.420519769191742 
2364	 0.420576244592667 
2365	 0.42067214846611 
2366	 0.420726895332336 
2367	 0.420746952295303 
2368	 0.420791000127792 
2369	 0.420787930488586 
2370	 0.420811176300049 
2371	 0.420853853225708 
2372	 0.420850962400436 
2373	 0.420844972133636 
2374	 0.420830428600311 
2375	 0.420791536569595 
2376	 0.42082291841507 
2377	 0.420818507671356 
2378	 0.420778602361679 
2379	 0.42084527015686 
2380	 0.420820772647858 
2381	 0.42075589299202 
2382	 0.420778006315231 
2383	 0.420827299356461 
2384	 0.420926749706268 
2385	 0.421131312847137 
2386	 0.421263784170151 
2387	 0.421423882246017 
2388	 0.421522080898285 
2389	 0.421544939279556 
2390	 0.42162624001503 
2391	 0.421723306179047 
2392	 0.421769499778748 
2393	 0.421769261360168 
2394	 0.421832978725433 
2395	 0.42192667722702 
2396	 0.422020822763443 
2397	 0.422127157449722 
2398	 0.422298669815063 
2399	 0.422499269247055 
2400	 0.422627866268158 
2401	 0.422836780548096 
2402	 0.422936111688614 
2403	 0.422923773527145 
2404	 0.423055619001389 
2405	 0.423219501972198 
2406	 0.423361092805862 
2407	 0.423534274101257 
2408	 0.423709362745285 
2409	 0.424005717039108 
2410	 0.424313604831696 
2411	 0.424608618021011 
2412	 0.424960762262344 
2413	 0.425218909978867 
2414	 0.425604224205017 
2415	 0.4260413646698 
2416	 0.426258653402328 
2417	 0.426422715187073 
2418	 0.42653301358223 
2419	 0.426739186048508 
2420	 0.42707958817482 
2421	 0.427431225776672 
2422	 0.427888691425323 
2423	 0.428209245204926 
2424	 0.42851796746254 
2425	 0.428970783948898 
2426	 0.429178953170776 
2427	 0.429309338331223 
2428	 0.429434955120087 
2429	 0.429539084434509 
2430	 0.42997744679451 
2431	 0.430453538894653 
2432	 0.430895119905472 
2433	 0.431325346231461 
2434	 0.431577920913696 
2435	 0.431783646345139 
2436	 0.431818664073944 
2437	 0.432012945413589 
2438	 0.43230265378952 
2439	 0.432529211044312 
2440	 0.433082759380341 
2441	 0.433584809303284 
2442	 0.43384000658989 
2443	 0.434198349714279 
2444	 0.434532701969147 
2445	 0.434668034315109 
2446	 0.4349524974823 
2447	 0.435383439064026 
2448	 0.435587137937546 
2449	 0.435784995555878 
2450	 0.436102598905563 
2451	 0.436345130205154 
2452	 0.436798334121704 
2453	 0.4373859167099 
2454	 0.437839210033417 
2455	 0.438258409500122 
2456	 0.438399612903595 
2457	 0.438605487346649 
2458	 0.438990861177444 
2459	 0.439114421606064 
2460	 0.439389199018478 
2461	 0.439708411693573 
2462	 0.439895570278168 
2463	 0.44011390209198 
2464	 0.440274924039841 
2465	 0.440457761287689 
2466	 0.440483093261719 
2467	 0.440512865781784 
2468	 0.440793842077255 
2469	 0.44110095500946 
2470	 0.441425055265427 
2471	 0.441731810569763 
2472	 0.441708475351334 
2473	 0.441580832004547 
2474	 0.44146141409874 
2475	 0.44135046005249 
2476	 0.441695660352707 
2477	 0.441987723112106 
2478	 0.442104071378708 
2479	 0.442541211843491 
2480	 0.442300587892532 
2481	 0.44222030043602 
2482	 0.442258030176163 
2483	 0.441954165697098 
2484	 0.441891402006149 
2485	 0.441771268844604 
2486	 0.441617369651794 
2487	 0.441388547420502 
2488	 0.441093325614929 
2489	 0.441122621297836 
2490	 0.441076636314392 
2491	 0.440919607877731 
2492	 0.440958976745605 
2493	 0.440769344568253 
2494	 0.440563231706619 
2495	 0.440444350242615 
2496	 0.440071791410446 
2497	 0.439743638038635 
2498	 0.439437955617905 
2499	 0.439270675182343 
2500	 0.439426690340042 
