Wavelength	2e.000
350	 0.064787894487381 
351	 0.062898613512516 
352	 5.98969124257565E-02 
353	 5.81737868487835E-02 
354	 6.18194304406643E-02 
355	 6.16326332092285E-02 
356	 6.08850382268429E-02 
357	 6.23063035309315E-02 
358	 0.058225691318512 
359	 5.49865067005157E-02 
360	 0.05472681671381 
361	 5.65305687487125E-02 
362	 5.56642785668373E-02 
363	 5.49931041896343E-02 
364	 5.51683232188225E-02 
365	 5.29639348387718E-02 
366	 5.47520890831947E-02 
367	 5.62324486672878E-02 
368	 5.39695657789707E-02 
369	 0.055865827947855 
370	 5.61834685504436E-02 
371	 5.49069195985794E-02 
372	 5.50210513174534E-02 
373	 0.054274894297123 
374	 5.45066334307194E-02 
375	 5.60986809432507E-02 
376	 5.68948276340961E-02 
377	 5.60875236988068E-02 
378	 5.57011738419533E-02 
379	 5.69085031747818E-02 
380	 5.49010410904884E-02 
381	 0.055748026818037 
382	 5.72443008422852E-02 
383	 5.33981136977673E-02 
384	 5.35954609513283E-02 
385	 5.56711852550507E-02 
386	 5.66524267196655E-02 
387	 5.44110536575317E-02 
388	 5.37156835198402E-02 
389	 0.053899984806776 
390	 5.33497929573059E-02 
391	 5.28984628617764E-02 
392	 5.33022172749043E-02 
393	 5.41330836713314E-02 
394	 5.43312802910805E-02 
395	 5.50443045794964E-02 
396	 5.54116852581501E-02 
397	 5.50197027623653E-02 
398	 5.45724183320999E-02 
399	 5.37532083690166E-02 
400	 5.31785301864147E-02 
401	 5.33614084124565E-02 
402	 5.32819293439388E-02 
403	 5.40300868451595E-02 
404	 5.48426583409309E-02 
405	 5.38225322961807E-02 
406	 5.35376742482185E-02 
407	 5.36887422204018E-02 
408	 0.053753923624754 
409	 5.36299087107182E-02 
410	 5.36715611815453E-02 
411	 5.38554787635803E-02 
412	 5.40355034172535E-02 
413	 5.42193725705147E-02 
414	 5.40245175361633E-02 
415	 5.36624789237976E-02 
416	 5.38377724587917E-02 
417	 5.40561564266682E-02 
418	 5.39440512657166E-02 
419	 5.35413399338722E-02 
420	 5.37981912493706E-02 
421	 5.38089908659458E-02 
422	 5.36646209657192E-02 
423	 5.37695474922657E-02 
424	 5.37491701543331E-02 
425	 5.33419325947762E-02 
426	 5.28693944215775E-02 
427	 5.32673671841621E-02 
428	 5.34479953348637E-02 
429	 5.35205267369747E-02 
430	 0.053647343069315 
431	 5.32092340290546E-02 
432	 5.33241927623749E-02 
433	 5.37018589675426E-02 
434	 5.34095987677574E-02 
435	 5.35544864833355E-02 
436	 0.053696546703577 
437	 5.35971745848656E-02 
438	 0.053598552942276 
439	 5.34773170948029E-02 
440	 5.33528923988342E-02 
441	 5.33951073884964E-02 
442	 5.35985268652439E-02 
443	 5.36285229027271E-02 
444	 5.35109378397465E-02 
445	 0.053543783724308 
446	 5.34206479787827E-02 
447	 5.33484891057014E-02 
448	 5.34278638660908E-02 
449	 5.33404238522053E-02 
450	 5.33404871821404E-02 
451	 5.33971525728703E-02 
452	 5.33822067081928E-02 
453	 0.053268738090992 
454	 0.053278349339962 
455	 0.053391944617033 
456	 5.33140189945698E-02 
457	 5.32400533556938E-02 
458	 5.31552284955978E-02 
459	 0.053081601858139 
460	 5.33278025686741E-02 
461	 5.33378571271896E-02 
462	 5.30942566692829E-02 
463	 5.29081337153912E-02 
464	 5.30046559870243E-02 
465	 0.053078681230545 
466	 5.29694743454456E-02 
467	 5.28297275304794E-02 
468	 5.27990013360977E-02 
469	 5.28100579977036E-02 
470	 5.27915768325329E-02 
471	 5.29991574585438E-02 
472	 5.29420524835587E-02 
473	 5.27310185134411E-02 
474	 5.29109053313732E-02 
475	 5.26835545897484E-02 
476	 5.25561794638634E-02 
477	 5.28096854686737E-02 
478	 5.27638234198093E-02 
479	 5.26780784130096E-02 
480	 5.27017153799534E-02 
481	 5.28787672519684E-02 
482	 5.28067238628864E-02 
483	 5.27498945593834E-02 
484	 5.28076402842999E-02 
485	 5.28350174427032E-02 
486	 5.29210790991783E-02 
487	 5.28591834008694E-02 
488	 5.25857545435429E-02 
489	 5.26761040091515E-02 
490	 0.052712719887495 
491	 5.27032911777496E-02 
492	 5.28640523552895E-02 
493	 5.28100430965424E-02 
494	 5.27380518615246E-02 
495	 5.28082884848118E-02 
496	 5.30268549919128E-02 
497	 5.29516376554966E-02 
498	 5.28186336159706E-02 
499	 5.29349967837334E-02 
500	 5.28535731136799E-02 
501	 5.27804344892502E-02 
502	 5.27642071247101E-02 
503	 5.27041777968407E-02 
504	 5.28562851250172E-02 
505	 5.29739111661911E-02 
506	 5.28977140784264E-02 
507	 5.28901293873787E-02 
508	 5.28943501412869E-02 
509	 5.29167726635933E-02 
510	 5.29730767011642E-02 
511	 5.29884770512581E-02 
512	 5.29523007571697E-02 
513	 5.29330968856812E-02 
514	 5.30940145254135E-02 
515	 5.30748292803764E-02 
516	 5.30083142220974E-02 
517	 5.30807264149189E-02 
518	 5.32037727534771E-02 
519	 5.31928725540638E-02 
520	 5.31412549316883E-02 
521	 5.33008500933647E-02 
522	 5.33394068479538E-02 
523	 5.33181801438332E-02 
524	 5.33343739807606E-02 
525	 5.34587502479553E-02 
526	 5.34499511122704E-02 
527	 5.34349754452705E-02 
528	 5.35982735455036E-02 
529	 5.36405481398106E-02 
530	 5.36503195762634E-02 
531	 5.36843612790108E-02 
532	 5.37388026714325E-02 
533	 5.38342595100403E-02 
534	 5.39240911602974E-02 
535	 5.39810322225094E-02 
536	 5.40773086249828E-02 
537	 5.41706793010235E-02 
538	 5.42497001588345E-02 
539	 5.43248318135738E-02 
540	 5.44339492917061E-02 
541	 5.45423701405525E-02 
542	 5.46506494283676E-02 
543	 5.48360496759415E-02 
544	 5.49450553953648E-02 
545	 0.055024616420269 
546	 5.51574490964413E-02 
547	 5.52764981985092E-02 
548	 5.54366819560528E-02 
549	 5.56169077754021E-02 
550	 5.57323172688484E-02 
551	 5.59027306735516E-02 
552	 5.61252050101757E-02 
553	 0.056359525769949 
554	 5.65259642899036E-02 
555	 5.67374266684055E-02 
556	 5.70016503334045E-02 
557	 5.72773851454258E-02 
558	 5.75630702078342E-02 
559	 5.79397119581699E-02 
560	 5.83869181573391E-02 
561	 5.87370321154594E-02 
562	 5.90980052947998E-02 
563	 5.95071688294411E-02 
564	 5.99728971719742E-02 
565	 6.04795478284359E-02 
566	 6.09507523477077E-02 
567	 6.14245645701885E-02 
568	 6.20133429765701E-02 
569	 6.26058652997017E-02 
570	 0.063246488571167 
571	 6.39577955007553E-02 
572	 6.46646171808243E-02 
573	 6.54272511601448E-02 
574	 6.61990121006966E-02 
575	 6.69237598776817E-02 
576	 6.77318572998047E-02 
577	 6.85782507061958E-02 
578	 6.94356337189674E-02 
579	 7.03106075525284E-02 
580	 7.12491795420647E-02 
581	 7.22698122262955E-02 
582	 7.33521729707718E-02 
583	 7.43603780865669E-02 
584	 7.54803195595741E-02 
585	 7.67031237483025E-02 
586	 7.79087245464325E-02 
587	 7.91426822543144E-02 
588	 8.03885236382484E-02 
589	 8.16369280219078E-02 
590	 8.28879177570343E-02 
591	 8.42013880610466E-02 
592	 0.085569366812706 
593	 8.69494304060936E-02 
594	 8.82465690374374E-02 
595	 0.089572474360466 
596	 9.09334719181061E-02 
597	 9.22364071011543E-02 
598	 9.35178175568581E-02 
599	 9.48312357068062E-02 
600	 0.096181184053421 
601	 9.74242687225342E-02 
602	 9.87463518977165E-02 
603	 0.100079901516438 
604	 0.101277619600296 
605	 0.102485783398151 
606	 0.103681616485119 
607	 0.104858547449112 
608	 0.106042705476284 
609	 0.10717336833477 
610	 0.108247272670269 
611	 0.109276175498962 
612	 0.110245287418365 
613	 0.111216709017754 
614	 0.112170912325382 
615	 0.113047696650028 
616	 0.113945044577122 
617	 0.11480525135994 
618	 0.115607559680939 
619	 0.116436704993248 
620	 0.117226347327232 
621	 0.117969535291195 
622	 0.118683010339737 
623	 0.119395643472672 
624	 0.120097510516644 
625	 0.120759315788746 
626	 0.121344313025475 
627	 0.121974736452103 
628	 0.122617967426777 
629	 0.12322436273098 
630	 0.123776130378246 
631	 0.124335803091526 
632	 0.12489116191864 
633	 0.125405520200729 
634	 0.125945344567299 
635	 0.126472741365433 
636	 0.126984000205994 
637	 0.127526447176933 
638	 0.128017544746399 
639	 0.128480732440948 
640	 0.128957882523537 
641	 0.129458457231522 
642	 0.12994872033596 
643	 0.130433350801468 
644	 0.130940690636635 
645	 0.131464675068855 
646	 0.13198746740818 
647	 0.132490441203117 
648	 0.132953315973282 
649	 0.133486703038216 
650	 0.134022086858749 
651	 0.134479314088821 
652	 0.134980797767639 
653	 0.135473906993866 
654	 0.135983437299728 
655	 0.136587336659431 
656	 0.137149065732956 
657	 0.137697145342827 
658	 0.138268917798996 
659	 0.138864308595657 
660	 0.139447242021561 
661	 0.14002913236618 
662	 0.140635147690773 
663	 0.141259267926216 
664	 0.141872584819794 
665	 0.142480999231339 
666	 0.143125250935555 
667	 0.143802583217621 
668	 0.144488781690598 
669	 0.145161658525467 
670	 0.14581011235714 
671	 0.146535471081734 
672	 0.147289052605629 
673	 0.147980764508247 
674	 0.148753613233566 
675	 0.149545088410378 
676	 0.150312185287476 
677	 0.151058599352837 
678	 0.151769265532494 
679	 0.152560099959373 
680	 0.153487116098404 
681	 0.154344648122787 
682	 0.155144691467285 
683	 0.155964538455009 
684	 0.15689355134964 
685	 0.157787263393402 
686	 0.158666089177132 
687	 0.159560531377792 
688	 0.16049200296402 
689	 0.161442890763283 
690	 0.162386178970337 
691	 0.163307964801788 
692	 0.164238169789314 
693	 0.165211856365204 
694	 0.166245728731155 
695	 0.167326778173447 
696	 0.168326675891876 
697	 0.169260665774345 
698	 0.170193031430244 
699	 0.171232685446739 
700	 0.172307327389717 
701	 0.173353642225266 
702	 0.174348324537277 
703	 0.175403878092766 
704	 0.176460966467857 
705	 0.177482023835182 
706	 0.178460150957108 
707	 0.179510653018951 
708	 0.180569171905518 
709	 0.181588470935822 
710	 0.182585671544075 
711	 0.183657273650169 
712	 0.184704065322876 
713	 0.185629531741142 
714	 0.186599671840668 
715	 0.187608808279037 
716	 0.188624903559685 
717	 0.189598187804222 
718	 0.190488561987877 
719	 0.19134683907032 
720	 0.192204058170319 
721	 0.193028911948204 
722	 0.193901911377907 
723	 0.194773778319359 
724	 0.195572659373283 
725	 0.196312665939331 
726	 0.197048977017403 
727	 0.197771698236465 
728	 0.198429614305496 
729	 0.199068814516068 
730	 0.199651151895523 
731	 0.200175493955612 
732	 0.200719252228737 
733	 0.201213851571083 
734	 0.201674446463585 
735	 0.202120557427406 
736	 0.202491506934166 
737	 0.202842235565186 
738	 0.203134417533875 
739	 0.203291684389114 
740	 0.20349957048893 
741	 0.203722685575485 
742	 0.203885897994041 
743	 0.203899577260017 
744	 0.203942984342575 
745	 0.20399808883667 
746	 0.203992560505867 
747	 0.203862011432648 
748	 0.203757226467133 
749	 0.203655883669853 
750	 0.203444823622704 
751	 0.203164711594582 
752	 0.202904149889946 
753	 0.202675580978394 
754	 0.202388644218445 
755	 0.202016279101372 
756	 0.201586410403252 
757	 0.201145246624947 
758	 0.200746580958366 
759	 0.200316593050957 
760	 0.199830651283264 
761	 0.199300482869148 
762	 0.198798343539238 
763	 0.198219567537308 
764	 0.197579145431519 
765	 0.197022154927254 
766	 0.196453168988228 
767	 0.195811107754707 
768	 0.195103451609612 
769	 0.194480165839195 
770	 0.193826705217361 
771	 0.193130642175674 
772	 0.192419096827507 
773	 0.19172303378582 
774	 0.191025704145432 
775	 0.190333351492882 
776	 0.189662978053093 
777	 0.188923001289368 
778	 0.188140705227852 
779	 0.187360167503357 
780	 0.186618849635124 
781	 0.185940712690353 
782	 0.185222640633583 
783	 0.184403002262115 
784	 0.18369397521019 
785	 0.182977050542831 
786	 0.182246521115303 
787	 0.18155126273632 
788	 0.180820554494858 
789	 0.180061936378479 
790	 0.179313436150551 
791	 0.178634837269783 
792	 0.178014770150185 
793	 0.177364245057106 
794	 0.176636666059494 
795	 0.175920128822327 
796	 0.175203263759613 
797	 0.174508780241013 
798	 0.173853442072868 
799	 0.17317707836628 
800	 0.172511383891106 
801	 0.17186926305294 
802	 0.171246364712715 
803	 0.170658439397812 
804	 0.170017465949059 
805	 0.169330641627312 
806	 0.168761134147644 
807	 0.168211102485657 
808	 0.167617097496986 
809	 0.166978105902672 
810	 0.166450455784798 
811	 0.165935590863228 
812	 0.165422812104225 
813	 0.164922341704369 
814	 0.164329066872597 
815	 0.163796678185463 
816	 0.163322910666466 
817	 0.162773638963699 
818	 0.162321671843529 
819	 0.161898821592331 
820	 0.161457926034927 
821	 0.161047026515007 
822	 0.160660624504089 
823	 0.160243988037109 
824	 0.159770041704178 
825	 0.159330517053604 
826	 0.158921763300896 
827	 0.158545061945915 
828	 0.158198267221451 
829	 0.157866433262825 
830	 0.157528698444366 
831	 0.157192721962929 
832	 0.156886979937553 
833	 0.156583562493324 
834	 0.156281635165215 
835	 0.155983179807663 
836	 0.155686780810356 
837	 0.155435055494308 
838	 0.155183345079422 
839	 0.154901966452599 
840	 0.1546660810709 
841	 0.154440492391586 
842	 0.154209062457085 
843	 0.153974205255508 
844	 0.153786078095436 
845	 0.153645917773247 
846	 0.153512895107269 
847	 0.153328523039818 
848	 0.153146460652351 
849	 0.15296359360218 
850	 0.152805849909782 
851	 0.152737036347389 
852	 0.152694746851921 
853	 0.152629271149635 
854	 0.152523219585419 
855	 0.152416631579399 
856	 0.152325689792633 
857	 0.152264907956123 
858	 0.152230679988861 
859	 0.152165248990059 
860	 0.152127087116241 
861	 0.152132466435432 
862	 0.152163535356522 
863	 0.152151137590408 
864	 0.152195751667023 
865	 0.152295142412186 
866	 0.152347162365913 
867	 0.152272835373878 
868	 0.152275830507278 
869	 0.15240940451622 
870	 0.152474254369736 
871	 0.1526168435812 
872	 0.152768090367317 
873	 0.152860760688782 
874	 0.152928948402405 
875	 0.153048858046532 
876	 0.153188675642014 
877	 0.153314232826233 
878	 0.153524905443192 
879	 0.153715744614601 
880	 0.153903976082802 
881	 0.154136911034584 
882	 0.154264688491821 
883	 0.154450118541718 
884	 0.154719680547714 
885	 0.154985174536705 
886	 0.155259042978287 
887	 0.155531480908394 
888	 0.155796602368355 
889	 0.156056523323059 
890	 0.1563580930233 
891	 0.156624883413315 
892	 0.156845822930336 
893	 0.157153412699699 
894	 0.157534271478653 
895	 0.157897338271141 
896	 0.158197060227394 
897	 0.158554583787918 
898	 0.158963024616241 
899	 0.159380823373795 
900	 0.159776121377945 
901	 0.160214200615883 
902	 0.160646244883537 
903	 0.161054417490959 
904	 0.161457240581512 
905	 0.161959081888199 
906	 0.162466943264008 
907	 0.162989228963852 
908	 0.163586929440498 
909	 0.164076030254364 
910	 0.164538994431496 
911	 0.16504792869091 
912	 0.165624722838402 
913	 0.166195541620255 
914	 0.16674542427063 
915	 0.16729947924614 
916	 0.167920634150505 
917	 0.168592542409897 
918	 0.169259488582611 
919	 0.169897571206093 
920	 0.17055544257164 
921	 0.171222373843193 
922	 0.17189759016037 
923	 0.172581493854523 
924	 0.173276007175446 
925	 0.173927560448647 
926	 0.174630507826805 
927	 0.17546109855175 
928	 0.17627426981926 
929	 0.177082195878029 
930	 0.177854880690575 
931	 0.1785768866539 
932	 0.179336324334145 
933	 0.180238917469978 
934	 0.181201994419098 
935	 0.182069808244705 
936	 0.182903289794922 
937	 0.183795034885406 
938	 0.184727489948273 
939	 0.18562775850296 
940	 0.186631739139557 
941	 0.187627181410789 
942	 0.188590884208679 
943	 0.189588516950607 
944	 0.190573662519455 
945	 0.191590592265129 
946	 0.19264805316925 
947	 0.193702280521393 
948	 0.194666191935539 
949	 0.195656701922417 
950	 0.19675175845623 
951	 0.197929292917252 
952	 0.19906909763813 
953	 0.200198352336884 
954	 0.201339840888977 
955	 0.202467143535614 
956	 0.203592702746391 
957	 0.204805865883827 
958	 0.206105813384056 
959	 0.207320526242256 
960	 0.208567515015602 
961	 0.20981277525425 
962	 0.211038842797279 
963	 0.212326422333717 
964	 0.213506639003754 
965	 0.214727565646172 
966	 0.21608068048954 
967	 0.217345893383026 
968	 0.218588173389435 
969	 0.21994124352932 
970	 0.22141794860363 
971	 0.222685351967812 
972	 0.224065884947777 
973	 0.225478485226631 
974	 0.22679615020752 
975	 0.228103220462799 
976	 0.229591056704521 
977	 0.231138467788696 
978	 0.232588082551956 
979	 0.234019055962563 
980	 0.235454604029655 
981	 0.236908972263336 
982	 0.238386228680611 
983	 0.239889040589333 
984	 0.241354152560234 
985	 0.242875695228577 
986	 0.244483709335327 
987	 0.245797097682953 
988	 0.247270047664642 
989	 0.248886004090309 
990	 0.250450015068054 
991	 0.251820236444473 
992	 0.253248453140259 
993	 0.254753857851028 
994	 0.256294310092926 
995	 0.257956773042679 
996	 0.259570121765137 
997	 0.261060148477554 
998	 0.262445896863937 
999	 0.263883173465729 
1000	 0.265412926673889 
1001	 0.267131179571152 
1002	 0.268621951341629 
1003	 0.270092099905014 
1004	 0.271515697240829 
1005	 0.272847473621368 
1006	 0.274243921041489 
1007	 0.275631219148636 
1008	 0.277058720588684 
1009	 0.278487682342529 
1010	 0.27990797162056 
1011	 0.281424880027771 
1012	 0.282819628715515 
1013	 0.284135222434998 
1014	 0.285475313663483 
1015	 0.286765456199646 
1016	 0.288031429052353 
1017	 0.289407461881638 
1018	 0.290724366903305 
1019	 0.292082965373993 
1020	 0.293444931507111 
1021	 0.294735640287399 
1022	 0.295983076095581 
1023	 0.297248750925064 
1024	 0.298445463180542 
1025	 0.29969710111618 
1026	 0.300993800163269 
1027	 0.30225345492363 
1028	 0.303512245416641 
1029	 0.304798781871796 
1030	 0.305972784757614 
1031	 0.307129472494125 
1032	 0.308241993188858 
1033	 0.309330135583878 
1034	 0.310523718595505 
1035	 0.311680644750595 
1036	 0.312825739383698 
1037	 0.314017772674561 
1038	 0.31512838602066 
1039	 0.316173106431961 
1040	 0.317252814769745 
1041	 0.318293660879135 
1042	 0.319358646869659 
1043	 0.320463091135025 
1044	 0.321520566940308 
1045	 0.322581946849823 
1046	 0.323672920465469 
1047	 0.324634790420532 
1048	 0.325577020645142 
1049	 0.326530814170837 
1050	 0.32746621966362 
1051	 0.328489631414413 
1052	 0.329509317874908 
1053	 0.330506891012192 
1054	 0.331511080265045 
1055	 0.332482933998108 
1056	 0.333430767059326 
1057	 0.334379106760025 
1058	 0.335308521986008 
1059	 0.336220949888229 
1060	 0.337174654006958 
1061	 0.338100343942642 
1062	 0.339055240154266 
1063	 0.339980274438858 
1064	 0.340820848941803 
1065	 0.341697305440903 
1066	 0.342597037553787 
1067	 0.343501597642899 
1068	 0.344448834657669 
1069	 0.345366477966309 
1070	 0.346280753612518 
1071	 0.347181439399719 
1072	 0.348080098628998 
1073	 0.34893274307251 
1074	 0.349809050559998 
1075	 0.35064634680748 
1076	 0.35147225856781 
1077	 0.352388709783554 
1078	 0.35326099395752 
1079	 0.354144066572189 
1080	 0.355049222707748 
1081	 0.355851471424103 
1082	 0.356681406497955 
1083	 0.357511729001999 
1084	 0.358291953802109 
1085	 0.359150677919388 
1086	 0.359994024038315 
1087	 0.360836118459702 
1088	 0.361672699451447 
1089	 0.362534433603287 
1090	 0.363333523273468 
1091	 0.364141136407852 
1092	 0.364948928356171 
1093	 0.365733176469803 
1094	 0.36654868721962 
1095	 0.367360353469849 
1096	 0.368189305067062 
1097	 0.369049787521362 
1098	 0.369868278503418 
1099	 0.370664417743683 
1100	 0.371440470218658 
1101	 0.372201085090637 
1102	 0.373003959655762 
1103	 0.373802542686462 
1104	 0.374608606100082 
1105	 0.37543773651123 
1106	 0.376271814107895 
1107	 0.377040416002274 
1108	 0.377817749977112 
1109	 0.37855464220047 
1110	 0.37927371263504 
1111	 0.380070269107819 
1112	 0.380836308002472 
1113	 0.381619185209274 
1114	 0.382438659667969 
1115	 0.383179306983948 
1116	 0.383908540010452 
1117	 0.384634882211685 
1118	 0.385366886854172 
1119	 0.386083900928497 
1120	 0.386817187070847 
1121	 0.387559920549393 
1122	 0.388320177793503 
1123	 0.389074414968491 
1124	 0.389753311872482 
1125	 0.390423595905304 
1126	 0.391087263822556 
1127	 0.391752570867538 
1128	 0.392452389001846 
1129	 0.393127948045731 
1130	 0.393793970346451 
1131	 0.394438892602921 
1132	 0.395007491111755 
1133	 0.395578861236572 
1134	 0.39615872502327 
1135	 0.396720379590988 
1136	 0.397266417741776 
1137	 0.397799164056778 
1138	 0.398319482803345 
1139	 0.398839145898819 
1140	 0.39935427904129 
1141	 0.399835824966431 
1142	 0.400311976671219 
1143	 0.400767475366592 
1144	 0.401191383600235 
1145	 0.401634842157364 
1146	 0.402073472738266 
1147	 0.402484774589539 
1148	 0.402874886989594 
1149	 0.403206259012222 
1150	 0.403509646654129 
1151	 0.403781235218048 
1152	 0.403999716043472 
1153	 0.404166430234909 
1154	 0.404308170080185 
1155	 0.404400080442429 
1156	 0.404475510120392 
1157	 0.404509633779526 
1158	 0.404550343751907 
1159	 0.404559284448624 
1160	 0.40458670258522 
1161	 0.404641419649124 
1162	 0.404691219329834 
1163	 0.404765039682388 
1164	 0.404892325401306 
1165	 0.405080884695053 
1166	 0.405338317155838 
1167	 0.405699133872986 
1168	 0.406105428934097 
1169	 0.406562477350235 
1170	 0.407101809978485 
1171	 0.407648146152496 
1172	 0.408256322145462 
1173	 0.408839792013168 
1174	 0.409468710422516 
1175	 0.41001883149147 
1176	 0.410556435585022 
1177	 0.411041349172592 
1178	 0.411478072404861 
1179	 0.411885678768158 
1180	 0.412220001220703 
1181	 0.412528067827225 
1182	 0.412805497646332 
1183	 0.41302877664566 
1184	 0.413248717784882 
1185	 0.413464546203613 
1186	 0.413665384054184 
1187	 0.413844138383865 
1188	 0.414020478725433 
1189	 0.414187967777252 
1190	 0.414348691701889 
1191	 0.41448962688446 
1192	 0.414642572402954 
1193	 0.414807081222534 
1194	 0.414953798055649 
1195	 0.415084302425385 
1196	 0.415231287479401 
1197	 0.415374517440796 
1198	 0.4155213534832 
1199	 0.415679484605789 
1200	 0.41584387421608 
1201	 0.416000545024872 
1202	 0.416140913963318 
1203	 0.416287928819656 
1204	 0.416439861059189 
1205	 0.416603922843933 
1206	 0.416755527257919 
1207	 0.416960626840591 
1208	 0.417193919420242 
1209	 0.41744065284729 
1210	 0.417718082666397 
1211	 0.418014079332352 
1212	 0.418316841125488 
1213	 0.418661773204803 
1214	 0.41905465722084 
1215	 0.419442385435104 
1216	 0.419863075017929 
1217	 0.420269191265106 
1218	 0.420666575431824 
1219	 0.421075433492661 
1220	 0.421496629714966 
1221	 0.421965539455414 
1222	 0.422422558069229 
1223	 0.422864437103271 
1224	 0.423289030790329 
1225	 0.423685759305954 
1226	 0.424085080623627 
1227	 0.424484580755234 
1228	 0.424862116575241 
1229	 0.425235867500305 
1230	 0.425581276416779 
1231	 0.425897061824799 
1232	 0.426214069128037 
1233	 0.426525712013245 
1234	 0.426801532506943 
1235	 0.427055835723877 
1236	 0.427302092313766 
1237	 0.42751532793045 
1238	 0.427730351686478 
1239	 0.427944183349609 
1240	 0.428149461746216 
1241	 0.428354561328888 
1242	 0.428520143032074 
1243	 0.428683400154114 
1244	 0.428844392299652 
1245	 0.428971290588379 
1246	 0.42906591296196 
1247	 0.429167568683624 
1248	 0.429238706827164 
1249	 0.429339408874512 
1250	 0.429456919431686 
1251	 0.4295594394207 
1252	 0.42966815829277 
1253	 0.429767161607742 
1254	 0.429863154888153 
1255	 0.429942220449448 
1256	 0.430014252662659 
1257	 0.430077224969864 
1258	 0.43011075258255 
1259	 0.430158287286758 
1260	 0.430209755897522 
1261	 0.430258393287659 
1262	 0.4303118288517 
1263	 0.430355846881866 
1264	 0.430411756038666 
1265	 0.430471122264862 
1266	 0.430528610944748 
1267	 0.430590391159058 
1268	 0.430653899908066 
1269	 0.430714875459671 
1270	 0.430779248476028 
1271	 0.430854916572571 
1272	 0.430918663740158 
1273	 0.430986642837524 
1274	 0.431031078100204 
1275	 0.43106010556221 
1276	 0.431087642908096 
1277	 0.431093841791153 
1278	 0.431108146905899 
1279	 0.431127637624741 
1280	 0.431140720844269 
1281	 0.431155741214752 
1282	 0.431159645318985 
1283	 0.431161820888519 
1284	 0.431149512529373 
1285	 0.43112576007843 
1286	 0.431081891059875 
1287	 0.431058764457703 
1288	 0.431035578250885 
1289	 0.431006699800491 
1290	 0.430995941162109 
1291	 0.430948823690414 
1292	 0.430873155593872 
1293	 0.430810004472733 
1294	 0.43073433637619 
1295	 0.430666595697403 
1296	 0.430614054203033 
1297	 0.430538237094879 
1298	 0.430455476045609 
1299	 0.43036213517189 
1300	 0.430253356695175 
1301	 0.430140972137451 
1302	 0.430015236139297 
1303	 0.429895967245102 
1304	 0.429777264595032 
1305	 0.429652214050293 
1306	 0.429521471261978 
1307	 0.429398268461227 
1308	 0.429286807775497 
1309	 0.429149001836777 
1310	 0.429026633501053 
1311	 0.428917527198792 
1312	 0.428788483142853 
1313	 0.428654044866562 
1314	 0.428507685661316 
1315	 0.428353250026703 
1316	 0.428189754486084 
1317	 0.428021490573883 
1318	 0.427832633256912 
1319	 0.427629381418228 
1320	 0.427419871091843 
1321	 0.42719629406929 
1322	 0.426963835954666 
1323	 0.426734119653702 
1324	 0.426477998495102 
1325	 0.426210671663284 
1326	 0.425915598869324 
1327	 0.425610780715942 
1328	 0.425266116857529 
1329	 0.424884885549545 
1330	 0.424489051103592 
1331	 0.424066662788391 
1332	 0.423622757196426 
1333	 0.423157125711441 
1334	 0.42267256975174 
1335	 0.422194331884384 
1336	 0.421683937311172 
1337	 0.421227604150772 
1338	 0.420777410268784 
1339	 0.420379519462585 
1340	 0.420004516839981 
1341	 0.419683218002319 
1342	 0.419408291578293 
1343	 0.419158786535263 
1344	 0.418950915336609 
1345	 0.418764412403107 
1346	 0.418616503477097 
1347	 0.418468773365021 
1348	 0.418351292610168 
1349	 0.418224900960922 
1350	 0.418106824159622 
1351	 0.417980372905731 
1352	 0.417869955301285 
1353	 0.417728006839752 
1354	 0.417553007602692 
1355	 0.417396664619446 
1356	 0.417248040437698 
1357	 0.417072683572769 
1358	 0.41689932346344 
1359	 0.416709899902344 
1360	 0.416495352983475 
1361	 0.416263490915298 
1362	 0.416018575429916 
1363	 0.415801256895065 
1364	 0.41556441783905 
1365	 0.415327250957489 
1366	 0.415053516626358 
1367	 0.414769440889359 
1368	 0.414465010166168 
1369	 0.414147764444351 
1370	 0.413771122694016 
1371	 0.413380473852158 
1372	 0.412937074899673 
1373	 0.412432849407196 
1374	 0.411901473999023 
1375	 0.411351144313812 
1376	 0.410738319158554 
1377	 0.410091072320938 
1378	 0.409358412027359 
1379	 0.408575028181076 
1380	 0.407713830471039 
1381	 0.406779527664185 
1382	 0.405770182609558 
1383	 0.404670119285584 
1384	 0.40353861451149 
1385	 0.402297705411911 
1386	 0.401091873645782 
1387	 0.399813324213028 
1388	 0.398640841245651 
1389	 0.397460252046585 
1390	 0.396405011415482 
1391	 0.395467430353165 
1392	 0.394552886486053 
1393	 0.393785417079926 
1394	 0.393098652362823 
1395	 0.39249375462532 
1396	 0.392014384269714 
1397	 0.39150795340538 
1398	 0.391102969646454 
1399	 0.39057594537735 
1400	 0.390064269304276 
1401	 0.389408946037292 
1402	 0.388701647520065 
1403	 0.38784322142601 
1404	 0.386863827705383 
1405	 0.385809421539307 
1406	 0.384636044502258 
1407	 0.383398234844208 
1408	 0.382056683301926 
1409	 0.380686491727829 
1410	 0.379219800233841 
1411	 0.37775382399559 
1412	 0.376229494810104 
1413	 0.374749958515167 
1414	 0.373230963945389 
1415	 0.371777296066284 
1416	 0.370319098234177 
1417	 0.368962854146957 
1418	 0.367632150650024 
1419	 0.366421341896057 
1420	 0.365289956331253 
1421	 0.364290684461594 
1422	 0.363368153572083 
1423	 0.362605392932892 
1424	 0.361996233463287 
1425	 0.361481666564941 
1426	 0.361119210720062 
1427	 0.360933154821396 
1428	 0.360896348953247 
1429	 0.361016750335693 
1430	 0.36130103468895 
1431	 0.361755132675171 
1432	 0.362348407506943 
1433	 0.363109141588211 
1434	 0.363986790180206 
1435	 0.365023821592331 
1436	 0.366149991750717 
1437	 0.367443859577179 
1438	 0.368711411952972 
1439	 0.370094776153564 
1440	 0.371419489383698 
1441	 0.372782647609711 
1442	 0.374066710472107 
1443	 0.3753382563591 
1444	 0.376553356647491 
1445	 0.377725750207901 
1446	 0.378818482160568 
1447	 0.379884004592896 
1448	 0.380846619606018 
1449	 0.381717562675476 
1450	 0.382523149251938 
1451	 0.38323986530304 
1452	 0.383914709091187 
1453	 0.384528160095215 
1454	 0.385070085525513 
1455	 0.385560303926468 
1456	 0.385978251695633 
1457	 0.386311382055283 
1458	 0.386596143245697 
1459	 0.386833339929581 
1460	 0.386992990970612 
1461	 0.387083530426025 
1462	 0.387109071016312 
1463	 0.387062907218933 
1464	 0.386952012777328 
1465	 0.386786103248596 
1466	 0.386537998914719 
1467	 0.386212915182114 
1468	 0.385816246271133 
1469	 0.385337680578232 
1470	 0.384866684675217 
1471	 0.384407728910446 
1472	 0.383887827396393 
1473	 0.383529245853424 
1474	 0.383166044950485 
1475	 0.38306000828743 
1476	 0.383069306612015 
1477	 0.383316338062286 
1478	 0.383789271116257 
1479	 0.384364277124405 
1480	 0.385173499584198 
1481	 0.385954529047012 
1482	 0.38690385222435 
1483	 0.38772064447403 
1484	 0.388575255870819 
1485	 0.389304637908936 
1486	 0.389961779117584 
1487	 0.39054673910141 
1488	 0.39104700088501 
1489	 0.391506791114807 
1490	 0.391886532306671 
1491	 0.392248898744583 
1492	 0.39256477355957 
1493	 0.392855137586594 
1494	 0.393102794885635 
1495	 0.393335729837418 
1496	 0.39351698756218 
1497	 0.393724679946899 
1498	 0.393930375576019 
1499	 0.394131034612656 
1500	 0.394352048635483 
1501	 0.39454185962677 
1502	 0.39470300078392 
1503	 0.394865781068802 
1504	 0.395012527704239 
1505	 0.395161688327789 
1506	 0.395318031311035 
1507	 0.395457684993744 
1508	 0.395585507154465 
1509	 0.395709723234177 
1510	 0.395825743675232 
1511	 0.395931541919708 
1512	 0.396027565002441 
1513	 0.396123200654984 
1514	 0.39621302485466 
1515	 0.396293967962265 
1516	 0.396360099315643 
1517	 0.396440356969833 
1518	 0.396519780158997 
1519	 0.396599262952805 
1520	 0.396686762571335 
1521	 0.396784514188766 
1522	 0.39685982465744 
1523	 0.396938741207123 
1524	 0.39702033996582 
1525	 0.397102028131485 
1526	 0.397187024354935 
1527	 0.397276371717453 
1528	 0.397361993789673 
1529	 0.397452920675278 
1530	 0.397526293992996 
1531	 0.397589713335037 
1532	 0.397658884525299 
1533	 0.397720366716385 
1534	 0.397783070802689 
1535	 0.39785373210907 
1536	 0.397909909486771 
1537	 0.397948265075684 
1538	 0.398008465766907 
1539	 0.3980792760849 
1540	 0.398133456707001 
1541	 0.398196816444397 
1542	 0.398238062858582 
1543	 0.398259967565537 
1544	 0.398277640342712 
1545	 0.398286372423172 
1546	 0.398292273283005 
1547	 0.398286312818527 
1548	 0.398281455039978 
1549	 0.398272722959518 
1550	 0.398268014192581 
1551	 0.398257493972778 
1552	 0.398256689310074 
1553	 0.398263067007065 
1554	 0.398270010948181 
1555	 0.398276299238205 
1556	 0.398293882608414 
1557	 0.398324728012085 
1558	 0.398344248533249 
1559	 0.398363798856735 
1560	 0.398387849330902 
1561	 0.398406863212585 
1562	 0.398429691791534 
1563	 0.398465037345886 
1564	 0.398489892482758 
1565	 0.398510575294495 
1566	 0.398524910211563 
1567	 0.398529767990112 
1568	 0.398542612791061 
1569	 0.398556470870972 
1570	 0.398564457893372 
1571	 0.398558914661407 
1572	 0.398584485054016 
1573	 0.398625314235687 
1574	 0.398657441139221 
1575	 0.398724406957626 
1576	 0.39875528216362 
1577	 0.398742914199829 
1578	 0.398760288953781 
1579	 0.398782938718796 
1580	 0.398804366588593 
1581	 0.398838937282562 
1582	 0.398867279291153 
1583	 0.398885637521744 
1584	 0.398911952972412 
1585	 0.398944973945618 
1586	 0.398975402116776 
1587	 0.398994237184525 
1588	 0.399037778377533 
1589	 0.399097472429276 
1590	 0.399154663085938 
1591	 0.399228304624558 
1592	 0.399297714233398 
1593	 0.399370461702347 
1594	 0.399430602788925 
1595	 0.399481654167175 
1596	 0.399542450904846 
1597	 0.399600178003311 
1598	 0.399652719497681 
1599	 0.399713218212128 
1600	 0.399769902229309 
1601	 0.399814158678055 
1602	 0.399862289428711 
1603	 0.399914234876633 
1604	 0.399967402219772 
1605	 0.400011897087097 
1606	 0.40006896853447 
1607	 0.400148123502731 
1608	 0.400206923484802 
1609	 0.400251239538193 
1610	 0.400312095880508 
1611	 0.400381565093994 
1612	 0.400433838367462 
1613	 0.400499284267426 
1614	 0.400543004274368 
1615	 0.400551378726959 
1616	 0.400569379329681 
1617	 0.400593012571335 
1618	 0.400602400302887 
1619	 0.400599449872971 
1620	 0.400597482919693 
1621	 0.400585532188416 
1622	 0.400576561689377 
1623	 0.400582641363144 
1624	 0.400565028190613 
1625	 0.400531202554703 
1626	 0.400496870279312 
1627	 0.400429606437683 
1628	 0.400394141674042 
1629	 0.400378853082657 
1630	 0.400359988212585 
1631	 0.400355219841003 
1632	 0.40035206079483 
1633	 0.400360018014908 
1634	 0.400347679853439 
1635	 0.400329798460007 
1636	 0.400309354066849 
1637	 0.400275975465775 
1638	 0.400235533714294 
1639	 0.400191456079483 
1640	 0.40014636516571 
1641	 0.40009406208992 
1642	 0.400032699108124 
1643	 0.399970293045044 
1644	 0.399904072284698 
1645	 0.399826794862747 
1646	 0.39974457025528 
1647	 0.399663925170898 
1648	 0.399573147296906 
1649	 0.399470686912537 
1650	 0.399360656738281 
1651	 0.399261057376862 
1652	 0.399125754833221 
1653	 0.398971229791641 
1654	 0.398793607950211 
1655	 0.398592472076416 
1656	 0.398358941078186 
1657	 0.398106545209885 
1658	 0.397816210985184 
1659	 0.397460132837296 
1660	 0.39713242650032 
1661	 0.396803259849548 
1662	 0.396449983119965 
1663	 0.396110683679581 
1664	 0.395724713802338 
1665	 0.395313531160355 
1666	 0.39484778046608 
1667	 0.394367724657059 
1668	 0.393811970949173 
1669	 0.393174529075623 
1670	 0.392514705657959 
1671	 0.391791075468063 
1672	 0.391049057245255 
1673	 0.390275865793228 
1674	 0.389477342367172 
1675	 0.388653844594955 
1676	 0.387809187173843 
1677	 0.386944383382797 
1678	 0.386047542095184 
1679	 0.385109305381775 
1680	 0.384156227111816 
1681	 0.383171021938324 
1682	 0.382175177335739 
1683	 0.381150245666504 
1684	 0.380163460969925 
1685	 0.379177898168564 
1686	 0.378192007541656 
1687	 0.377222120761871 
1688	 0.376238286495209 
1689	 0.375232934951782 
1690	 0.374245941638947 
1691	 0.373277217149735 
1692	 0.372319489717484 
1693	 0.37136909365654 
1694	 0.370430827140808 
1695	 0.369508296251297 
1696	 0.368562698364258 
1697	 0.367613554000854 
1698	 0.366651684045792 
1699	 0.365675240755081 
1700	 0.364735573530197 
1701	 0.363799661397934 
1702	 0.362885713577271 
1703	 0.361964821815491 
1704	 0.361113309860229 
1705	 0.360293000936508 
1706	 0.359504729509354 
1707	 0.358818501234055 
1708	 0.35815304517746 
1709	 0.357514470815659 
1710	 0.356942892074585 
1711	 0.356368005275726 
1712	 0.355812042951584 
1713	 0.355265647172928 
1714	 0.354734182357788 
1715	 0.354268342256546 
1716	 0.353817194700241 
1717	 0.353406429290771 
1718	 0.353015393018723 
1719	 0.352590471506119 
1720	 0.352197647094727 
1721	 0.35184121131897 
1722	 0.351527541875839 
1723	 0.351304292678833 
1724	 0.351154685020447 
1725	 0.351048111915588 
1726	 0.351007431745529 
1727	 0.351038604974747 
1728	 0.351133078336716 
1729	 0.351301491260529 
1730	 0.351529181003571 
1731	 0.351804405450821 
1732	 0.352129131555557 
1733	 0.35245606303215 
1734	 0.352805078029633 
1735	 0.353153884410858 
1736	 0.353449255228043 
1737	 0.353711992502213 
1738	 0.353924185037613 
1739	 0.354067146778107 
1740	 0.354176491498947 
1741	 0.354190200567245 
1742	 0.354107201099396 
1743	 0.353971511125565 
1744	 0.353736191987991 
1745	 0.353486567735672 
1746	 0.353184729814529 
1747	 0.352887094020844 
1748	 0.352548539638519 
1749	 0.352236717939377 
1750	 0.351912468671799 
1751	 0.351601481437683 
1752	 0.351305812597275 
1753	 0.351013898849487 
1754	 0.350711673498154 
1755	 0.350479543209076 
1756	 0.350261390209198 
1757	 0.350139260292053 
1758	 0.350048393011093 
1759	 0.350006639957428 
1760	 0.350011438131332 
1761	 0.350068926811218 
1762	 0.350206136703491 
1763	 0.350408911705017 
1764	 0.350657045841217 
1765	 0.350965291261673 
1766	 0.351341366767883 
1767	 0.351724058389664 
1768	 0.352132529020309 
1769	 0.352551251649857 
1770	 0.352910906076431 
1771	 0.353272765874863 
1772	 0.353627532720566 
1773	 0.353943914175034 
1774	 0.354275703430176 
1775	 0.354597181081772 
1776	 0.354922741651535 
1777	 0.355249017477036 
1778	 0.35552304983139 
1779	 0.35578989982605 
1780	 0.356036990880966 
1781	 0.356264054775238 
1782	 0.356522023677826 
1783	 0.356774717569351 
1784	 0.357019484043121 
1785	 0.357257008552551 
1786	 0.357493489980698 
1787	 0.357722550630569 
1788	 0.357940286397934 
1789	 0.35815504193306 
1790	 0.358362078666687 
1791	 0.358547538518906 
1792	 0.358771294355392 
1793	 0.359012246131897 
1794	 0.359271973371506 
1795	 0.359523892402649 
1796	 0.359751790761948 
1797	 0.359970390796661 
1798	 0.360208004713058 
1799	 0.360452920198441 
1800	 0.360691994428635 
1801	 0.359520435333252 
1802	 0.359843760728836 
1803	 0.360162079334259 
1804	 0.360480457544327 
1805	 0.360798925161362 
1806	 0.361103951931 
1807	 0.361419945955276 
1808	 0.361706256866455 
1809	 0.361975699663162 
1810	 0.36223167181015 
1811	 0.362480819225311 
1812	 0.362709254026413 
1813	 0.362916350364685 
1814	 0.363115251064301 
1815	 0.36330372095108 
1816	 0.363473802804947 
1817	 0.363648623228073 
1818	 0.363822102546692 
1819	 0.363985419273376 
1820	 0.364145040512085 
1821	 0.364296287298203 
1822	 0.364439755678177 
1823	 0.364585548639297 
1824	 0.364712029695511 
1825	 0.364813953638077 
1826	 0.364890486001968 
1827	 0.364932626485825 
1828	 0.364981323480606 
1829	 0.365019559860229 
1830	 0.365041017532349 
1831	 0.365060597658157 
1832	 0.365054696798325 
1833	 0.365030109882355 
1834	 0.364983677864075 
1835	 0.364921122789383 
1836	 0.364875823259354 
1837	 0.36482173204422 
1838	 0.364754259586334 
1839	 0.364699572324753 
1840	 0.364648908376694 
1841	 0.364593416452408 
1842	 0.364542365074158 
1843	 0.364486873149872 
1844	 0.364423304796219 
1845	 0.364360243082047 
1846	 0.364303022623062 
1847	 0.364254385232925 
1848	 0.364183604717255 
1849	 0.364124894142151 
1850	 0.364024847745895 
1851	 0.36390346288681 
1852	 0.363746166229248 
1853	 0.363583445549011 
1854	 0.363419651985168 
1855	 0.363225132226944 
1856	 0.363032907247543 
1857	 0.362830281257629 
1858	 0.362578392028809 
1859	 0.362313210964203 
1860	 0.362037658691406 
1861	 0.361722975969315 
1862	 0.361370831727982 
1863	 0.361019879579544 
1864	 0.360624313354492 
1865	 0.360214054584503 
1866	 0.359748512506485 
1867	 0.359188377857208 
1868	 0.358600676059723 
1869	 0.357946485280991 
1870	 0.357270985841751 
1871	 0.356561779975891 
1872	 0.355846613645554 
1873	 0.355109035968781 
1874	 0.354353070259094 
1875	 0.353573471307755 
1876	 0.352693051099777 
1877	 0.35179591178894 
1878	 0.350786060094833 
1879	 0.349676042795181 
1880	 0.348596513271332 
1881	 0.347413182258606 
1882	 0.346127867698669 
1883	 0.34482878446579 
1884	 0.343474358320236 
1885	 0.341901183128357 
1886	 0.340307146310806 
1887	 0.338597625494003 
1888	 0.336759060621262 
1889	 0.334964871406555 
1890	 0.333032757043839 
1891	 0.33106529712677 
1892	 0.32904052734375 
1893	 0.326853007078171 
1894	 0.324505209922791 
1895	 0.322180867195129 
1896	 0.319677293300629 
1897	 0.317033410072327 
1898	 0.314540684223175 
1899	 0.31186631321907 
1900	 0.30919337272644 
1901	 0.306553184986115 
1902	 0.303661376237869 
1903	 0.300861060619354 
1904	 0.298060208559036 
1905	 0.295205324888229 
1906	 0.29233193397522 
1907	 0.289744436740875 
1908	 0.287108778953552 
1909	 0.284584194421768 
1910	 0.282256752252579 
1911	 0.279899448156357 
1912	 0.277742832899094 
1913	 0.275787860155106 
1914	 0.274030655622482 
1915	 0.272628039121628 
1916	 0.271538257598877 
1917	 0.270711064338684 
1918	 0.270159542560577 
1919	 0.269982516765594 
1920	 0.270130127668381 
1921	 0.270607650279999 
1922	 0.271450191736221 
1923	 0.272675007581711 
1924	 0.274088978767395 
1925	 0.275824308395386 
1926	 0.277689099311829 
1927	 0.279795348644257 
1928	 0.281996667385101 
1929	 0.284455984830856 
1930	 0.28683140873909 
1931	 0.289263516664505 
1932	 0.291658610105515 
1933	 0.293778330087662 
1934	 0.295847445726395 
1935	 0.297817647457123 
1936	 0.299569189548492 
1937	 0.301319122314453 
1938	 0.302999347448349 
1939	 0.304583162069321 
1940	 0.306096285581589 
1941	 0.307563900947571 
1942	 0.308825701475143 
1943	 0.310086697340012 
1944	 0.311269074678421 
1945	 0.312350630760193 
1946	 0.313463628292084 
1947	 0.314480602741241 
1948	 0.315447807312012 
1949	 0.316393136978149 
1950	 0.317270040512085 
1951	 0.318082094192505 
1952	 0.318876773118973 
1953	 0.319621652364731 
1954	 0.320316523313522 
1955	 0.321043401956558 
1956	 0.321728497743607 
1957	 0.322408944368362 
1958	 0.323091447353363 
1959	 0.323699951171875 
1960	 0.324308693408966 
1961	 0.324887901544571 
1962	 0.325413733720779 
1963	 0.325961500406265 
1964	 0.326501220464706 
1965	 0.327032715082169 
1966	 0.327565521001816 
1967	 0.328105211257935 
1968	 0.328590780496597 
1969	 0.329077273607254 
1970	 0.329540848731995 
1971	 0.329982280731201 
1972	 0.330454528331757 
1973	 0.330904334783554 
1974	 0.331371515989304 
1975	 0.331866919994354 
1976	 0.332333981990814 
1977	 0.332793176174164 
1978	 0.333253920078278 
1979	 0.333716571331024 
1980	 0.334134310483933 
1981	 0.334573864936829 
1982	 0.33500263094902 
1983	 0.335427612066269 
1984	 0.335873484611511 
1985	 0.336284518241882 
1986	 0.336691796779633 
1987	 0.337078005075455 
1988	 0.33741894364357 
1989	 0.337784469127655 
1990	 0.338155895471573 
1991	 0.33851432800293 
1992	 0.338878870010376 
1993	 0.339235305786133 
1994	 0.33954593539238 
1995	 0.339854627847672 
1996	 0.340129107236862 
1997	 0.340372294187546 
1998	 0.340639144182205 
1999	 0.340909600257874 
2000	 0.341156989336014 
2001	 0.341417044401169 
2002	 0.341643184423447 
2003	 0.341830283403397 
2004	 0.342026501893997 
2005	 0.342209339141846 
2006	 0.342390865087509 
2007	 0.342582732439041 
2008	 0.342747062444687 
2009	 0.342891693115234 
2010	 0.343024581670761 
2011	 0.343102931976318 
2012	 0.343146175146103 
2013	 0.343173444271088 
2014	 0.34317010641098 
2015	 0.343139708042145 
2016	 0.34308335185051 
2017	 0.343016803264618 
2018	 0.342919141054153 
2019	 0.342813789844513 
2020	 0.342713057994843 
2021	 0.34256586432457 
2022	 0.342398047447205 
2023	 0.342210352420807 
2024	 0.341965228319168 
2025	 0.341708302497864 
2026	 0.341448366641998 
2027	 0.341154098510742 
2028	 0.340870499610901 
2029	 0.340592324733734 
2030	 0.340305507183075 
2031	 0.34000352025032 
2032	 0.339713037014008 
2033	 0.339415371417999 
2034	 0.339138984680176 
2035	 0.338874816894531 
2036	 0.338612794876099 
2037	 0.338364630937576 
2038	 0.338107138872147 
2039	 0.33787727355957 
2040	 0.337649643421173 
2041	 0.337448567152023 
2042	 0.337281912565231 
2043	 0.337110996246338 
2044	 0.33694115281105 
2045	 0.336793631315231 
2046	 0.336660325527191 
2047	 0.336540460586548 
2048	 0.336455881595612 
2049	 0.336353778839111 
2050	 0.336250394582748 
2051	 0.336151659488678 
2052	 0.336057543754578 
2053	 0.3359594643116 
2054	 0.335856199264526 
2055	 0.335762768983841 
2056	 0.335648775100708 
2057	 0.335517406463623 
2058	 0.335388630628586 
2059	 0.335247278213501 
2060	 0.33512157201767 
2061	 0.334996670484543 
2062	 0.334869682788849 
2063	 0.334746330976486 
2064	 0.334632247686386 
2065	 0.334525674581528 
2066	 0.334419697523117 
2067	 0.334291696548462 
2068	 0.334168165922165 
2069	 0.334026724100113 
2070	 0.333846300840378 
2071	 0.33369654417038 
2072	 0.333549350500107 
2073	 0.333418965339661 
2074	 0.333311647176743 
2075	 0.333183199167252 
2076	 0.333062589168549 
2077	 0.332933217287064 
2078	 0.332779467105865 
2079	 0.332638919353485 
2080	 0.332520395517349 
2081	 0.332378745079041 
2082	 0.332235991954803 
2083	 0.332076281309128 
2084	 0.331884652376175 
2085	 0.33168175816536 
2086	 0.331453830003738 
2087	 0.331185102462769 
2088	 0.330938041210175 
2089	 0.330683618783951 
2090	 0.330418705940247 
2091	 0.330138653516769 
2092	 0.329884350299835 
2093	 0.329616487026215 
2094	 0.329384058713913 
2095	 0.329165071249008 
2096	 0.328987956047058 
2097	 0.328847080469131 
2098	 0.328717201948166 
2099	 0.328631192445755 
2100	 0.328549861907959 
2101	 0.328441798686981 
2102	 0.328307926654816 
2103	 0.328218460083008 
2104	 0.328133910894394 
2105	 0.328064233064651 
2106	 0.3280348777771 
2107	 0.327982217073441 
2108	 0.32790595293045 
2109	 0.327862620353699 
2110	 0.327841848134995 
2111	 0.327814251184464 
2112	 0.327805280685425 
2113	 0.327787548303604 
2114	 0.327759921550751 
2115	 0.327736139297485 
2116	 0.327711433172226 
2117	 0.32769250869751 
2118	 0.327679932117462 
2119	 0.327666759490967 
2120	 0.327666312456131 
2121	 0.32768127322197 
2122	 0.327689975500107 
2123	 0.327711135149002 
2124	 0.327711880207062 
2125	 0.327718168497086 
2126	 0.327690631151199 
2127	 0.327627509832382 
2128	 0.327579587697983 
2129	 0.327504754066467 
2130	 0.32745435833931 
2131	 0.327432245016098 
2132	 0.327393412590027 
2133	 0.32735276222229 
2134	 0.327312856912613 
2135	 0.327269405126572 
2136	 0.327221781015396 
2137	 0.327144622802734 
2138	 0.327058702707291 
2139	 0.326948076486588 
2140	 0.326803743839264 
2141	 0.326658546924591 
2142	 0.326501786708832 
2143	 0.326339870691299 
2144	 0.326136946678162 
2145	 0.325986862182617 
2146	 0.325864732265472 
2147	 0.32572865486145 
2148	 0.325634062290192 
2149	 0.325499713420868 
2150	 0.325332432985306 
2151	 0.325167804956436 
2152	 0.324996620416641 
2153	 0.324810355901718 
2154	 0.32463139295578 
2155	 0.324443399906158 
2156	 0.324240803718567 
2157	 0.324030250310898 
2158	 0.323805779218674 
2159	 0.323565483093262 
2160	 0.32331845164299 
2161	 0.323061674833298 
2162	 0.322802543640137 
2163	 0.322516739368439 
2164	 0.322258412837982 
2165	 0.321996718645096 
2166	 0.321762293577194 
2167	 0.321565508842468 
2168	 0.321350902318954 
2169	 0.321125447750092 
2170	 0.320935010910034 
2171	 0.320746958255768 
2172	 0.320578575134277 
2173	 0.320454061031342 
2174	 0.320329755544662 
2175	 0.320186138153076 
2176	 0.320052027702332 
2177	 0.319912821054459 
2178	 0.319780647754669 
2179	 0.319617807865143 
2180	 0.319451749324799 
2181	 0.319254457950592 
2182	 0.319017469882965 
2183	 0.318797737360001 
2184	 0.318569183349609 
2185	 0.318334966897964 
2186	 0.318089067935944 
2187	 0.317862123250961 
2188	 0.31761834025383 
2189	 0.317409247159958 
2190	 0.317227214574814 
2191	 0.317057400941849 
2192	 0.316899001598358 
2193	 0.316763758659363 
2194	 0.316664963960648 
2195	 0.316557943820953 
2196	 0.316465020179749 
2197	 0.316379368305206 
2198	 0.316279202699661 
2199	 0.316164791584015 
2200	 0.316030412912369 
2201	 0.315883338451386 
2202	 0.315718054771423 
2203	 0.315522253513336 
2204	 0.315338671207428 
2205	 0.315150558948517 
2206	 0.314949601888657 
2207	 0.314741343259811 
2208	 0.314534187316895 
2209	 0.314314126968384 
2210	 0.314096331596375 
2211	 0.313893288373947 
2212	 0.313667833805084 
2213	 0.313415050506592 
2214	 0.313180208206177 
2215	 0.312942355871201 
2216	 0.312707811594009 
2217	 0.312503188848495 
2218	 0.312265306711197 
2219	 0.312015235424042 
2220	 0.311747491359711 
2221	 0.311466574668884 
2222	 0.311152666807175 
2223	 0.310827791690826 
2224	 0.310488909482956 
2225	 0.310138344764709 
2226	 0.309754222631454 
2227	 0.309368282556534 
2228	 0.308986276388168 
2229	 0.308558374643326 
2230	 0.308099299669266 
2231	 0.307627469301224 
2232	 0.307125210762024 
2233	 0.306600421667099 
2234	 0.306092500686646 
2235	 0.305485516786575 
2236	 0.304817795753479 
2237	 0.304117113351822 
2238	 0.303313672542572 
2239	 0.30254864692688 
2240	 0.301806300878525 
2241	 0.300985366106033 
2242	 0.300165593624115 
2243	 0.299259126186371 
2244	 0.298225700855255 
2245	 0.297227680683136 
2246	 0.296167850494385 
2247	 0.295137912034988 
2248	 0.294139415025711 
2249	 0.293122708797455 
2250	 0.292107731103897 
2251	 0.291097313165665 
2252	 0.289996564388275 
2253	 0.288922190666199 
2254	 0.287847936153412 
2255	 0.286762982606888 
2256	 0.285786211490631 
2257	 0.284823596477509 
2258	 0.283891320228577 
2259	 0.283002257347107 
2260	 0.282113462686539 
2261	 0.281246364116669 
2262	 0.280400007963181 
2263	 0.279536515474319 
2264	 0.278765082359314 
2265	 0.278042942285538 
2266	 0.277359366416931 
2267	 0.27676910161972 
2268	 0.276151150465012 
2269	 0.275546103715897 
2270	 0.274969846010208 
2271	 0.274395912885666 
2272	 0.273860186338425 
2273	 0.273389220237732 
2274	 0.272875666618347 
2275	 0.272384136915207 
2276	 0.27186244726181 
2277	 0.271308273077011 
2278	 0.270758897066116 
2279	 0.270195245742798 
2280	 0.269627451896667 
2281	 0.269058495759964 
2282	 0.268476039171219 
2283	 0.267881065607071 
2284	 0.267289459705353 
2285	 0.266682505607605 
2286	 0.266080856323242 
2287	 0.265444904565811 
2288	 0.264789640903473 
2289	 0.264153242111206 
2290	 0.263469278812408 
2291	 0.262813091278076 
2292	 0.262186050415039 
2293	 0.261486798524857 
2294	 0.260844975709915 
2295	 0.260264068841934 
2296	 0.259675413370132 
2297	 0.259203344583511 
2298	 0.258830457925797 
2299	 0.258491665124893 
2300	 0.258185863494873 
2301	 0.258032292127609 
2302	 0.257983297109604 
2303	 0.258003294467926 
2304	 0.258168607950211 
2305	 0.258343398571014 
2306	 0.258544117212296 
2307	 0.258853226900101 
2308	 0.259255141019821 
2309	 0.259719908237457 
2310	 0.260293871164322 
2311	 0.260872930288315 
2312	 0.261554926633835 
2313	 0.262162744998932 
2314	 0.262789934873581 
2315	 0.263380229473114 
2316	 0.263937801122665 
2317	 0.264442712068558 
2318	 0.264930486679077 
2319	 0.265361756086349 
2320	 0.265752881765366 
2321	 0.26606884598732 
2322	 0.266317665576935 
2323	 0.266510874032974 
2324	 0.266606241464615 
2325	 0.266685903072357 
2326	 0.266750514507294 
2327	 0.266742736101151 
2328	 0.266656905412674 
2329	 0.266549676656723 
2330	 0.266398698091507 
2331	 0.266183733940125 
2332	 0.265932202339172 
2333	 0.265689998865128 
2334	 0.265379130840302 
2335	 0.265005975961685 
2336	 0.264641851186752 
2337	 0.264235079288483 
2338	 0.263799697160721 
2339	 0.263390332460403 
2340	 0.263012915849686 
2341	 0.262620687484741 
2342	 0.262248247861862 
2343	 0.261980175971985 
2344	 0.261782318353653 
2345	 0.26162388920784 
2346	 0.261537849903107 
2347	 0.261565029621124 
2348	 0.26164698600769 
2349	 0.261833041906357 
2350	 0.262117773294449 
2351	 0.262407064437866 
2352	 0.262707054615021 
2353	 0.263022691011429 
2354	 0.26331502199173 
2355	 0.263591259717941 
2356	 0.263842344284058 
2357	 0.264025688171387 
2358	 0.264166325330734 
2359	 0.264275908470154 
2360	 0.264371573925018 
2361	 0.264409899711609 
2362	 0.264368057250977 
2363	 0.264309197664261 
2364	 0.264260083436966 
2365	 0.264191001653671 
2366	 0.264146476984024 
2367	 0.26411047577858 
2368	 0.264017850160599 
2369	 0.263918370008469 
2370	 0.263816595077515 
2371	 0.263691455125809 
2372	 0.263607561588287 
2373	 0.263580113649368 
2374	 0.263524293899536 
2375	 0.263460695743561 
2376	 0.263337850570679 
2377	 0.263165146112442 
2378	 0.263076305389404 
2379	 0.262987315654755 
2380	 0.262839436531067 
2381	 0.26270917057991 
2382	 0.262570679187775 
2383	 0.262348532676697 
2384	 0.262220859527588 
2385	 0.262195944786072 
2386	 0.262025535106659 
2387	 0.261818438768387 
2388	 0.26164510846138 
2389	 0.261421889066696 
2390	 0.261212974786758 
2391	 0.261004507541656 
2392	 0.26082506775856 
2393	 0.260643720626831 
2394	 0.260463893413544 
2395	 0.260358601808548 
2396	 0.260186702013016 
2397	 0.259933590888977 
2398	 0.259711235761642 
2399	 0.259499669075012 
2400	 0.259264081716537 
2401	 0.259062945842743 
2402	 0.258708864450455 
2403	 0.258359462022781 
2404	 0.258036136627197 
2405	 0.257675051689148 
2406	 0.257430404424667 
2407	 0.257155299186707 
2408	 0.256851106882095 
2409	 0.256681382656097 
2410	 0.256485015153885 
2411	 0.256282955408096 
2412	 0.256070017814636 
2413	 0.255761593580246 
2414	 0.255446255207062 
2415	 0.255138903856277 
2416	 0.254913359880447 
2417	 0.254625201225281 
2418	 0.254361033439636 
2419	 0.254206329584122 
2420	 0.253920406103134 
2421	 0.253605842590332 
2422	 0.253276437520981 
2423	 0.252892225980759 
2424	 0.25249770283699 
2425	 0.252197474241257 
2426	 0.251976758241653 
2427	 0.251672297716141 
2428	 0.251373142004013 
2429	 0.25112783908844 
2430	 0.250736862421036 
2431	 0.250296354293823 
2432	 0.249945014715195 
2433	 0.249526485800743 
2434	 0.249148577451706 
2435	 0.248844131827354 
2436	 0.248626977205276 
2437	 0.248421013355255 
2438	 0.248132109642029 
2439	 0.247948914766312 
2440	 0.247617334127426 
2441	 0.24714994430542 
2442	 0.246841102838516 
2443	 0.246404439210892 
2444	 0.245881989598274 
2445	 0.245554894208908 
2446	 0.245324566960335 
2447	 0.245024859905243 
2448	 0.244681313633919 
2449	 0.244415745139122 
2450	 0.244087636470795 
2451	 0.24368380010128 
2452	 0.243507012724876 
2453	 0.243466094136238 
2454	 0.243222147226334 
2455	 0.243069097399712 
2456	 0.24299481511116 
2457	 0.242601692676544 
2458	 0.242247149348259 
2459	 0.241991579532623 
2460	 0.24172767996788 
2461	 0.241593614220619 
2462	 0.241455346345901 
2463	 0.241364270448685 
2464	 0.241124466061592 
2465	 0.240767747163773 
2466	 0.240675747394562 
2467	 0.240534901618958 
2468	 0.240391120314598 
2469	 0.24041722714901 
2470	 0.240283161401749 
2471	 0.240088865160942 
2472	 0.239970803260803 
2473	 0.23994480073452 
2474	 0.239922106266022 
2475	 0.239706337451935 
2476	 0.239502549171448 
2477	 0.239280104637146 
2478	 0.23893678188324 
2479	 0.238790914416313 
2480	 0.238807752728462 
2481	 0.23878613114357 
2482	 0.238894060254097 
2483	 0.239059880375862 
2484	 0.239115104079247 
2485	 0.239419907331467 
2486	 0.239460721611977 
2487	 0.239354401826859 
2488	 0.239281833171844 
2489	 0.239149615168571 
2490	 0.239320442080498 
2491	 0.239185124635696 
2492	 0.238954678177834 
2493	 0.239044889807701 
2494	 0.238922074437141 
2495	 0.239154860377312 
2496	 0.239752292633057 
2497	 0.239876940846443 
2498	 0.240021035075188 
2499	 0.240168228745461 
2500	 0.240001052618027 
